8 0.25601 0.413253 0.146635 0.113253
6 0.432692 0.590361 0.134615 0.106024
6 0.179087 0.33253 0.0985577 0.0963855
6 0.83774 0.516867 0.141827 0.113253
6 0.540865 0.468675 0.0961538 0.0939759
8 0.591346 0.580723 0.105769 0.144578
8 0.496394 0.7 0.141827 0.180723
8 0.486779 0.928916 0.151442 0.13253
8 0.853365 0.612048 0.153846 0.086747
8 0.09375 0.566265 0.1875 0.250602
5 0.290865 0.704819 0.0432692 0.0698795
0 0.74399 0.784337 0.0456731 0.0506024
0 0.0865385 0.863855 0.0865385 0.0361446
0 0.0769231 0.753012 0.105769 0.0650602
