8 0.373798 0.437349 0.0456731 0.0554217
0 0.340144 0.684337 0.0456731 0.0337349
6 0.939904 0.375904 0.0240385 0.0240964
8 0.859375 0.460241 0.0552885 0.0722892
6 0.503606 0.415663 0.0216346 0.0216867
0 0.473558 0.543373 0.0192308 0.0168675
8 0.461538 0.445783 0.0336538 0.053012
8 0.501202 0.442169 0.03125 0.0409639
11 0.384615 0.561446 0.125 0.212048
8 0.373798 0.503614 0.0985577 0.0915663
6 0.715144 0.354217 0.0360577 0.0481928
6 0.137019 0.346988 0.0721154 0.0771084
9 0.71274 0.418072 0.0649038 0.0891566
8 0.129808 0.490361 0.153846 0.195181
11 0.132212 0.59759 0.158654 0.409639
0 0.463942 0.539759 0.0192308 0.0144578
7 0.467548 0.409639 0.0216346 0.0240964
7 0.371394 0.401205 0.0216346 0.026506
