6 0.126202 0.438702 0.132212 0.15625
6 0.751202 0.331731 0.21875 0.293269
7 0.300481 0.442308 0.0913462 0.129808
2 0.296875 0.448317 0.0745192 0.0408654
3 0.758413 0.353365 0.161058 0.0721154
3 0.120192 0.455529 0.0769231 0.0408654
5 0.706731 0.759615 0.0913462 0.0528846
5 0.300481 0.665865 0.0673077 0.0625
5 0.246394 0.701923 0.0504808 0.0432692
4 0.1875 0.764423 0.105769 0.0721154
9 0.305288 0.605769 0.168269 0.192308
8 0.0973558 0.61899 0.175481 0.233173
8 0.704327 0.628606 0.389423 0.319712
