6 0.336538 0.405048 0.0528846 0.0649038
7 0.135817 0.409856 0.0504808 0.0600962
7 0.251202 0.413462 0.0408654 0.0576923
7 0.289663 0.403846 0.03125 0.0528846
7 0.388221 0.411058 0.03125 0.0528846
7 0.419471 0.420673 0.03125 0.0528846
7 0.510817 0.394231 0.0408654 0.0576923
7 0.449519 0.418269 0.0240385 0.0336538
7 0.579327 0.376202 0.0528846 0.0697115
7 0.71274 0.401442 0.0552885 0.0769231
7 0.905048 0.383413 0.0793269 0.0889423
5 0.16226 0.522837 0.0360577 0.0408654
5 0.394231 0.545673 0.0240385 0.0384615
5 0.454327 0.546875 0.0240385 0.0360577
9 0.581731 0.449519 0.0913462 0.100962
9 0.515625 0.46875 0.0552885 0.0817308
9 0.418269 0.487981 0.0673077 0.0625
9 0.331731 0.485577 0.100962 0.0961538
9 0.896635 0.503606 0.100962 0.141827
9 0.705529 0.487981 0.0841346 0.105769
9 0.140625 0.47476 0.0793269 0.0793269
0 0.198317 0.66226 0.0504808 0.0408654
0 0.723558 0.737981 0.0432692 0.0528846
0 0.685096 0.716346 0.0625 0.0336538
0 0.600962 0.695913 0.0432692 0.0360577
0 0.555288 0.682692 0.0576923 0.0336538
0 0.846154 0.766827 0.0673077 0.0384615
0 0.879808 0.810096 0.0817308 0.0432692
0 0.879808 0.850962 0.0865385 0.0336538
0 0.83774 0.888221 0.0552885 0.0408654
0 0.728365 0.925481 0.0480769 0.0432692
0 0.688702 0.947115 0.0697115 0.0336538
0 0.598558 0.967548 0.0480769 0.0456731
0 0.555288 0.980769 0.0576923 0.0384615
0 0.36899 0.671875 0.0408654 0.0408654
0 0.316106 0.674279 0.03125 0.0456731
0 0.366587 0.985577 0.0408654 0.0288462
0 0.146635 0.675481 0.0336538 0.0384615
0 0.314904 0.984375 0.0336538 0.03125
0 0.439904 0.649038 0.0384615 0.0384615
11 0.581731 0.540865 0.0817308 0.269231
11 0.707933 0.564904 0.0697115 0.269231
11 0.882212 0.614183 0.0817308 0.362981
11 0.507212 0.532452 0.0576923 0.204327
