6 0.0817308 0.380723 0.0384615 0.0385542
11 0.373798 0.539759 0.112981 0.289157
8 0.0805288 0.445783 0.0697115 0.0819277
8 0.0324519 0.587952 0.0649038 0.274699
0 0.53726 0.749398 0.0360577 0.0578313
11 0.0336538 0.707229 0.0673077 0.571084
4 0.352163 0.636145 0.0408654 0.0481928
6 0.0348558 0.387952 0.0697115 0.125301
6 0.442308 0.671084 0.0961538 0.113253
6 0.554087 0.36988 0.0600962 0.0843373
8 0.373798 0.49759 0.112981 0.209639
8 0.533654 0.479518 0.105769 0.154217
11 0.533654 0.563855 0.105769 0.322892
6 0.41226 0.354217 0.0889423 0.106024
4 0.530048 0.522892 0.0408654 0.053012
8 0.352163 0.760241 0.151442 0.137349
3 0.55649 0.390361 0.0408654 0.0144578
