0 0.811298 0.73494 0.0360577 0.0240964
0 0.245192 0.696386 0.0288462 0.0240964
0 0.472356 0.684337 0.0264423 0.0240964
0 0.677885 0.66747 0.0240385 0.0240964
4 0.173077 0.636145 0.0240385 0.0240964
4 0.206731 0.63012 0.0240385 0.026506
4 0.8125 0.645783 0.0240385 0.0240964
4 0.774038 0.610843 0.0288462 0.026506
6 0.171875 0.561446 0.0360577 0.0385542
6 0.237981 0.566265 0.0288462 0.0240964
6 0.466346 0.575904 0.0288462 0.0240964
6 0.581731 0.578313 0.0240385 0.0240964
6 0.68149 0.575904 0.03125 0.0240964
6 0.831731 0.578313 0.0336538 0.0337349
6 0.799279 0.581928 0.0264423 0.0313253
9 0.235577 0.604819 0.0336538 0.0626506
9 0.169471 0.601205 0.0456731 0.0457831
9 0.467548 0.607229 0.0408654 0.0433735
9 0.579327 0.6 0.0336538 0.0289157
9 0.679087 0.6 0.03125 0.0289157
9 0.795673 0.621687 0.0288462 0.0385542
9 0.832933 0.627711 0.0408654 0.0506024
11 0.240385 0.628916 0.0528846 0.101205
11 0.473558 0.627711 0.0336538 0.0746988
11 0.575721 0.616867 0.03125 0.053012
