6 0.377404 0.496386 0.0576923 0.0674699
6 0.554087 0.5 0.0504808 0.0457831
6 0.71875 0.568675 0.0240385 0.0240964
6 0.102163 0.5 0.0408654 0.0506024
0 0.125 0.771084 0.0384615 0.0289157
0 0.078125 0.778313 0.03125 0.0337349
0 0.325721 0.801205 0.0408654 0.0313253
0 0.383413 0.792771 0.0264423 0.0240964
4 0.161058 0.493976 0.0240385 0.0337349
4 0.0516827 0.49759 0.03125 0.0361446
4 0.30649 0.568675 0.0264423 0.0337349
4 0.526442 0.556626 0.0240385 0.0337349
4 0.701923 0.638554 0.0240385 0.0240964
4 0.701923 0.56988 0.0240385 0.026506
9 0.100962 0.574699 0.0721154 0.0987952
9 0.378606 0.574699 0.0649038 0.0939759
9 0.56851 0.56988 0.0552885 0.0891566
9 0.741587 0.604819 0.0456731 0.053012
10 0.102163 0.63494 0.0793269 0.233735
11 0.370192 0.639759 0.0865385 0.233735
11 0.56851 0.618072 0.0600962 0.195181
0 0.546875 0.738554 0.03125 0.026506
