3 0.294471 0.256627 0.0985577 0.0409639
3 0.598558 0.272289 0.0865385 0.0578313
3 0.71274 0.266265 0.0745192 0.0554217
5 0.342548 0.519277 0.112981 0.0746988
5 0.701923 0.351807 0.0721154 0.0915663
6 0.265625 0.256627 0.151442 0.171084
6 0.603365 0.26506 0.115385 0.163855
7 0.727163 0.262651 0.137019 0.149398
8 0.260817 0.491566 0.237981 0.356627
8 0.548077 0.455422 0.225962 0.33253
8 0.78125 0.484337 0.235577 0.375904
11 0.257212 0.56747 0.245192 0.527711
11 0.548077 0.557831 0.235577 0.551807
11 0.782452 0.556626 0.233173 0.539759
