6 0.182692 0.432692 0.0288462 0.0432692
6 0.292067 0.411058 0.0408654 0.0576923
6 0.489183 0.420673 0.0552885 0.0769231
6 0.705529 0.372596 0.0745192 0.100962
5 0.673077 0.414663 0.0432692 0.0360577
5 0.69351 0.451923 0.0360577 0.0432692
4 0.449519 0.570913 0.0240385 0.0360577
9 0.688702 0.516827 0.108173 0.182692
9 0.484375 0.504808 0.0697115 0.100962
9 0.288462 0.478365 0.0528846 0.0913462
9 0.180288 0.483173 0.0432692 0.0673077
11 0.700721 0.61899 0.146635 0.40625
11 0.492788 0.558894 0.134615 0.247596
11 0.282452 0.52524 0.09375 0.185096
11 0.1875 0.501202 0.0769231 0.112981
