6 0.941106 0.426683 0.0456731 0.0552885
6 0.859375 0.460337 0.0889423 0.0985577
6 0.77524 0.426683 0.0456731 0.0600962
6 0.723558 0.396635 0.0625 0.0528846
6 0.706731 0.466346 0.0817308 0.0865385
6 0.522837 0.444712 0.0697115 0.0913462
6 0.455529 0.44351 0.0649038 0.09375
6 0.299279 0.459135 0.0600962 0.0721154
6 0.367788 0.43149 0.0432692 0.0841346
3 0.846154 0.467548 0.0432692 0.03125
3 0.698317 0.471154 0.0456731 0.0336538
9 0.856971 0.591346 0.09375 0.115385
9 0.704327 0.572115 0.0913462 0.105769
9 0.536058 0.549279 0.0721154 0.0985577
9 0.461538 0.533654 0.0721154 0.0913462
9 0.409856 0.516827 0.0360577 0.0865385
9 0.367788 0.514423 0.0432692 0.0769231
9 0.959135 0.498798 0.0480769 0.0841346
