5 0.240385 0.686747 0.0384615 0.053012
3 0.403846 0.404819 0.0528846 0.0192771
3 0.176683 0.428916 0.0408654 0.0192771
9 0.824519 0.63012 0.173077 0.248193
5 0.0913462 0.715663 0.0480769 0.0385542
5 0.331731 0.631325 0.0384615 0.0385542
11 0.149038 0.645783 0.1875 0.318072
6 0.816106 0.445783 0.103365 0.115663
7 0.592548 0.419277 0.0793269 0.086747
9 0.146635 0.591566 0.1875 0.228916
6 0.401442 0.398795 0.0817308 0.0939759
9 0.604567 0.538554 0.141827 0.156627
6 0.163462 0.425301 0.0961538 0.103614
9 0.387019 0.524096 0.163462 0.175904
11 0.600962 0.651807 0.153846 0.392771
11 0.389423 0.614458 0.163462 0.366265
11 0.826923 0.671084 0.177885 0.344578
3 0.807692 0.453012 0.0721154 0.0240964
3 0.58774 0.416867 0.0552885 0.0240964
