0 0.859375 0.78125 0.0552885 0.0336538
11 0.870192 0.667067 0.0673077 0.185096
6 0.850962 0.557692 0.0480769 0.0576923
9 0.86899 0.628606 0.0649038 0.108173
4 0.377404 0.719952 0.0192308 0.0216346
6 0.528846 0.622596 0.0288462 0.0288462
6 0.415865 0.685096 0.0336538 0.0336538
6 0.379808 0.634615 0.0288462 0.0288462
11 0.417067 0.766827 0.0552885 0.134615
11 0.370192 0.715144 0.0336538 0.132212
9 0.372596 0.6875 0.0288462 0.0721154
9 0.415865 0.759615 0.0480769 0.105769
9 0.53125 0.664663 0.0432692 0.0552885
