10 0.491587 0.53125 0.122596 0.129808
6 0.612981 0.366587 0.0673077 0.0697115
6 0.709135 0.580529 0.0817308 0.0889423
6 0.473558 0.432692 0.0625 0.0769231
6 0.822115 0.495192 0.0576923 0.0673077
10 0.677885 0.700721 0.115385 0.204327
10 0.842548 0.752404 0.209135 0.168269
4 0.825721 0.566106 0.0600962 0.0408654
4 0.592548 0.47476 0.0264423 0.03125
4 0.526442 0.459135 0.0336538 0.0288462
4 0.69351 0.475962 0.03125 0.0288462
4 0.945913 0.573317 0.0552885 0.0456731
4 0.730769 0.768029 0.0288462 0.0264423
6 0.908654 0.635817 0.115385 0.0793269
