11 0.521635 0.684337 0.225962 0.342169
5 0.0132212 0.590361 0.0264423 0.0578313
3 0.246394 0.472289 0.0552885 0.0192771
5 0.594952 0.527711 0.0552885 0.0481928
11 0.0564904 0.680723 0.112981 0.373494
3 0.617788 0.46506 0.0432692 0.0192771
9 0.540865 0.610843 0.235577 0.214458
2 0.768029 0.442169 0.0841346 0.0361446
11 0.24399 0.66506 0.209135 0.322892
3 0.367788 0.460241 0.0480769 0.0192771
11 0.90024 0.686747 0.199519 0.385542
6 0.471154 0.425301 0.0480769 0.0843373
3 0.915865 0.445783 0.0817308 0.0240964
2 0.533654 0.460241 0.0673077 0.0240964
5 0.201923 0.740964 0.0480769 0.0457831
9 0.899038 0.631325 0.197115 0.26988
5 0.257212 0.743374 0.0528846 0.0554217
9 0.0564904 0.633735 0.112981 0.279518
9 0.248798 0.637349 0.204327 0.262651
6 0.25 0.449398 0.0961538 0.127711
5 0.859375 0.798795 0.0600962 0.0746988
6 0.362981 0.449398 0.0769231 0.103614
6 0.627404 0.456627 0.0769231 0.0987952
6 0.530048 0.443374 0.09375 0.139759
6 0.914663 0.428916 0.103365 0.13494
6 0.768029 0.431325 0.0889423 0.13012
9 0.740385 0.628916 0.163462 0.274699
6 0.0432692 0.448193 0.0865385 0.115663
11 0.727163 0.687952 0.189904 0.39759
11 0.0336538 0.461446 0.0576923 0.0168675
