6 0.896635 0.433735 0.0480769 0.0674699
6 0.822115 0.420482 0.0240385 0.0361446
6 0.766827 0.420482 0.0480769 0.0554217
6 0.621394 0.415663 0.0552885 0.060241
6 0.683894 0.43012 0.0504808 0.0554217
6 0.477163 0.418072 0.0552885 0.0650602
6 0.338942 0.421687 0.0576923 0.0722892
6 0.230769 0.418072 0.0625 0.0843373
6 0.109375 0.406024 0.0504808 0.0698795
6 0.0396635 0.437349 0.03125 0.0361446
6 0.0120192 0.440964 0.0240385 0.0289157
6 0.28125 0.431325 0.0336538 0.0481928
5 0.173077 0.606024 0.0336538 0.060241
5 0.0504808 0.574699 0.0288462 0.0506024
5 0.323317 0.559036 0.0360577 0.0481928
5 0.46875 0.542169 0.0336538 0.0385542
5 0.521635 0.585542 0.0240385 0.0433735
5 0.563702 0.578313 0.03125 0.053012
5 0.653846 0.583133 0.0240385 0.0433735
5 0.84375 0.559036 0.0240385 0.0433735
9 0.46274 0.508434 0.0697115 0.0963855
9 0.340144 0.506024 0.0793269 0.0963855
9 0.207933 0.524096 0.0793269 0.122892
9 0.112981 0.525301 0.110577 0.139759
9 0.608173 0.506024 0.0961538 0.106024
9 0.698317 0.519277 0.0600962 0.113253
9 0.760817 0.492771 0.0552885 0.0795181
9 0.883413 0.509639 0.0600962 0.0843373
0 0.492788 0.755422 0.0432692 0.0457831
0 0.46875 0.728916 0.0288462 0.026506
0 0.344952 0.748193 0.0504808 0.0313253
0 0.385817 0.73012 0.0504808 0.0289157
0 0.217548 0.792771 0.0456731 0.053012
0 0.240385 0.762651 0.0432692 0.0361446
0 0.217548 0.871084 0.0552885 0.0313253
0 0.237981 0.896386 0.0336538 0.0240964
0 0.133413 0.738554 0.0456731 0.0409639
0 0.0925481 0.715663 0.03125 0.0385542
0 0.132212 0.928916 0.0432692 0.0361446
0 0.0961538 0.946988 0.0336538 0.0337349
0 0.346154 0.920482 0.0432692 0.0240964
0 0.382212 0.933735 0.0480769 0.0313253
0 0.495192 0.904819 0.0384615 0.0409639
0 0.689904 0.731325 0.0480769 0.0361446
0 0.894231 0.7 0.0336538 0.0361446
0 0.893029 0.96747 0.0360577 0.0313253
0 0.6875 0.943374 0.0528846 0.0361446
0 0.581731 0.754217 0.0336538 0.0337349
0 0.585337 0.906024 0.0264423 0.0433735
11 0.598558 0.583133 0.0721154 0.26988
11 0.467548 0.581928 0.0697115 0.248193
11 0.34375 0.581928 0.0865385 0.248193
11 0.210337 0.603614 0.0600962 0.291566
11 0.110577 0.568675 0.0913462 0.255422
11 0.700721 0.584337 0.0697115 0.238554
11 0.891827 0.566265 0.0625 0.19759
