6 0.133413 0.524096 0.03125 0.0361446
6 0.231971 0.455422 0.0264423 0.0337349
6 0.34976 0.472289 0.0264423 0.0337349
6 0.501202 0.560241 0.0264423 0.0361446
6 0.5 0.722892 0.0336538 0.0337349
6 0.348558 0.707229 0.0288462 0.0409639
6 0.30649 0.722892 0.03125 0.0385542
9 0.350962 0.516867 0.0336538 0.0554217
9 0.350962 0.750602 0.0384615 0.0409639
9 0.227163 0.50241 0.03125 0.0554217
9 0.293269 0.778313 0.0336538 0.0722892
0 0.120192 0.621687 0.0240385 0.0240964
0 0.15625 0.620482 0.0240385 0.026506
11 0.234375 0.526506 0.0504808 0.103614
11 0.354567 0.540964 0.0456731 0.0987952
