4 0.876202 0.449398 0.0456731 0.0795181
3 0.44351 0.486747 0.0552885 0.0385542
3 0.816106 0.390361 0.0841346 0.0433735
6 0.80649 0.380723 0.117788 0.178313
6 0.451923 0.479518 0.0769231 0.101205
6 0.300481 0.538554 0.0528846 0.0987952
6 0.198317 0.56506 0.0456731 0.060241
6 0.143029 0.590361 0.0360577 0.0481928
6 0.110577 0.591566 0.0288462 0.0457831
6 0.0817308 0.598795 0.0240385 0.0361446
6 0.0576923 0.613253 0.0240385 0.0313253
8 0.808894 0.587952 0.233173 0.274699
8 0.46274 0.619277 0.137019 0.207229
8 0.316106 0.631325 0.0985577 0.139759
8 0.239183 0.622892 0.0745192 0.0939759
8 0.159856 0.63012 0.0504808 0.0746988
8 0.121394 0.63012 0.0408654 0.060241
8 0.0841346 0.63253 0.0384615 0.0409639
11 0.801683 0.619277 0.228365 0.342169
11 0.467548 0.640964 0.151442 0.250602
11 0.328125 0.642169 0.122596 0.185542
11 0.236779 0.642169 0.0745192 0.142169
11 0.164663 0.640964 0.0552885 0.0963855
11 0.117788 0.633735 0.0336538 0.0722892
11 0.0853365 0.639759 0.0408654 0.0506024
