3 0.0877404 0.310096 0.0456731 0.0288462
11 0.545673 0.53125 0.0625 0.221154
0 0.830529 0.670673 0.0360577 0.0192308
6 0.222356 0.382212 0.0456731 0.0480769
0 0.799279 0.673077 0.0360577 0.0288462
11 0.665865 0.538462 0.0576923 0.211538
9 0.543269 0.469952 0.0576923 0.0889423
0 0.528846 0.671875 0.0384615 0.03125
0 0.171875 0.793269 0.0552885 0.0432692
0 0.0853365 0.838942 0.103365 0.0480769
0 0.685096 0.653846 0.0432692 0.0288462
9 0.668269 0.479567 0.0576923 0.09375
0 0.557692 0.65625 0.0288462 0.0288462
0 0.733173 0.633413 0.0336538 0.0168269
0 0.310096 0.75 0.0528846 0.0384615
0 0.217548 0.766827 0.0600962 0.0336538
9 0.324519 0.477163 0.100962 0.146635
9 0.823317 0.501202 0.0793269 0.103365
0 0.49399 0.790865 0.0408654 0.0288462
6 0.539663 0.407452 0.0456731 0.0552885
0 0.65625 0.663462 0.0384615 0.0288462
11 0.713942 0.534856 0.0528846 0.180288
6 0.671875 0.408654 0.0456731 0.0528846
9 0.473558 0.477163 0.105769 0.127404
0 0.467548 0.820913 0.0552885 0.0504808
9 0.715144 0.484375 0.0504808 0.0745192
6 0.811298 0.425481 0.0504808 0.0528846
6 0.71274 0.426683 0.0408654 0.0456731
11 0.823317 0.550481 0.0793269 0.201923
11 0.323317 0.560096 0.0985577 0.3125
11 0.0625 0.575721 0.125 0.430288
6 0.324519 0.373798 0.0673077 0.0649038
11 0.171875 0.573317 0.112981 0.382212
9 0.170673 0.461538 0.115385 0.153846
11 0.473558 0.591346 0.110577 0.360577
9 0.0637019 0.444712 0.127404 0.168269
6 0.147837 0.346154 0.0697115 0.0673077
6 0.486779 0.376202 0.0745192 0.0793269
6 0.0709135 0.311298 0.09375 0.09375
