3 0.360577 0.28125 0.0384615 0.0336538
3 0.832933 0.36899 0.03125 0.0360577
4 0.388221 0.457933 0.0697115 0.0745192
4 0.786058 0.578125 0.0480769 0.0408654
4 0.609375 0.487981 0.0456731 0.0480769
5 0.88101 0.569712 0.0408654 0.0721154
6 0.752404 0.382212 0.0961538 0.0865385
6 0.842548 0.340144 0.0841346 0.09375
6 0.980769 0.348558 0.0384615 0.0625
6 0.679087 0.432692 0.0697115 0.0625
7 0.344952 0.259615 0.127404 0.110577
9 0.262019 0.359375 0.0961538 0.170673
9 0.705529 0.512019 0.0985577 0.125
9 0.891827 0.459135 0.0817308 0.139423
9 0.808894 0.524038 0.122596 0.177885
11 0.274038 0.487981 0.115385 0.418269
11 0.88101 0.549279 0.0745192 0.34375
11 0.810096 0.626202 0.125 0.367788
