6 0.264423 0.178313 0.0384615 0.0578313
6 0.486779 0.203614 0.0408654 0.0506024
6 0.550481 0.375904 0.0336538 0.0433735
6 0.586538 0.613253 0.0480769 0.0554217
6 0.352163 0.613253 0.0408654 0.0409639
7 0.117788 0.556626 0.0288462 0.0337349
7 0.263221 0.590361 0.03125 0.0337349
7 0.735577 0.698795 0.0528846 0.053012
7 0.981971 0.779518 0.0360577 0.0698795
4 0.257212 0.26747 0.0240385 0.0289157
4 0.512019 0.685542 0.0336538 0.026506
9 0.116587 0.592771 0.0360577 0.0481928
9 0.260817 0.644578 0.0456731 0.060241
9 0.366587 0.678313 0.0697115 0.0795181
9 0.58774 0.693976 0.0504808 0.0963855
5 0.626202 0.662651 0.0408654 0.0337349
9 0.717548 0.771084 0.0697115 0.144578
5 0.853365 0.822892 0.0336538 0.0409639
5 0.921875 0.873494 0.0456731 0.0361446
5 0.454327 0.619277 0.0240385 0.0385542
9 0.548077 0.433735 0.0576923 0.0771084
9 0.510817 0.257831 0.0649038 0.0771084
4 0.334135 0.212048 0.0240385 0.0289157
4 0.492788 0.375904 0.0240385 0.0289157
9 0.24399 0.227711 0.0504808 0.0795181
10 0.552885 0.483133 0.0721154 0.175904
10 0.237981 0.260241 0.0721154 0.154217
10 0.703125 0.828916 0.0985577 0.26506
10 0.58774 0.742169 0.0600962 0.19759
