9 0.346154 0.614458 0.0384615 0.0578313
9 0.280048 0.622892 0.0504808 0.0554217
0 0.411058 0.707229 0.0192308 0.0168675
9 0.414663 0.619277 0.03125 0.053012
10 0.28125 0.643373 0.0528846 0.101205
11 0.466346 0.668675 0.0432692 0.127711
10 0.133413 0.614458 0.0456731 0.125301
8 0.133413 0.579518 0.0456731 0.0554217
6 0.139423 0.548193 0.0288462 0.0313253
6 0.407452 0.574699 0.03125 0.0361446
6 0.331731 0.571084 0.0336538 0.0385542
6 0.456731 0.598795 0.0288462 0.0313253
9 0.466346 0.637349 0.0432692 0.060241
0 0.270433 0.70241 0.03125 0.0168675
0 0.426683 0.710843 0.0168269 0.0144578
4 0.429087 0.638554 0.0168269 0.0144578
4 0.40024 0.649398 0.0168269 0.0168675
4 0.270433 0.639759 0.0168269 0.0168675
4 0.155048 0.614458 0.0168269 0.0144578
4 0.132212 0.614458 0.0192308 0.0144578
