7 0.93149 0.357831 0.0552885 0.0795181
7 0.783654 0.333735 0.0673077 0.0891566
7 0.665865 0.328916 0.0673077 0.0891566
7 0.555288 0.322892 0.0673077 0.086747
7 0.147837 0.324096 0.0793269 0.0987952
7 0.222356 0.3 0.0697115 0.0939759
7 0.308894 0.312048 0.0697115 0.0891566
7 0.399038 0.314458 0.0769231 0.0939759
5 0.158654 0.533735 0.0480769 0.0457831
5 0.260817 0.527711 0.0360577 0.0626506
5 0.424279 0.456627 0.03125 0.0409639
5 0.436298 0.345783 0.0360577 0.0554217
5 0.949519 0.53012 0.0336538 0.0385542
9 0.125 0.453012 0.100962 0.19759
3 0.158654 0.320482 0.0480769 0.0337349
3 0.234375 0.303614 0.0408654 0.0385542
3 0.5625 0.327711 0.0432692 0.0289157
3 0.78726 0.333735 0.0504808 0.0313253
3 0.93149 0.356627 0.0504808 0.0289157
2 0.314904 0.312048 0.0625 0.0313253
2 0.399038 0.312048 0.0625 0.0361446
2 0.664663 0.325301 0.0504808 0.0337349
9 0.223558 0.437349 0.0961538 0.2
9 0.310096 0.443374 0.0721154 0.178313
9 0.402644 0.439759 0.103365 0.180723
9 0.53726 0.439759 0.0985577 0.161446
9 0.665865 0.457831 0.100962 0.173494
9 0.800481 0.453012 0.110577 0.168675
9 0.925481 0.472289 0.0913462 0.149398
