0 0.195913 0.955529 0.0600962 0.0408654
0 0.236779 0.980769 0.0649038 0.0384615
5 0.16226 0.811298 0.0504808 0.0408654
5 0.430288 0.862981 0.0480769 0.0480769
5 0.0925481 0.814904 0.0504808 0.0432692
6 0.199519 0.665865 0.0625 0.0721154
6 0.0444712 0.665865 0.0600962 0.0721154
6 0.419471 0.667067 0.0600962 0.0649038
6 0.420673 0.528846 0.0240385 0.0288462
9 0.207933 0.75601 0.0745192 0.112981
9 0.425481 0.765625 0.100962 0.112981
9 0.421875 0.554087 0.0360577 0.0408654
11 0.211538 0.830529 0.0721154 0.252404
11 0.421875 0.569712 0.03125 0.0721154
11 0.435096 0.841346 0.120192 0.259615
