2 0.278846 0.379518 0.0480769 0.026506
2 0.382212 0.39759 0.0528846 0.0337349
2 0.0637019 0.386747 0.0552885 0.0313253
3 0.509615 0.390361 0.0528846 0.0289157
3 0.795673 0.384337 0.0432692 0.0409639
5 0.324519 0.603614 0.0432692 0.0409639
5 0.491587 0.520482 0.0697115 0.0578313
5 0.560096 0.574699 0.0432692 0.0554217
5 0.71875 0.596386 0.0336538 0.0554217
5 0.844952 0.63494 0.0745192 0.0746988
5 0.929087 0.556626 0.0360577 0.053012
5 0.454327 0.639759 0.0384615 0.0650602
7 0.0649038 0.386747 0.0625 0.0891566
7 0.294471 0.378313 0.0793269 0.0915663
7 0.387019 0.390361 0.0769231 0.086747
7 0.519231 0.379518 0.0817308 0.103614
7 0.65625 0.373494 0.0961538 0.110843
7 0.817308 0.36506 0.0913462 0.118072
7 0.953125 0.371084 0.0552885 0.086747
7 0.902644 0.375904 0.0408654 0.0674699
9 0.0829327 0.495181 0.141827 0.146988
9 0.27524 0.509639 0.0841346 0.156627
9 0.388221 0.519277 0.112981 0.166265
9 0.676683 0.509639 0.0889423 0.142169
9 0.834135 0.516867 0.144231 0.180723
9 0.526442 0.462651 0.139423 0.0819277
