7 0.159856 0.453125 0.0697115 0.108173
7 0.259615 0.465144 0.0625 0.0841346
7 0.512019 0.425481 0.0865385 0.125
6 0.0829327 0.424279 0.0456731 0.0745192
6 0.387019 0.460337 0.0673077 0.108173
6 0.600962 0.424279 0.0625 0.09375
7 0.657452 0.46875 0.0745192 0.100962
6 0.844952 0.487981 0.0985577 0.115385
3 0.159856 0.459135 0.0552885 0.0288462
3 0.260817 0.463942 0.0504808 0.0288462
3 0.512019 0.426683 0.0721154 0.03125
3 0.663462 0.46875 0.0528846 0.0288462
3 0.388221 0.465144 0.0504808 0.03125
5 0.102163 0.701923 0.03125 0.0432692
5 0.221154 0.69351 0.0288462 0.0408654
5 0.59375 0.669471 0.0480769 0.0456731
5 0.917067 0.772837 0.03125 0.0456731
9 0.153846 0.584135 0.100962 0.153846
9 0.257212 0.557692 0.0961538 0.110577
9 0.366587 0.603365 0.0793269 0.163462
9 0.492788 0.58774 0.115385 0.175481
9 0.653846 0.582933 0.100962 0.141827
9 0.842548 0.632212 0.0889423 0.153846
11 0.853365 0.747596 0.115385 0.389423
