3 0.389423 0.473494 0.115385 0.0554217
3 0.747596 0.445783 0.0961538 0.0626506
4 0.579327 0.644578 0.139423 0.0939759
4 0.615385 0.474699 0.0913462 0.101205
4 0.69351 0.504819 0.0745192 0.0987952
6 0.342548 0.471084 0.151442 0.2
6 0.800481 0.40241 0.221154 0.226506
9 0.331731 0.743374 0.201923 0.383133
9 0.0552885 0.518072 0.0913462 0.144578
9 0.198317 0.479518 0.0889423 0.0915663
9 0.899038 0.716867 0.201923 0.392771
6 0.0757212 0.408434 0.0841346 0.0987952
6 0.207933 0.396386 0.0697115 0.0891566
