0 0.222356 0.848558 0.0649038 0.0480769
0 0.257212 0.825721 0.0528846 0.0408654
0 0.311298 0.80649 0.0408654 0.0504808
0 0.364183 0.793269 0.0649038 0.0384615
0 0.461538 0.799279 0.0336538 0.0408654
0 0.515625 0.799279 0.0504808 0.03125
0 0.546875 0.737981 0.0408654 0.0288462
0 0.598558 0.741587 0.0432692 0.0264423
0 0.629808 0.759615 0.0432692 0.0384615
0 0.694712 0.759615 0.0384615 0.0288462
0 0.723558 0.800481 0.0625 0.0336538
0 0.753606 0.822115 0.0456731 0.0336538
2 0.200721 0.466346 0.0456731 0.0336538
2 0.469952 0.483173 0.0504808 0.0240385
5 0.109375 0.68149 0.0360577 0.0504808
5 0.522837 0.564904 0.03125 0.0336538
5 0.572115 0.59375 0.0336538 0.0336538
6 0.0709135 0.436298 0.09375 0.141827
6 0.176683 0.459135 0.0889423 0.100962
6 0.247596 0.484375 0.0625 0.0841346
6 0.335337 0.46875 0.0649038 0.0721154
6 0.465144 0.477163 0.0697115 0.0841346
6 0.573317 0.469952 0.0504808 0.0649038
6 0.658654 0.46274 0.0528846 0.0697115
6 0.745192 0.457933 0.0576923 0.0841346
6 0.793269 0.478365 0.0673077 0.0865385
6 0.913462 0.418269 0.129808 0.153846
9 0.0504808 0.617788 0.0913462 0.245192
9 0.163462 0.58774 0.100962 0.161058
9 0.233173 0.580529 0.0817308 0.122596
9 0.330529 0.557692 0.0889423 0.105769
9 0.461538 0.557692 0.0913462 0.0961538
9 0.569712 0.543269 0.0913462 0.0865385
9 0.66226 0.549279 0.09375 0.108173
9 0.739183 0.55649 0.0600962 0.112981
9 0.80649 0.584135 0.0745192 0.129808
9 0.925481 0.657452 0.149038 0.295673
11 0.0420673 0.711538 0.0841346 0.389423
11 0.15024 0.686298 0.0985577 0.358173
11 0.240385 0.641827 0.0865385 0.25
11 0.330529 0.621394 0.0889423 0.242788
11 0.465144 0.63101 0.117788 0.252404
11 0.573317 0.596154 0.0745192 0.192308
11 0.657452 0.58774 0.0841346 0.199519
11 0.74399 0.635817 0.0697115 0.271635
11 0.805288 0.658654 0.0769231 0.264423
