0 0.614183 0.741587 0.0408654 0.0456731
0 0.551683 0.736779 0.0360577 0.0408654
2 0.777644 0.409856 0.0697115 0.0360577
2 0.572115 0.401442 0.0432692 0.0240385
3 0.129808 0.421875 0.0336538 0.0264423
3 0.292067 0.399038 0.0552885 0.0336538
3 0.472356 0.397837 0.0504808 0.03125
3 0.716346 0.430288 0.0480769 0.0240385
5 0.860577 0.703125 0.0576923 0.0697115
5 0.730769 0.66226 0.0240385 0.0552885
7 0.127404 0.427885 0.0528846 0.0673077
7 0.266827 0.405048 0.0961538 0.112981
7 0.463942 0.403846 0.0769231 0.0865385
7 0.569712 0.405048 0.0576923 0.0649038
7 0.721154 0.433894 0.0673077 0.0889423
7 0.804087 0.419471 0.108173 0.112981
9 0.245192 0.545673 0.144231 0.177885
9 0.121394 0.510817 0.0841346 0.0985577
9 0.460337 0.521635 0.122596 0.153846
9 0.564904 0.496394 0.0961538 0.127404
9 0.700721 0.550481 0.0793269 0.129808
9 0.807692 0.582933 0.149038 0.213942
11 0.117788 0.578125 0.0817308 0.228365
11 0.251202 0.626202 0.15625 0.324519
11 0.469952 0.58774 0.141827 0.286058
11 0.573317 0.560096 0.103365 0.25
11 0.6875 0.634615 0.0576923 0.293269
11 0.793269 0.652644 0.115385 0.338942
