6 0.457831 0.293269 0.110843 0.149038
6 0.720482 0.242788 0.13012 0.149038
6 0.940964 0.242788 0.118072 0.149038
0 0.516867 0.90024 0.060241 0.0504808
0 0.333735 0.938702 0.060241 0.0408654
0 0.645783 0.899038 0.0771084 0.0480769
0 0.739759 0.825721 0.0578313 0.0552885
0 0.926506 0.83774 0.0506024 0.0264423
9 0.448193 0.429087 0.231325 0.271635
9 0.693976 0.393029 0.20241 0.252404
9 0.93253 0.40024 0.13494 0.247596
10 0.445783 0.582933 0.226506 0.579327
10 0.687952 0.570913 0.195181 0.603365
10 0.93253 0.548077 0.13494 0.543269
