2 0.230769 0.342548 0.0576923 0.0408654
3 0.304087 0.375 0.0552885 0.0288462
3 0.435096 0.40024 0.0480769 0.03125
3 0.526442 0.393029 0.0432692 0.03125
3 0.665865 0.38101 0.0528846 0.03125
3 0.716346 0.359375 0.0528846 0.03125
3 0.760817 0.251202 0.0600962 0.03125
5 0.265625 0.645433 0.0504808 0.0649038
5 0.296875 0.554087 0.0360577 0.0649038
5 0.459135 0.552885 0.0432692 0.0432692
5 0.487981 0.646635 0.0336538 0.0384615
5 0.602163 0.65625 0.0408654 0.0769231
5 0.746394 0.46274 0.0456731 0.0504808
5 0.820913 0.515625 0.0841346 0.0697115
6 0.112981 0.382212 0.0817308 0.0721154
6 0.204327 0.347356 0.0961538 0.122596
6 0.289663 0.379808 0.0697115 0.0913462
6 0.429087 0.401442 0.0649038 0.105769
6 0.540865 0.394231 0.0769231 0.0961538
6 0.668269 0.387019 0.0576923 0.0769231
6 0.729567 0.370192 0.0793269 0.105769
6 0.799279 0.247596 0.127404 0.168269
9 0.0709135 0.530048 0.103365 0.185096
9 0.19351 0.530048 0.180288 0.271635
9 0.314904 0.501202 0.0913462 0.175481
9 0.426683 0.516827 0.112981 0.177885
9 0.558894 0.524038 0.127404 0.177885
9 0.676683 0.507212 0.0985577 0.182692
9 0.741587 0.518029 0.0697115 0.185096
9 0.88101 0.449519 0.237981 0.283654
11 0.0685096 0.65625 0.103365 0.432692
11 0.194712 0.640625 0.1875 0.492788
11 0.319712 0.651442 0.0913462 0.456731
11 0.435096 0.652644 0.120192 0.449519
11 0.55649 0.655048 0.132212 0.439904
11 0.676683 0.629808 0.103365 0.418269
11 0.739183 0.590144 0.0745192 0.338942
11 0.884615 0.572115 0.230769 0.605769
