7 0.473558 0.336538 0.0865385 0.115385
7 0.573317 0.286058 0.0889423 0.110577
7 0.75601 0.269231 0.0697115 0.115385
7 0.83774 0.282452 0.103365 0.112981
3 0.746394 0.259615 0.0504808 0.0384615
2 0.466346 0.342548 0.0673077 0.0360577
2 0.558894 0.271635 0.0600962 0.0336538
5 0.644231 0.405048 0.0480769 0.0552885
5 0.973558 0.579327 0.0288462 0.0528846
9 0.490385 0.483173 0.125 0.173077
9 0.746394 0.415865 0.103365 0.192308
9 0.865385 0.436298 0.120192 0.199519
11 0.490385 0.585337 0.134615 0.391827
11 0.746394 0.521635 0.108173 0.408654
11 0.861779 0.545673 0.132212 0.413462
