1 0.551683 0.674279 0.0456731 0.0360577
1 0.49399 0.68149 0.0360577 0.0408654
1 0.448317 0.647837 0.03125 0.03125
1 0.425481 0.658654 0.0240385 0.0240385
1 0.384615 0.734375 0.0336538 0.0504808
3 0.21274 0.300481 0.0552885 0.0288462
3 0.30649 0.384615 0.03125 0.0288462
3 0.394231 0.384615 0.0384615 0.0240385
3 0.448317 0.40625 0.0264423 0.0240385
3 0.575721 0.394231 0.03125 0.0240385
2 0.542067 0.389423 0.0360577 0.0240385
5 0.18149 0.605769 0.0697115 0.0576923
5 0.43149 0.519231 0.0600962 0.0480769
5 0.375 0.507212 0.0576923 0.0384615
5 0.484375 0.534856 0.03125 0.03125
5 0.576923 0.528846 0.0240385 0.0288462
1 0.346154 0.68149 0.0384615 0.0456731
7 0.1875 0.30649 0.110577 0.122596
7 0.22476 0.375 0.0456731 0.0673077
7 0.280048 0.379808 0.0745192 0.0865385
7 0.359375 0.395433 0.0456731 0.0456731
7 0.399038 0.384615 0.0432692 0.0673077
7 0.445913 0.40625 0.0360577 0.0432692
7 0.538462 0.389423 0.0480769 0.0625
7 0.576923 0.396635 0.0288462 0.0432692
7 0.646635 0.417067 0.0240385 0.0264423
7 0.594952 0.418269 0.0264423 0.0336538
7 0.610577 0.415865 0.0240385 0.0288462
9 0.141827 0.481971 0.177885 0.233173
9 0.27524 0.498798 0.108173 0.170673
9 0.393029 0.478365 0.108173 0.139423
9 0.453125 0.463942 0.0504808 0.100962
9 0.528846 0.459135 0.100962 0.105769
9 0.614183 0.442308 0.0264423 0.0432692
9 0.639423 0.448317 0.0336538 0.0456731
11 0.140625 0.588942 0.194712 0.451923
11 0.27524 0.608173 0.112981 0.413462
11 0.377404 0.555288 0.105769 0.293269
1 0.417067 0.722356 0.0456731 0.0456731
11 0.450721 0.521635 0.0504808 0.245192
11 0.53125 0.528846 0.100962 0.254808
11 0.614183 0.457933 0.0264423 0.0889423
11 0.638221 0.459135 0.03125 0.0769231
