6 0.106971 0.313702 0.0889423 0.141827
6 0.272837 0.397837 0.0649038 0.09375
6 0.394231 0.387019 0.0961538 0.110577
6 0.487981 0.387019 0.0528846 0.0625
6 0.617788 0.393029 0.0625 0.0889423
6 0.763221 0.409856 0.0456731 0.0649038
6 0.710337 0.389423 0.0745192 0.105769
6 0.871394 0.414663 0.0649038 0.0649038
6 0.942308 0.401442 0.0528846 0.0673077
5 0.19351 0.640625 0.03125 0.0745192
5 0.0144231 0.629808 0.0288462 0.0721154
5 0.286058 0.5 0.0384615 0.0240385
5 0.401442 0.665865 0.0432692 0.0480769
5 0.447115 0.50601 0.0432692 0.0360577
5 0.512019 0.435096 0.0432692 0.0480769
5 0.538462 0.463942 0.0288462 0.0384615
5 0.65625 0.492788 0.0384615 0.0336538
5 0.674279 0.539663 0.0408654 0.0408654
5 0.860577 0.574519 0.0432692 0.0432692
9 0.100962 0.490385 0.144231 0.211538
9 0.272837 0.504808 0.0889423 0.129808
9 0.377404 0.528846 0.100962 0.177885
9 0.497596 0.491587 0.0865385 0.117788
9 0.620192 0.518029 0.0817308 0.132212
9 0.71274 0.516827 0.0841346 0.153846
9 0.895433 0.512019 0.0985577 0.115385
0 0.88101 0.774038 0.03125 0.0432692
0 0.61899 0.858173 0.0600962 0.0480769
0 0.530048 0.764423 0.0600962 0.0480769
0 0.471154 0.771635 0.0336538 0.0384615
0 0.307692 0.778846 0.0625 0.0432692
11 0.100962 0.585337 0.153846 0.40625
11 0.271635 0.578125 0.0961538 0.290865
11 0.377404 0.617788 0.100962 0.375
11 0.5 0.569712 0.0913462 0.283654
11 0.620192 0.573317 0.0913462 0.262019
11 0.722356 0.622596 0.112981 0.370192
11 0.897837 0.584135 0.103365 0.288462
