0 0.228365 0.673494 0.0336538 0.0361446
0 0.272837 0.672289 0.0456731 0.0385542
0 0.40024 0.666265 0.0360577 0.0409639
0 0.435096 0.668675 0.0336538 0.0361446
0 0.55649 0.671084 0.03125 0.0409639
0 0.596154 0.669879 0.0336538 0.0433735
0 0.737981 0.674699 0.0288462 0.0289157
0 0.783654 0.675904 0.0432692 0.0313253
1 0.138221 0.668675 0.0264423 0.0409639
1 0.16226 0.666265 0.0264423 0.0409639
1 0.326923 0.668675 0.0384615 0.0409639
1 0.471154 0.669879 0.0336538 0.0481928
1 0.512019 0.668675 0.0288462 0.0457831
1 0.655048 0.662651 0.0264423 0.0433735
1 0.674279 0.66506 0.0264423 0.0433735
5 0.442308 0.443374 0.0432692 0.0385542
5 0.592548 0.425301 0.0456731 0.0361446
5 0.5625 0.483133 0.0432692 0.0361446
5 0.598558 0.456627 0.0384615 0.026506
5 0.733173 0.474699 0.0432692 0.0385542
5 0.792067 0.461446 0.0360577 0.0409639
7 0.155048 0.372289 0.0649038 0.0650602
7 0.265625 0.390361 0.0456731 0.0481928
7 0.340144 0.368675 0.0504808 0.0626506
7 0.420673 0.360241 0.0576923 0.060241
7 0.491587 0.363855 0.0649038 0.0722892
7 0.582933 0.36988 0.0552885 0.060241
7 0.668269 0.363855 0.0576923 0.0674699
7 0.776442 0.384337 0.0673077 0.0650602
7 0.844952 0.375904 0.0504808 0.0626506
9 0.144231 0.454217 0.105769 0.122892
9 0.257212 0.479518 0.0961538 0.125301
9 0.415865 0.459036 0.0961538 0.137349
9 0.572115 0.46747 0.0913462 0.154217
9 0.763221 0.46988 0.0889423 0.13012
11 0.251202 0.525301 0.0889423 0.221687
11 0.415865 0.507229 0.0865385 0.243373
11 0.576923 0.514458 0.105769 0.233735
11 0.760817 0.527711 0.0985577 0.236145
11 0.670673 0.519277 0.0673077 0.238554
11 0.84976 0.519277 0.0745192 0.228916
11 0.49399 0.508434 0.0745192 0.207229
11 0.334135 0.512048 0.0673077 0.224096
11 0.141827 0.510843 0.0865385 0.226506
