7 0.168269 0.272837 0.120192 0.127404
7 0.490385 0.348558 0.0817308 0.105769
7 0.617788 0.277644 0.110577 0.137019
7 0.887019 0.271635 0.168269 0.173077
2 0.491587 0.346154 0.0793269 0.0384615
3 0.605769 0.280048 0.0817308 0.0456731
3 0.200721 0.271635 0.0649038 0.0384615
9 0.149038 0.497596 0.235577 0.346154
9 0.459135 0.539663 0.139423 0.28125
9 0.635817 0.574519 0.185096 0.399038
9 0.91226 0.545673 0.175481 0.365385
11 0.457933 0.614183 0.141827 0.425481
11 0.15625 0.603365 0.211538 0.5625
11 0.637019 0.640625 0.173077 0.536058
