1 0.272837 0.760241 0.112981 0.060241
1 0.745192 0.715663 0.0913462 0.0433735
1 0.52524 0.638554 0.0360577 0.0385542
1 0.616587 0.638554 0.0360577 0.0337349
1 0.223558 0.814458 0.110577 0.053012
1 0.467548 0.701205 0.0793269 0.0481928
1 0.28726 0.715663 0.0456731 0.053012
3 0.40625 0.371084 0.0432692 0.0578313
3 0.472356 0.401205 0.0360577 0.0457831
3 0.580529 0.466265 0.0456731 0.0313253
3 0.608173 0.343374 0.0288462 0.026506
3 0.671875 0.253012 0.03125 0.0433735
4 0.272837 0.516867 0.0600962 0.0698795
4 0.383413 0.504819 0.0504808 0.0650602
4 0.532452 0.527711 0.03125 0.0385542
4 0.56851 0.563855 0.0408654 0.0337349
4 0.707933 0.491566 0.0408654 0.0626506
5 0.59976 0.403614 0.0360577 0.0313253
5 0.729567 0.391566 0.0456731 0.0650602
6 0.395433 0.353012 0.103365 0.113253
6 0.477163 0.381928 0.0889423 0.0987952
6 0.691106 0.23494 0.0841346 0.0987952
7 0.620192 0.327711 0.0528846 0.086747
9 0.215144 0.390361 0.266827 0.168675
9 0.38101 0.449398 0.170673 0.108434
9 0.495192 0.43253 0.0769231 0.0939759
9 0.626202 0.412048 0.0841346 0.13012
9 0.770433 0.321687 0.137019 0.171084
11 0.206731 0.546988 0.269231 0.501205
11 0.382212 0.543373 0.158654 0.301205
11 0.502404 0.489157 0.0769231 0.212048
11 0.623798 0.413253 0.0841346 0.146988
11 0.776442 0.472289 0.144231 0.477108
11 0.578125 0.559036 0.15625 0.173494
9 0.597356 0.528916 0.103365 0.0939759
