4 0.737981 0.761446 0.0432692 0.0481928
4 0.364183 0.713253 0.0360577 0.0481928
1 0.510817 0.639759 0.03125 0.026506
6 0.507212 0.49759 0.0336538 0.0313253
6 0.445913 0.456627 0.03125 0.0361446
6 0.390625 0.545783 0.0552885 0.0698795
6 0.706731 0.548193 0.0817308 0.0891566
9 0.519231 0.537349 0.0480769 0.0674699
9 0.451923 0.5 0.0384615 0.0650602
9 0.450721 0.613253 0.0745192 0.113253
9 0.367788 0.626506 0.0625 0.125301
9 0.711538 0.657831 0.0865385 0.159036
7 0.467548 0.537349 0.0408654 0.0433735
11 0.524038 0.571084 0.0480769 0.13494
11 0.448317 0.503614 0.0408654 0.0674699
11 0.449519 0.651807 0.0769231 0.204819
11 0.366587 0.704819 0.0600962 0.272289
11 0.71274 0.713253 0.09375 0.274699
