0 0.415865 0.696386 0.0721154 0.0915663
3 0.30649 0.303614 0.0360577 0.0385542
4 0.402644 0.324096 0.0649038 0.0554217
4 0.721154 0.642169 0.0673077 0.060241
4 0.796875 0.687952 0.0745192 0.0795181
6 0.284856 0.29759 0.103365 0.108434
6 0.71274 0.304819 0.0697115 0.0939759
6 0.776442 0.462651 0.0961538 0.125301
9 0.330529 0.414458 0.161058 0.173494
9 0.698317 0.415663 0.0889423 0.146988
9 0.760817 0.572289 0.194712 0.185542
10 0.36899 0.489157 0.213942 0.313253
11 0.635817 0.43253 0.213942 0.214458
11 0.723558 0.604819 0.269231 0.240964
