0 0.0853365 0.748798 0.0841346 0.0745192
0 0.180288 0.768029 0.0721154 0.0697115
0 0.371394 0.77524 0.0889423 0.0649038
3 0.353365 0.316106 0.0625 0.03125
4 0.366587 0.516827 0.0600962 0.0576923
4 0.304087 0.496394 0.0552885 0.0649038
4 0.205529 0.480769 0.0552885 0.0625
4 0.157452 0.491587 0.0649038 0.0649038
4 0.519231 0.557692 0.0865385 0.0817308
4 0.796875 0.584135 0.0889423 0.0721154
6 0.201923 0.286058 0.110577 0.125
6 0.354567 0.295673 0.09375 0.120192
6 0.574519 0.364183 0.125 0.146635
6 0.81851 0.438702 0.127404 0.141827
9 0.153846 0.394231 0.168269 0.105769
9 0.330529 0.401442 0.0985577 0.0961538
9 0.503606 0.473558 0.15625 0.115385
9 0.716346 0.5 0.0769231 0.144231
