6 0.457933 0.5625 0.0408654 0.0432692
6 0.366587 0.596154 0.0408654 0.0432692
10 0.823317 0.570913 0.0889423 0.276442
9 0.825721 0.50601 0.0793269 0.137019
9 0.472356 0.626202 0.0600962 0.09375
9 0.664663 0.524038 0.0793269 0.0961538
0 0.669471 0.701923 0.0360577 0.0288462
6 0.945913 0.447115 0.0408654 0.0576923
6 0.665865 0.449519 0.0432692 0.0528846
6 0.816106 0.41226 0.0552885 0.0600962
9 0.955529 0.522837 0.0697115 0.112981
10 0.957933 0.569712 0.0745192 0.201923
10 0.66226 0.575721 0.0793269 0.199519
0 0.78125 0.728365 0.0528846 0.0240385
0 0.635817 0.695913 0.0360577 0.0264423
0 0.432692 0.682692 0.0336538 0.0192308
0 0.490385 0.677885 0.0192308 0.0240385
5 0.829327 0.56851 0.0240385 0.0264423
5 0.425481 0.603365 0.0432692 0.0576923
