6 0.740385 0.326506 0.0384615 0.0506024
6 0.679087 0.328916 0.0360577 0.0506024
6 0.610577 0.307229 0.0432692 0.060241
6 0.590144 0.327711 0.0264423 0.0385542
6 0.465144 0.322892 0.0408654 0.053012
6 0.40625 0.325301 0.0384615 0.053012
6 0.302885 0.331325 0.0432692 0.0554217
6 0.739183 0.0156627 0.0456731 0.0313253
6 0.677885 0.0168675 0.0384615 0.0337349
6 0.609375 0.026506 0.0504808 0.053012
6 0.463942 0.0168675 0.0384615 0.0337349
6 0.40625 0.0156627 0.0384615 0.0313253
6 0.298077 0.0120482 0.0384615 0.0240964
9 0.609375 0.374699 0.0456731 0.0843373
9 0.466346 0.36988 0.0528846 0.060241
9 0.396635 0.373494 0.0480769 0.0626506
9 0.28726 0.389157 0.0552885 0.0650602
9 0.680288 0.375904 0.0432692 0.0433735
0 0.486779 0.539759 0.03125 0.0289157
0 0.457933 0.537349 0.0408654 0.0289157
0 0.627404 0.575904 0.0336538 0.0289157
0 0.582933 0.561446 0.0600962 0.0240964
11 0.396635 0.425301 0.0576923 0.156627
11 0.46274 0.420482 0.0504808 0.151807
11 0.289663 0.436145 0.0697115 0.159036
11 0.611779 0.43253 0.0456731 0.195181
11 0.675481 0.431325 0.0432692 0.154217
11 0.747596 0.445783 0.0576923 0.168675
