6 0.939904 0.402644 0.0288462 0.0264423
0 0.454327 0.800481 0.0336538 0.0288462
4 0.63101 0.71875 0.0216346 0.0288462
11 0.588942 0.71274 0.0721154 0.180288
4 0.524038 0.694712 0.0336538 0.0336538
9 0.9375 0.433894 0.0288462 0.0504808
6 0.598558 0.602163 0.0384615 0.0408654
6 0.248798 0.600962 0.0456731 0.0384615
6 0.457933 0.579327 0.0456731 0.0432692
11 0.245192 0.705529 0.0625 0.165865
11 0.445913 0.692308 0.0649038 0.182692
9 0.245192 0.670673 0.0576923 0.0961538
9 0.447115 0.653846 0.0625 0.105769
9 0.58774 0.669471 0.0697115 0.0889423
6 0.698317 0.403846 0.0216346 0.0288462
9 0.698317 0.441106 0.0456731 0.0456731
11 0.698317 0.471154 0.0408654 0.110577
11 0.9375 0.450721 0.0288462 0.0841346
0 0.425481 0.796875 0.0192308 0.03125
0 0.234375 0.81851 0.03125 0.0216346
0 0.278846 0.808894 0.0384615 0.0264423
