0 0.328125 0.810843 0.0456731 0.0506024
0 0.367788 0.753012 0.0336538 0.0457831
0 0.409856 0.703614 0.0360577 0.0337349
0 0.248798 0.681928 0.0504808 0.0433735
0 0.288462 0.70241 0.0432692 0.0361446
0 0.838942 0.696386 0.0240385 0.0337349
0 0.923077 0.644578 0.0336538 0.026506
0 0.699519 0.685542 0.0288462 0.0313253
0 0.628606 0.637349 0.03125 0.026506
0 0.603365 0.637349 0.0240385 0.0313253
3 0.170673 0.412048 0.0432692 0.0240964
3 0.338942 0.425301 0.0432692 0.026506
3 0.407452 0.436145 0.0360577 0.0240964
3 0.83774 0.436145 0.0264423 0.0240964
4 0.133413 0.583133 0.0264423 0.0337349
4 0.239183 0.56988 0.03125 0.0361446
4 0.790865 0.559036 0.0240385 0.0337349
4 0.901442 0.540964 0.0288462 0.0409639
5 0.408654 0.626506 0.0336538 0.0337349
5 0.280048 0.626506 0.0360577 0.0433735
5 0.445913 0.571084 0.03125 0.0433735
6 0.33774 0.421687 0.0697115 0.0819277
6 0.173077 0.407229 0.0673077 0.0722892
6 0.698317 0.422892 0.0552885 0.060241
6 0.9375 0.445783 0.0432692 0.0481928
7 0.239183 0.427711 0.0552885 0.060241
7 0.623798 0.428916 0.0408654 0.0433735
7 0.835337 0.431325 0.0504808 0.053012
9 0.179087 0.507229 0.108173 0.13253
9 0.334135 0.53494 0.105769 0.139759
9 0.414663 0.49759 0.0600962 0.0746988
9 0.617788 0.484337 0.0721154 0.086747
9 0.695913 0.506024 0.09375 0.106024
9 0.830529 0.509639 0.09375 0.108434
9 0.926683 0.504819 0.0793269 0.0891566
11 0.176683 0.560241 0.0985577 0.238554
11 0.341346 0.6 0.120192 0.26506
11 0.617788 0.53012 0.0673077 0.159036
11 0.691106 0.549398 0.0793269 0.183133
11 0.823317 0.557831 0.0697115 0.2
11 0.927885 0.543373 0.0769231 0.161446
