6 0.253606 0.25 0.0552885 0.0817308
6 0.33774 0.289663 0.0552885 0.0889423
6 0.459135 0.344952 0.0913462 0.0793269
6 0.558894 0.477163 0.0985577 0.137019
7 0.716346 0.460337 0.129808 0.117788
3 0.340144 0.293269 0.0504808 0.0288462
4 0.215144 0.393029 0.0264423 0.03125
4 0.203125 0.31851 0.03125 0.03125
4 0.352163 0.356971 0.0360577 0.0408654
4 0.456731 0.385817 0.0673077 0.0360577
9 0.210337 0.325721 0.09375 0.0985577
9 0.295673 0.397837 0.0528846 0.141827
9 0.387019 0.455529 0.0961538 0.146635
9 0.563702 0.615385 0.146635 0.192308
9 0.765625 0.682692 0.209135 0.283654
10 0.207933 0.394231 0.0985577 0.25
10 0.567308 0.69351 0.149038 0.358173
