0 0.222356 0.707933 0.0504808 0.0360577
0 0.265625 0.673077 0.03125 0.0528846
0 0.313702 0.633413 0.03125 0.03125
0 0.360577 0.74399 0.0288462 0.0408654
0 0.4375 0.78726 0.0432692 0.0456731
0 0.655048 0.725962 0.0456731 0.0384615
3 0.522837 0.399038 0.0600962 0.0288462
3 0.444712 0.451923 0.0480769 0.0288462
3 0.316106 0.454327 0.03125 0.0288462
5 0.417067 0.484375 0.0600962 0.0360577
7 0.213942 0.467548 0.0384615 0.0552885
7 0.319712 0.449519 0.0528846 0.0528846
7 0.447115 0.453125 0.0625 0.0697115
7 0.53125 0.405048 0.0817308 0.0889423
9 0.222356 0.530048 0.0697115 0.0649038
9 0.348558 0.52524 0.0865385 0.103365
9 0.447115 0.548077 0.0865385 0.134615
9 0.554087 0.543269 0.122596 0.177885
11 0.228365 0.578125 0.0913462 0.170673
11 0.347356 0.585337 0.0985577 0.209135
11 0.551683 0.637019 0.165865 0.360577
