3 0.0709135 0.473494 0.0889423 0.0361446
2 0.664663 0.43012 0.0360577 0.0120482
3 0.515625 0.454217 0.03125 0.0168675
5 0.425481 0.556626 0.0384615 0.0337349
7 0.512019 0.448193 0.0576923 0.0722892
2 0.620192 0.453012 0.0528846 0.0240964
3 0.394231 0.475904 0.0432692 0.0168675
2 0.516827 0.389157 0.0336538 0.0120482
9 0.668269 0.484337 0.0673077 0.0674699
9 0.489183 0.509639 0.0985577 0.0746988
7 0.947115 0.438554 0.0480769 0.0626506
7 0.90625 0.448193 0.0528846 0.0722892
9 0.762019 0.669879 0.211538 0.260241
7 0.664663 0.427711 0.0408654 0.0409639
9 0.602163 0.49759 0.0793269 0.0650602
5 0.358173 0.693976 0.0528846 0.0385542
9 0.365385 0.542169 0.110577 0.0819277
9 0.491587 0.442169 0.0985577 0.0891566
7 0.620192 0.454217 0.0528846 0.060241
9 0.0540865 0.646988 0.108173 0.248193
7 0.754808 0.490361 0.105769 0.118072
7 0.848558 0.466265 0.0673077 0.0698795
7 0.217548 0.495181 0.103365 0.118072
7 0.513221 0.386747 0.0504808 0.0554217
7 0.38101 0.468675 0.0697115 0.0698795
9 0.204327 0.781928 0.293269 0.407229
7 0.0697115 0.46988 0.0913462 0.101205
9 0.901442 0.574699 0.129808 0.142169
