0 0.329327 0.769231 0.0336538 0.0480769
0 0.268029 0.768029 0.0360577 0.0408654
0 0.433894 0.771635 0.0456731 0.0288462
0 0.491587 0.771635 0.0264423 0.0384615
0 0.651442 0.794471 0.0336538 0.0408654
0 0.592548 0.78125 0.0600962 0.0336538
0 0.929087 0.829327 0.0408654 0.0384615
0 0.836538 0.80649 0.0721154 0.0360577
6 0.295673 0.46875 0.0576923 0.0673077
6 0.481971 0.448317 0.0504808 0.0600962
6 0.606971 0.457933 0.0600962 0.0745192
6 0.911058 0.469952 0.0769231 0.0745192
5 0.277644 0.600962 0.0264423 0.0336538
5 0.441106 0.459135 0.0264423 0.0336538
5 0.489183 0.549279 0.03125 0.03125
5 0.546875 0.501202 0.0264423 0.03125
5 0.611779 0.579327 0.03125 0.0336538
5 0.929087 0.66226 0.03125 0.0360577
5 0.832933 0.634615 0.0264423 0.0432692
9 0.888221 0.567308 0.0985577 0.125
9 0.616587 0.561298 0.0745192 0.132212
9 0.469952 0.528846 0.0697115 0.0961538
9 0.295673 0.555288 0.0721154 0.105769
11 0.295673 0.621394 0.0817308 0.237981
11 0.46875 0.611779 0.0769231 0.257212
11 0.615385 0.627404 0.0817308 0.274038
11 0.887019 0.647837 0.110577 0.295673
