6 0.263221 0.442169 0.0504808 0.0746988
6 0.479567 0.416867 0.0649038 0.0819277
6 0.579327 0.43253 0.0913462 0.108434
6 0.657452 0.444578 0.0552885 0.0746988
6 0.735577 0.445783 0.100962 0.110843
3 0.563702 0.418072 0.0408654 0.026506
5 0.223558 0.573494 0.0240385 0.0289157
5 0.310096 0.624096 0.0288462 0.0289157
5 0.395433 0.666265 0.03125 0.0506024
5 0.713942 0.414458 0.0432692 0.0481928
5 0.705529 0.531325 0.0504808 0.0506024
5 0.579327 0.512048 0.0432692 0.0650602
5 0.826923 0.657831 0.0432692 0.0385542
9 0.469952 0.560241 0.0985577 0.166265
9 0.269231 0.549398 0.0865385 0.110843
9 0.722356 0.63012 0.127404 0.161446
1 0.414663 0.790361 0.0552885 0.0433735
1 0.414663 0.877108 0.0552885 0.053012
11 0.739183 0.762651 0.141827 0.436145
