2 0.933894 0.361446 0.0745192 0.0481928
3 0.100962 0.331325 0.0625 0.0361446
3 0.28726 0.314458 0.0408654 0.026506
3 0.342548 0.390361 0.0697115 0.0337349
3 0.552885 0.351807 0.0384615 0.0289157
3 0.739183 0.326506 0.0456731 0.0409639
5 0.197115 0.438554 0.0288462 0.0289157
5 0.417067 0.59759 0.0649038 0.053012
5 0.457933 0.498795 0.03125 0.0289157
5 0.526442 0.485542 0.0288462 0.0506024
5 0.942308 0.396386 0.0673077 0.0698795
5 0.605769 0.546988 0.0336538 0.0337349
7 0.0793269 0.315663 0.105769 0.125301
7 0.203125 0.30241 0.0504808 0.0650602
7 0.286058 0.313253 0.0576923 0.0722892
7 0.330529 0.375904 0.0841346 0.101205
7 0.467548 0.343374 0.0600962 0.0746988
7 0.508413 0.30241 0.0456731 0.0795181
7 0.394231 0.316867 0.0625 0.0698795
7 0.5625 0.354217 0.0625 0.086747
7 0.753606 0.322892 0.0745192 0.0963855
7 0.953125 0.346988 0.09375 0.13012
7 0.870192 0.315663 0.0432692 0.053012
9 0.0685096 0.496386 0.137019 0.274699
9 0.30649 0.487952 0.117788 0.142169
9 0.461538 0.460241 0.105769 0.173494
9 0.576923 0.473494 0.105769 0.171084
9 0.737981 0.457831 0.134615 0.19759
9 0.896635 0.515663 0.134615 0.212048
9 0.858173 0.366265 0.0480769 0.0819277
