3 0.126202 0.316867 0.0600962 0.0409639
3 0.313702 0.3 0.0552885 0.026506
3 0.418269 0.322892 0.0384615 0.0240964
3 0.490385 0.296386 0.0528846 0.0337349
3 0.852163 0.281928 0.0408654 0.0385542
3 0.897837 0.309639 0.0649038 0.0409639
2 0.61899 0.307229 0.0504808 0.0313253
2 0.777644 0.30241 0.0504808 0.0409639
5 0.276442 0.443374 0.0384615 0.0433735
5 0.384615 0.508434 0.0240385 0.0481928
5 0.579327 0.50241 0.0288462 0.0457831
5 0.685096 0.508434 0.0288462 0.0433735
5 0.760817 0.512048 0.0552885 0.0650602
5 0.822115 0.513253 0.0625 0.0722892
7 0.127404 0.314458 0.0817308 0.0939759
7 0.311298 0.292771 0.0697115 0.0795181
7 0.421875 0.325301 0.0552885 0.0578313
7 0.492788 0.296386 0.0673077 0.086747
7 0.61899 0.3 0.0697115 0.0843373
7 0.784856 0.30241 0.0697115 0.0987952
7 0.93149 0.298795 0.112981 0.139759
9 0.123798 0.425301 0.141827 0.137349
9 0.307692 0.40241 0.120192 0.144578
9 0.402644 0.406024 0.0745192 0.113253
9 0.492788 0.392771 0.110577 0.13012
9 0.632212 0.396386 0.134615 0.137349
9 0.764423 0.408434 0.110577 0.118072
9 0.938702 0.466265 0.122596 0.219277
11 0.13101 0.489157 0.161058 0.260241
11 0.319712 0.475904 0.125 0.262651
11 0.490385 0.478313 0.105769 0.286747
11 0.774038 0.524096 0.105769 0.359036
