6 0.204327 0.459036 0.0673077 0.0650602
6 0.83774 0.222892 0.0841346 0.0746988
6 0.199519 0.281928 0.0625 0.086747
0 0.798077 0.695181 0.0528846 0.0409639
0 0.189904 0.760241 0.0673077 0.0506024
0 0.186298 0.806024 0.0360577 0.0361446
4 0.170673 0.321687 0.0432692 0.0313253
4 0.971154 0.23012 0.0288462 0.0554217
9 0.192308 0.381928 0.0961538 0.142169
9 0.134615 0.509639 0.0817308 0.113253
9 0.855769 0.29759 0.0865385 0.118072
9 0.774038 0.407229 0.0961538 0.0481928
10 0.152644 0.587952 0.132212 0.279518
