0 0.129808 0.716346 0.0432692 0.0288462
0 0.274038 0.646635 0.0384615 0.0336538
0 0.311298 0.634615 0.03125 0.0240385
0 0.379808 0.63101 0.0288462 0.03125
0 0.489183 0.637019 0.0408654 0.0240385
0 0.520433 0.646635 0.03125 0.0288462
0 0.640625 0.647837 0.0360577 0.0264423
0 0.668269 0.659856 0.0288462 0.03125
1 0.19351 0.676683 0.0552885 0.0456731
1 0.215144 0.663462 0.0360577 0.0336538
5 0.240385 0.497596 0.0288462 0.0240385
5 0.413462 0.495192 0.0240385 0.0288462
5 0.550481 0.514423 0.0240385 0.0288462
5 0.942308 0.512019 0.0240385 0.0240385
6 0.126202 0.415865 0.0697115 0.0721154
6 0.294471 0.424279 0.0504808 0.0552885
6 0.661058 0.438702 0.0528846 0.0552885
7 0.199519 0.425481 0.0673077 0.0625
7 0.41226 0.427885 0.0360577 0.0432692
7 0.520433 0.435096 0.0408654 0.0432692
7 0.902644 0.450721 0.0264423 0.0264423
9 0.114183 0.5 0.0793269 0.110577
9 0.198317 0.5 0.0697115 0.0961538
9 0.293269 0.490385 0.0528846 0.0769231
9 0.405048 0.479567 0.0649038 0.0697115
9 0.519231 0.485577 0.0480769 0.0673077
9 0.66226 0.5 0.0504808 0.0769231
11 0.105769 0.566106 0.0769231 0.242788
11 0.191106 0.543269 0.0552885 0.192308
11 0.288462 0.522837 0.0769231 0.151442
11 0.403846 0.526442 0.0721154 0.177885
11 0.521635 0.53125 0.0576923 0.177885
11 0.659856 0.548077 0.0649038 0.177885
11 0.902644 0.521635 0.0504808 0.125
9 0.90024 0.486779 0.0504808 0.0600962
