6 0.0228365 0.361779 0.0456731 0.0745192
6 0.157452 0.378606 0.0649038 0.0745192
6 0.240385 0.361779 0.0576923 0.0745192
6 0.3125 0.362981 0.0721154 0.0817308
6 0.418269 0.372596 0.0625 0.0721154
6 0.58774 0.34976 0.0600962 0.0841346
5 0.100962 0.5625 0.0240385 0.0432692
5 0.485577 0.539663 0.0240385 0.0456731
5 0.295673 0.53125 0.0480769 0.0432692
5 0.384615 0.507212 0.0240385 0.0336538
0 0.627404 0.734375 0.0336538 0.03125
0 0.581731 0.723558 0.0480769 0.0288462
0 0.463942 0.707933 0.0528846 0.0408654
0 0.394231 0.707933 0.0432692 0.0264423
0 0.371394 0.747596 0.0745192 0.0384615
0 0.211538 0.698317 0.0384615 0.03125
0 0.174279 0.721154 0.0456731 0.0288462
0 0.0600962 0.699519 0.0528846 0.0384615
9 0.0276442 0.47476 0.0552885 0.146635
9 0.145433 0.487981 0.0649038 0.129808
9 0.3125 0.467548 0.0865385 0.127404
9 0.429087 0.455529 0.0841346 0.0985577
9 0.602163 0.466346 0.09375 0.139423
11 0.602163 0.544471 0.103365 0.305288
11 0.430288 0.543269 0.0913462 0.269231
11 0.311298 0.55649 0.09375 0.305288
11 0.144231 0.554087 0.0673077 0.271635
