6 0.414663 0.471084 0.0841346 0.113253
6 0.699519 0.240964 0.0961538 0.115663
6 0.698317 0.0614458 0.0985577 0.118072
6 0.581731 0.353012 0.0576923 0.0746988
6 0.222356 0.506024 0.0552885 0.0722892
0 0.661058 0.733735 0.105769 0.127711
0 0.66226 0.950602 0.103365 0.0987952
0 0.578125 0.56988 0.0408654 0.060241
0 0.543269 0.583133 0.0240385 0.0433735
9 0.740385 0.353012 0.134615 0.161446
9 0.548077 0.418072 0.0673077 0.0843373
9 0.399038 0.545783 0.144231 0.127711
9 0.286058 0.537349 0.0769231 0.0771084
9 0.961538 0.421687 0.0576923 0.0481928
9 0.870192 0.428916 0.0576923 0.053012
11 0.735577 0.46747 0.139423 0.390361
