7 0.0372596 0.46875 0.0745192 0.100962
7 0.207933 0.450721 0.0745192 0.0889423
7 0.394231 0.487981 0.0673077 0.0865385
7 0.491587 0.490385 0.0456731 0.0625
7 0.582933 0.509615 0.0360577 0.0528846
7 0.643029 0.518029 0.0889423 0.0889423
7 0.971154 0.504808 0.0480769 0.0528846
7 0.893029 0.513221 0.09375 0.09375
7 0.794471 0.473558 0.108173 0.120192
6 0.699519 0.508413 0.0288462 0.0600962
5 0.423077 0.701923 0.0480769 0.0432692
5 0.588942 0.71875 0.0336538 0.0625
9 0.0420673 0.59976 0.0841346 0.141827
9 0.205529 0.574519 0.117788 0.139423
9 0.397837 0.598558 0.103365 0.120192
9 0.485577 0.584135 0.0721154 0.105769
9 0.629808 0.632212 0.0817308 0.129808
9 0.921875 0.66226 0.0841346 0.213942
9 0.8125 0.653846 0.110577 0.221154
11 0.0432692 0.691106 0.0817308 0.338942
11 0.205529 0.682692 0.122596 0.355769
11 0.389423 0.700721 0.115385 0.334135
11 0.495192 0.685096 0.0913462 0.3125
11 0.634615 0.717548 0.105769 0.295673
11 0.805288 0.725962 0.129808 0.370192
