7 0.854567 0.419471 0.0649038 0.0889423
7 0.667067 0.371394 0.0504808 0.0600962
7 0.626202 0.38101 0.0408654 0.0552885
7 0.572115 0.360577 0.0432692 0.0432692
7 0.528846 0.344952 0.0240385 0.0504808
7 0.512019 0.34976 0.0240385 0.03125
7 0.490385 0.354567 0.0240385 0.03125
7 0.427885 0.348558 0.0240385 0.0336538
7 0.370192 0.348558 0.0240385 0.0336538
7 0.0721154 0.459135 0.144231 0.158654
7 0.222356 0.396635 0.0600962 0.0721154
7 0.272837 0.359375 0.0360577 0.0504808
6 0.442308 0.519231 0.0865385 0.0721154
6 0.436298 0.597356 0.122596 0.103365
6 0.442308 0.765625 0.192308 0.161058
6 0.655048 0.683894 0.141827 0.127404
6 0.441106 0.951923 0.204327 0.0961538
6 0.944712 0.606971 0.110577 0.0889423
6 0.760817 0.515625 0.0889423 0.0745192
6 0.566106 0.444712 0.0504808 0.0528846
6 0.530048 0.424279 0.0408654 0.0360577
6 0.498798 0.408654 0.0408654 0.0336538
6 0.473558 0.399038 0.0336538 0.0240385
2 0.123798 0.460337 0.0697115 0.0697115
9 0.0697115 0.669471 0.134615 0.228365
9 0.211538 0.465144 0.0817308 0.0889423
