1 0.228365 0.710843 0.0384615 0.0337349
1 0.264423 0.708434 0.0384615 0.0337349
1 0.34375 0.724096 0.0480769 0.0313253
1 0.387019 0.728916 0.0384615 0.0409639
1 0.397837 0.761446 0.0456731 0.0481928
1 0.768029 0.737349 0.0504808 0.0337349
1 0.830529 0.746988 0.0456731 0.0433735
3 0.508413 0.391566 0.0697115 0.0313253
3 0.78125 0.431325 0.0288462 0.0240964
3 0.348558 0.426506 0.0336538 0.0240964
3 0.231971 0.428916 0.0360577 0.0240964
5 0.205529 0.46988 0.0264423 0.0385542
5 0.230769 0.468675 0.0336538 0.0361446
5 0.329327 0.461446 0.0288462 0.0313253
5 0.317308 0.472289 0.0240385 0.0289157
5 0.430288 0.291566 0.0673077 0.0963855
5 0.623798 0.727711 0.0408654 0.0578313
5 0.790865 0.474699 0.0288462 0.0433735
5 0.748798 0.463855 0.03125 0.0361446
7 0.227163 0.422892 0.0552885 0.0650602
7 0.352163 0.426506 0.0552885 0.0674699
7 0.497596 0.403614 0.0961538 0.127711
7 0.783654 0.43494 0.0384615 0.0554217
9 0.233173 0.509639 0.0961538 0.127711
9 0.354567 0.519277 0.0745192 0.13253
9 0.407452 0.536145 0.0408654 0.13253
9 0.788462 0.533735 0.110577 0.146988
9 0.524038 0.583133 0.197115 0.289157
7 0.442308 0.403614 0.0336538 0.0506024
11 0.233173 0.574699 0.100962 0.257831
11 0.354567 0.596386 0.0889423 0.291566
11 0.407452 0.603614 0.0456731 0.272289
11 0.52524 0.633735 0.213942 0.404819
11 0.795673 0.596386 0.110577 0.277108
