2 0.390625 0.382212 0.0697115 0.0336538
3 0.227163 0.408654 0.0552885 0.0432692
3 0.592548 0.344952 0.0841346 0.0504808
0 0.438702 0.705529 0.0793269 0.0889423
4 0.24399 0.560096 0.0456731 0.0384615
4 0.304087 0.632212 0.0552885 0.0625
4 0.331731 0.680288 0.0576923 0.0961538
5 0.605769 0.573317 0.0673077 0.0649038
5 0.549279 0.692308 0.146635 0.0913462
6 0.222356 0.399038 0.108173 0.115385
6 0.376202 0.364183 0.112981 0.141827
6 0.626202 0.294471 0.189904 0.204327
9 0.251202 0.479567 0.189904 0.117788
9 0.411058 0.504808 0.134615 0.173077
9 0.719952 0.532452 0.276442 0.319712
10 0.254808 0.504808 0.197115 0.163462
10 0.72476 0.575721 0.324519 0.439904
11 0.389423 0.554087 0.1875 0.262019
