3 0.540865 0.52524 0.0576923 0.0408654
3 0.594952 0.551683 0.0745192 0.0697115
3 0.807692 0.604567 0.0865385 0.0552885
5 0.158654 0.258413 0.0673077 0.103365
5 0.209135 0.330529 0.0673077 0.103365
5 0.283654 0.414663 0.0865385 0.0985577
6 0.545673 0.548077 0.115385 0.144231
6 0.638221 0.5625 0.209135 0.177885
6 0.823317 0.59976 0.15625 0.189904
9 0.807692 0.741587 0.274038 0.151442
9 0.516827 0.727163 0.293269 0.185096
9 0.25601 0.701923 0.223558 0.245192
9 0.115385 0.709135 0.0865385 0.158654
10 0.111779 0.704327 0.0841346 0.158654
10 0.251202 0.677885 0.21875 0.288462
10 0.52524 0.704327 0.295673 0.216346
10 0.808894 0.740385 0.271635 0.149038
