2 0.700721 0.427885 0.0697115 0.0240385
2 0.945913 0.385817 0.103365 0.0360577
2 0.365385 0.475962 0.0384615 0.0240385
2 0.206731 0.49399 0.0625 0.0264423
3 0.115385 0.483173 0.0961538 0.0480769
3 0.409856 0.484375 0.0552885 0.03125
3 0.558894 0.454327 0.0360577 0.0240385
3 0.612981 0.453125 0.0576923 0.0264423
5 0.377404 0.675481 0.0625 0.0576923
5 0.55649 0.669471 0.0408654 0.0456731
5 0.658654 0.735577 0.0625 0.0721154
5 0.183894 0.828125 0.0408654 0.0408654
5 0.847356 0.84375 0.0697115 0.115385
6 0.11899 0.484375 0.0841346 0.146635
6 0.204327 0.483173 0.0865385 0.100962
6 0.415865 0.475962 0.0817308 0.100962
6 0.622596 0.453125 0.0721154 0.0985577
6 0.72476 0.421875 0.117788 0.122596
7 0.55649 0.460337 0.0504808 0.0552885
