6 0.372596 0.471154 0.0625 0.0817308
6 0.420673 0.483173 0.0384615 0.0673077
6 0.467548 0.478365 0.0504808 0.0625
6 0.501202 0.47476 0.0360577 0.0504808
6 0.605769 0.5 0.0336538 0.0432692
6 0.655048 0.501202 0.0360577 0.0456731
6 0.723558 0.5 0.0288462 0.0432692
6 0.790865 0.507212 0.0240385 0.0336538
6 0.826923 0.496394 0.0240385 0.0360577
6 0.844952 0.498798 0.0264423 0.0408654
6 0.893029 0.497596 0.0264423 0.0384615
6 0.936298 0.502404 0.0360577 0.0480769
6 0.683894 0.504808 0.0264423 0.0240385
6 0.112981 0.455529 0.110577 0.122596
7 0.566106 0.487981 0.0408654 0.0480769
3 0.371394 0.471154 0.0504808 0.0240385
3 0.663462 0.502404 0.0288462 0.0240385
3 0.572115 0.481971 0.0240385 0.03125
0 0.418269 0.83774 0.0336538 0.0456731
0 0.417067 0.914663 0.0408654 0.0552885
0 0.485577 0.804087 0.0336538 0.0360577
0 0.766827 0.725962 0.0288462 0.0384615
0 0.719952 0.713942 0.03125 0.0240385
0 0.669471 0.716346 0.0360577 0.0240385
0 0.621394 0.733173 0.0264423 0.0240385
0 0.913462 0.710337 0.0480769 0.0264423
0 0.832933 0.711538 0.0360577 0.0240385
0 0.471154 0.950721 0.0673077 0.0408654
9 0.110577 0.61899 0.168269 0.223558
9 0.361779 0.620192 0.127404 0.216346
9 0.472356 0.581731 0.0697115 0.139423
9 0.555288 0.554087 0.0576923 0.09375
9 0.614183 0.574519 0.0504808 0.105769
9 0.727163 0.561298 0.0649038 0.0841346
9 0.658654 0.5625 0.0528846 0.0769231
9 0.838942 0.564904 0.0480769 0.0865385
9 0.9375 0.569712 0.0528846 0.0913462
11 0.33774 0.695913 0.0985577 0.367788
11 0.465144 0.621394 0.0552885 0.21875
11 0.551683 0.58774 0.0504808 0.161058
11 0.605769 0.616587 0.0432692 0.185096
11 0.652644 0.59375 0.0408654 0.158654
11 0.725962 0.600962 0.0625 0.153846
11 0.835337 0.602163 0.0408654 0.161058
11 0.935096 0.611779 0.0480769 0.170673
11 0.11899 0.747596 0.146635 0.471154
