5 0.183894 0.595181 0.0600962 0.0433735
5 0.528846 0.63494 0.0480769 0.0409639
5 0.533654 0.660241 0.0432692 0.0240964
5 0.807692 0.733735 0.0432692 0.0506024
6 0.0985577 0.450602 0.100962 0.110843
6 0.329327 0.456627 0.0769231 0.0939759
6 0.539663 0.477108 0.0793269 0.0963855
6 0.757212 0.483133 0.0865385 0.0987952
9 0.0769231 0.592771 0.120192 0.187952
9 0.331731 0.56988 0.149038 0.146988
9 0.543269 0.613253 0.149038 0.175904
9 0.754808 0.613253 0.153846 0.180723
10 0.0733173 0.706024 0.127404 0.404819
10 0.332933 0.713253 0.15625 0.433735
10 0.543269 0.720482 0.153846 0.385542
10 0.754808 0.69759 0.1875 0.363855
