0 0.492788 0.557692 0.0625 0.0721154
0 0.711538 0.572115 0.0625 0.0769231
0 0.933894 0.550481 0.0841346 0.0913462
3 0.457933 0.28125 0.0408654 0.0288462
3 0.670673 0.259615 0.0480769 0.0240385
3 0.960337 0.25601 0.0360577 0.0264423
4 0.417067 0.33774 0.0456731 0.0360577
4 0.44351 0.4375 0.0408654 0.0384615
4 0.608173 0.313702 0.0576923 0.0504808
6 0.467548 0.28726 0.0552885 0.0600962
6 0.686298 0.257212 0.0552885 0.0480769
6 0.941106 0.257212 0.0649038 0.0576923
9 0.480769 0.372596 0.0913462 0.110577
9 0.683894 0.342548 0.0793269 0.112981
9 0.941106 0.348558 0.0793269 0.129808
11 0.480769 0.41226 0.0865385 0.185096
11 0.683894 0.391827 0.0841346 0.201923
11 0.9375 0.388221 0.0769231 0.21875
