6 0.471154 0.380723 0.0625 0.0771084
6 0.548077 0.418072 0.0528846 0.0795181
6 0.802885 0.385542 0.0576923 0.0963855
6 0.420673 0.398795 0.0528846 0.0746988
6 0.225962 0.371084 0.0528846 0.0771084
3 0.798077 0.384337 0.0480769 0.0313253
3 0.479567 0.386747 0.0504808 0.026506
3 0.417067 0.407229 0.0456731 0.0240964
3 0.550481 0.426506 0.0480769 0.0240964
0 0.225962 0.789157 0.0528846 0.060241
0 0.284856 0.761446 0.0360577 0.0578313
0 0.418269 0.740964 0.0384615 0.0457831
0 0.457933 0.804819 0.0408654 0.0240964
0 0.53726 0.762651 0.0264423 0.0506024
0 0.579327 0.76988 0.0336538 0.0457831
0 0.78125 0.754217 0.0288462 0.053012
0 0.817308 0.742169 0.0336538 0.0481928
0 0.456731 0.880723 0.0288462 0.0313253
0 0.414663 0.93012 0.03125 0.0385542
0 0.222356 0.893976 0.0552885 0.0433735
0 0.282452 0.912048 0.0504808 0.0457831
0 0.582933 0.915663 0.0504808 0.0385542
0 0.536058 0.915663 0.0384615 0.0626506
0 0.784856 0.940964 0.0360577 0.0650602
0 0.81851 0.950602 0.0408654 0.0746988
9 0.233173 0.491566 0.105769 0.149398
9 0.475962 0.5 0.144231 0.166265
9 0.793269 0.483133 0.100962 0.137349
