7 0.230769 0.310843 0.0576923 0.0674699
7 0.340144 0.280723 0.0552885 0.060241
7 0.533654 0.303614 0.0480769 0.0481928
7 0.676683 0.281928 0.0456731 0.0578313
7 0.741587 0.256627 0.0841346 0.0843373
7 0.834135 0.301205 0.0625 0.0819277
2 0.673077 0.277108 0.0528846 0.0240964
2 0.239183 0.310843 0.0456731 0.0240964
3 0.834135 0.308434 0.0480769 0.0337349
0 0.379808 0.573494 0.0528846 0.0385542
0 0.320913 0.598795 0.03125 0.0409639
0 0.637019 0.595181 0.0576923 0.0626506
0 0.695913 0.808434 0.103365 0.0506024
0 0.695913 0.946988 0.108173 0.0626506
0 0.859375 0.674699 0.0649038 0.0337349
1 0.206731 0.628916 0.0528846 0.053012
1 0.259615 0.613253 0.0528846 0.060241
1 0.489183 0.598795 0.03125 0.0506024
1 0.540865 0.598795 0.0384615 0.0554217
9 0.22476 0.416867 0.0889423 0.139759
9 0.33774 0.363855 0.0889423 0.115663
9 0.521635 0.4 0.0673077 0.149398
9 0.670673 0.36988 0.0769231 0.127711
9 0.746394 0.403614 0.112981 0.180723
9 0.850962 0.396386 0.0961538 0.127711
11 0.510817 0.455422 0.0745192 0.231325
11 0.341346 0.438554 0.0865385 0.250602
11 0.737981 0.545783 0.115385 0.46506
11 0.841346 0.479518 0.125 0.284337
11 0.225962 0.46747 0.0865385 0.231325
