3 0.272837 0.424096 0.0841346 0.0626506
3 0.710337 0.456627 0.09375 0.0554217
5 0.28726 0.540964 0.09375 0.122892
5 0.353365 0.751807 0.105769 0.0915663
5 0.558894 0.778313 0.0745192 0.086747
5 0.673077 0.83253 0.0865385 0.0843373
6 0.216346 0.391566 0.197115 0.291566
6 0.341346 0.357831 0.129808 0.224096
6 0.736779 0.396386 0.223558 0.262651
6 0.884615 0.387952 0.129808 0.163855
8 0.129808 0.69759 0.259615 0.40241
9 0.320913 0.679518 0.199519 0.366265
9 0.759615 0.693976 0.355769 0.414458
11 0.133413 0.696386 0.257212 0.409639
11 0.323317 0.698795 0.204327 0.404819
11 0.766827 0.691566 0.389423 0.409639
