0 0.460337 0.740385 0.0456731 0.0432692
0 0.521635 0.741587 0.0528846 0.0360577
0 0.411058 0.734375 0.0528846 0.0360577
0 0.352163 0.736779 0.0456731 0.0360577
3 0.41226 0.421875 0.0360577 0.0264423
3 0.480769 0.41226 0.0432692 0.03125
5 0.436298 0.484375 0.0504808 0.03125
5 0.502404 0.509615 0.0384615 0.0288462
5 0.459135 0.497596 0.0240385 0.0240385
6 0.407452 0.409856 0.0600962 0.0745192
6 0.481971 0.396635 0.0649038 0.0817308
9 0.391827 0.514423 0.100962 0.134615
9 0.487981 0.504808 0.0961538 0.129808
10 0.385817 0.5625 0.108173 0.245192
10 0.487981 0.573317 0.105769 0.257212
