2 0.186298 0.391827 0.0456731 0.0336538
3 0.302885 0.397837 0.0913462 0.0360577
3 0.495192 0.355769 0.0769231 0.0384615
3 0.604567 0.364183 0.0600962 0.0408654
3 0.831731 0.30649 0.0721154 0.0456731
5 0.293269 0.610577 0.0673077 0.0769231
5 0.445913 0.627404 0.0600962 0.0576923
5 0.507212 0.633413 0.0480769 0.0649038
5 0.639423 0.706731 0.0576923 0.0673077
5 0.772837 0.776442 0.0600962 0.0913462
5 0.861779 0.651442 0.103365 0.0721154
6 0.300481 0.394231 0.110577 0.144231
6 0.507212 0.332933 0.125 0.165865
6 0.639423 0.354567 0.149038 0.185096
6 0.875 0.310096 0.1875 0.221154
7 0.13101 0.401442 0.161058 0.173077
9 0.169471 0.641827 0.199519 0.288462
9 0.314904 0.603365 0.182692 0.269231
9 0.496394 0.542067 0.15625 0.233173
9 0.652644 0.585337 0.161058 0.314904
9 0.889423 0.606971 0.221154 0.396635
