2 0.344952 0.216867 0.0649038 0.0433735
3 0.254808 0.351807 0.0480769 0.0481928
4 0.455529 0.575904 0.0649038 0.0674699
4 0.588942 0.713253 0.0673077 0.0819277
4 0.379808 0.581928 0.0721154 0.0554217
4 0.685096 0.720482 0.0673077 0.0626506
5 0.669471 0.553012 0.0456731 0.0506024
5 0.776442 0.606024 0.0432692 0.0554217
6 0.350962 0.204819 0.0817308 0.086747
6 0.157452 0.398795 0.103365 0.0987952
6 0.167067 0.479518 0.117788 0.110843
6 0.300481 0.666265 0.115385 0.127711
6 0.433894 0.375904 0.0889423 0.125301
6 0.611779 0.426506 0.103365 0.13012
7 0.252404 0.336145 0.0817308 0.0843373
7 0.727163 0.456627 0.108173 0.113253
7 0.485577 0.663855 0.0961538 0.113253
7 0.665865 0.706024 0.0913462 0.115663
9 0.168269 0.625301 0.144231 0.224096
9 0.294471 0.726506 0.170673 0.113253
9 0.484375 0.755422 0.194712 0.122892
9 0.567308 0.649398 0.158654 0.151807
9 0.817308 0.492771 0.1875 0.233735
9 0.597356 0.50241 0.137019 0.13253
9 0.454327 0.455422 0.177885 0.13012
9 0.28125 0.393976 0.153846 0.127711
9 0.38101 0.279518 0.141827 0.13494
9 0.930288 0.262651 0.139423 0.19759
0 0.917067 0.485542 0.0456731 0.0554217
5 0.867788 0.239759 0.0673077 0.060241
5 0.96875 0.33253 0.0625 0.0626506
11 0.283654 0.385542 0.153846 0.139759
11 0.445913 0.598795 0.391827 0.257831
10 0.167067 0.625301 0.151442 0.224096
10 0.293269 0.725301 0.173077 0.120482
10 0.483173 0.755422 0.197115 0.13253
10 0.819712 0.489157 0.192308 0.236145
10 0.602163 0.466265 0.180288 0.195181
10 0.44351 0.463855 0.180288 0.156627
10 0.394231 0.279518 0.192308 0.144578
