0 0.415865 0.695913 0.0240385 0.0264423
0 0.453125 0.699519 0.03125 0.0240385
0 0.49399 0.697115 0.0264423 0.0240385
0 0.519231 0.701923 0.0240385 0.0240385
0 0.545673 0.701923 0.0240385 0.0240385
0 0.594952 0.704327 0.0264423 0.0288462
5 0.653846 0.608173 0.0288462 0.0240385
5 0.575721 0.612981 0.0264423 0.0240385
5 0.36899 0.600962 0.0264423 0.0240385
4 0.471154 0.567308 0.0240385 0.0240385
4 0.504808 0.605769 0.0240385 0.0240385
7 0.401442 0.513221 0.0336538 0.0360577
7 0.47476 0.502404 0.03125 0.0384615
7 0.534856 0.508413 0.0264423 0.0360577
7 0.608173 0.512019 0.0336538 0.0384615
8 0.403846 0.55649 0.0673077 0.0745192
8 0.471154 0.544471 0.0721154 0.0841346
8 0.532452 0.557692 0.0600962 0.0769231
8 0.610577 0.554087 0.0769231 0.0649038
11 0.397837 0.598558 0.0552885 0.149038
11 0.472356 0.591346 0.0697115 0.153846
11 0.532452 0.592548 0.0600962 0.15625
11 0.610577 0.604567 0.0673077 0.141827
