3 0.316106 0.492788 0.0649038 0.0288462
3 0.579327 0.455529 0.0480769 0.0360577
3 0.655048 0.436298 0.0552885 0.0360577
4 0.508413 0.615385 0.0697115 0.0625
4 0.53125 0.653846 0.0576923 0.0288462
4 0.4375 0.518029 0.0384615 0.0600962
4 0.391827 0.469952 0.0625 0.0793269
4 0.371394 0.396635 0.0552885 0.0673077
4 0.419471 0.421875 0.0456731 0.0600962
6 0.3125 0.507212 0.105769 0.0961538
6 0.68149 0.455529 0.117788 0.108173
9 0.361779 0.644231 0.170673 0.197115
9 0.68149 0.598558 0.151442 0.163462
9 0.561298 0.626202 0.132212 0.194712
