6 0.330529 0.566265 0.0408654 0.0385542
6 0.407452 0.539759 0.0408654 0.0385542
6 0.448317 0.571084 0.03125 0.0385542
6 0.501202 0.56988 0.0408654 0.0506024
6 0.56851 0.571084 0.0456731 0.0481928
6 0.61899 0.550602 0.0456731 0.0457831
6 0.679087 0.562651 0.0408654 0.0457831
6 0.72476 0.543373 0.0408654 0.0457831
6 0.366587 0.572289 0.0264423 0.0361446
9 0.497596 0.654217 0.0576923 0.127711
9 0.563702 0.645783 0.0504808 0.106024
9 0.616587 0.636145 0.0600962 0.086747
9 0.399038 0.606024 0.0480769 0.103614
11 0.503606 0.690361 0.0649038 0.195181
11 0.5625 0.683133 0.0384615 0.180723
11 0.612981 0.674699 0.0480769 0.178313
11 0.680288 0.661446 0.0432692 0.161446
11 0.734375 0.646988 0.0504808 0.151807
11 0.44351 0.668675 0.03125 0.151807
