0 0.376202 0.6875 0.0264423 0.0384615
3 0.186298 0.44351 0.0456731 0.0456731
3 0.307692 0.402644 0.0673077 0.03125
3 0.34375 0.370192 0.0336538 0.0240385
3 0.487981 0.4375 0.0625 0.0288462
3 0.603365 0.433894 0.0480769 0.0456731
3 0.729567 0.427885 0.0360577 0.0288462
5 0.25 0.908654 0.0576923 0.0769231
5 0.25 0.748798 0.0432692 0.0649038
5 0.570913 0.522837 0.0649038 0.0456731
5 0.512019 0.647837 0.0432692 0.0408654
6 0.120192 0.430288 0.163462 0.173077
6 0.295673 0.393029 0.0865385 0.122596
6 0.495192 0.426683 0.0769231 0.108173
6 0.877404 0.432692 0.245192 0.442308
7 0.634615 0.421875 0.120192 0.15625
9 0.126202 0.697115 0.237981 0.346154
9 0.280048 0.52524 0.151442 0.180288
9 0.491587 0.567308 0.122596 0.173077
9 0.65024 0.625 0.170673 0.235577
