9 0.340144 0.531325 0.112981 0.137349
3 0.658654 0.43494 0.0384615 0.0168675
5 0.326923 0.508434 0.0384615 0.0433735
5 0.270433 0.501205 0.0360577 0.0433735
3 0.46875 0.386747 0.0576923 0.0168675
0 0.625 0.73494 0.0384615 0.0337349
5 0.513221 0.63494 0.0552885 0.0746988
2 0.782452 0.420482 0.0552885 0.0168675
5 0.854567 0.628916 0.0456731 0.053012
5 0.722356 0.63494 0.0216346 0.0409639
0 0.668269 0.706024 0.0432692 0.0337349
5 0.596154 0.561446 0.0240385 0.0337349
9 0.498798 0.516867 0.117788 0.180723
7 0.472356 0.391566 0.0697115 0.0891566
11 0.342548 0.621687 0.117788 0.318072
11 0.663462 0.579518 0.0865385 0.243373
7 0.658654 0.433735 0.0432692 0.0578313
7 0.783654 0.418072 0.0721154 0.0939759
11 0.795673 0.713253 0.153846 0.525301
9 0.663462 0.524096 0.0865385 0.13253
9 0.799279 0.531325 0.15625 0.156627
11 0.49399 0.610843 0.117788 0.378313
7 0.323317 0.437349 0.0697115 0.0843373
1 0.263221 0.815663 0.0649038 0.0457831
1 0.41226 0.787952 0.0552885 0.0481928
3 0.319712 0.445783 0.0432692 0.0240964
