0 0.548077 0.736145 0.0240385 0.026506
0 0.310096 0.681928 0.0240385 0.0385542
0 0.496394 0.698795 0.0264423 0.0289157
5 0.46875 0.591566 0.0240385 0.0409639
5 0.492788 0.592771 0.0240385 0.0289157
5 0.584135 0.604819 0.0240385 0.0337349
5 0.709135 0.580723 0.0240385 0.0289157
5 0.382212 0.586747 0.0240385 0.0313253
5 0.365385 0.583133 0.0240385 0.0385542
5 0.288462 0.584337 0.0240385 0.0361446
6 0.332933 0.484337 0.0408654 0.053012
6 0.423077 0.473494 0.0384615 0.0554217
6 0.456731 0.478313 0.0336538 0.0409639
6 0.534856 0.46747 0.0504808 0.053012
6 0.612981 0.478313 0.0432692 0.0409639
6 0.679087 0.5 0.03125 0.0313253
9 0.324519 0.537349 0.0721154 0.0819277
9 0.419471 0.543373 0.0697115 0.0987952
9 0.533654 0.539759 0.0817308 0.0771084
9 0.604567 0.533735 0.0649038 0.0795181
9 0.676683 0.549398 0.0552885 0.0626506
11 0.322115 0.580723 0.0528846 0.159036
11 0.419471 0.573494 0.0649038 0.163855
11 0.526442 0.587952 0.0721154 0.183133
11 0.605769 0.574699 0.0625 0.151807
11 0.669471 0.574699 0.0552885 0.127711
