3 0.734375 0.379808 0.09375 0.0384615
3 0.552885 0.377404 0.0817308 0.0528846
3 0.299279 0.390625 0.0552885 0.03125
3 0.171875 0.375 0.0600962 0.0384615
4 0.472356 0.367788 0.0889423 0.0721154
4 0.633413 0.730769 0.0504808 0.100962
5 0.336538 0.733173 0.0528846 0.0528846
6 0.11899 0.371394 0.146635 0.209135
6 0.265625 0.382212 0.132212 0.153846
6 0.560096 0.388221 0.105769 0.15625
6 0.754808 0.385817 0.134615 0.161058
9 0.122596 0.640625 0.225962 0.353365
9 0.271635 0.592548 0.158654 0.271635
9 0.514423 0.586538 0.168269 0.288462
9 0.777644 0.61899 0.185096 0.314904
10 0.518029 0.668269 0.15625 0.461538
10 0.77524 0.721154 0.185096 0.5
