2 0.0264423 0.295673 0.0528846 0.0432692
2 0.324519 0.396635 0.0721154 0.0336538
2 0.4375 0.373798 0.0817308 0.0360577
2 0.752404 0.447115 0.0528846 0.0384615
2 0.86899 0.403846 0.09375 0.0288462
3 0.579327 0.356971 0.0721154 0.0360577
3 0.271635 0.322115 0.0769231 0.0384615
5 0.487981 0.560096 0.0817308 0.0913462
5 0.623798 0.576923 0.0793269 0.0769231
5 0.340144 0.731971 0.0408654 0.0841346
5 0.0997596 0.758413 0.0697115 0.0841346
7 0.227163 0.326923 0.127404 0.163462
7 0.439904 0.373798 0.0865385 0.103365
7 0.61899 0.359375 0.141827 0.146635
7 0.742788 0.441106 0.0673077 0.103365
7 0.876202 0.40024 0.108173 0.132212
