0 0.19351 0.590144 0.0745192 0.03125
0 0.800481 0.78125 0.0576923 0.0240385
0 0.861779 0.777644 0.0456731 0.0264423
4 0.221154 0.457933 0.0240385 0.0360577
4 0.719952 0.602163 0.0408654 0.03125
4 0.335337 0.379808 0.0264423 0.0240385
4 0.126202 0.334135 0.0360577 0.0336538
6 0.211538 0.322115 0.0480769 0.0528846
6 0.36899 0.34976 0.0264423 0.0360577
6 0.341346 0.342548 0.0288462 0.03125
6 0.606971 0.433894 0.0264423 0.03125
6 0.706731 0.429087 0.0288462 0.03125
6 0.759615 0.526442 0.0432692 0.0432692
6 0.782452 0.509615 0.0360577 0.0432692
9 0.189904 0.40024 0.0817308 0.108173
9 0.796875 0.588942 0.0745192 0.0769231
9 0.703125 0.469952 0.0456731 0.0456731
9 0.609375 0.47476 0.0504808 0.0600962
9 0.31851 0.38101 0.0360577 0.0649038
11 0.186298 0.451923 0.0793269 0.211538
11 0.798077 0.637019 0.0865385 0.177885
11 0.314904 0.403846 0.0336538 0.105769
11 0.704327 0.496394 0.0384615 0.0985577
