3 0.11899 0.284856 0.0456731 0.0168269
5 0.324519 0.594952 0.0625 0.0649038
0 0.397837 0.799279 0.0697115 0.0552885
0 0.819712 0.788462 0.0673077 0.0817308
3 0.69351 0.308894 0.0889423 0.0360577
6 0.986779 0.408654 0.0264423 0.0432692
0 0.430288 0.769231 0.0673077 0.0384615
6 0.520433 0.311298 0.0456731 0.0793269
0 0.481971 0.716346 0.0600962 0.0336538
9 0.1875 0.543269 0.168269 0.3125
0 0.450721 0.74399 0.0600962 0.0408654
6 0.0228365 0.310096 0.0456731 0.120192
11 0.185096 0.652644 0.173077 0.540865
6 0.822115 0.314904 0.0480769 0.0576923
5 0.951923 0.498798 0.0384615 0.0456731
5 0.078125 0.563702 0.0456731 0.0552885
6 0.286058 0.294471 0.0480769 0.0649038
6 0.597356 0.3125 0.0456731 0.0721154
9 0.888221 0.490385 0.165865 0.240385
9 0.692308 0.516827 0.235577 0.293269
6 0.350962 0.290865 0.0865385 0.115385
11 0.890625 0.594952 0.165865 0.46875
6 0.481971 0.289663 0.0745192 0.09375
6 0.409856 0.260817 0.0745192 0.108173
6 0.106971 0.274038 0.09375 0.100962
6 0.710337 0.293269 0.132212 0.158654
6 0.216346 0.319712 0.125 0.144231
6 0.890625 0.311298 0.09375 0.122596
11 0.691106 0.612981 0.237981 0.485577
3 0.0180288 0.326923 0.0360577 0.0288462
3 0.877404 0.328125 0.0576923 0.0168269
5 0.617788 0.557692 0.0576923 0.0576923
5 0.555288 0.551683 0.0432692 0.0600962
5 0.397837 0.438702 0.0456731 0.0408654
5 0.41226 0.278846 0.0504808 0.0192308
0 0.516827 0.68149 0.0480769 0.0264423
