0 0.49399 0.625 0.0504808 0.0240385
0 0.272837 0.653846 0.03125 0.0384615
7 0.266827 0.354567 0.0480769 0.0600962
11 0.510817 0.49399 0.0889423 0.228365
5 0.907452 0.483173 0.0264423 0.0288462
0 0.325721 0.59976 0.0408654 0.0264423
5 0.754808 0.485577 0.0288462 0.0384615
0 0.078125 0.5625 0.0264423 0.0240385
9 0.0600962 0.417067 0.0625 0.09375
0 0.199519 0.603365 0.0240385 0.0384615
0 0.252404 0.653846 0.0336538 0.0384615
7 0.132212 0.34976 0.0576923 0.0649038
0 0.110577 0.669471 0.0336538 0.0264423
9 0.586538 0.425481 0.0625 0.0865385
7 0.707933 0.359375 0.0504808 0.0504808
0 0.176683 0.667067 0.0456731 0.0360577
11 0.268029 0.508413 0.0985577 0.252404
5 0.802885 0.484375 0.0240385 0.0360577
9 0.510817 0.43149 0.09375 0.103365
11 0.134615 0.519231 0.110577 0.278846
11 0.852163 0.489183 0.108173 0.237981
11 0.706731 0.49399 0.0961538 0.233173
9 0.270433 0.44351 0.103365 0.117788
9 0.706731 0.4375 0.0961538 0.115385
9 0.852163 0.43149 0.108173 0.117788
9 0.133413 0.454327 0.108173 0.149038
0 0.694712 0.622596 0.0336538 0.0336538
0 0.0168269 0.550481 0.0144231 0.0288462
0 0.0288462 0.546875 0.0192308 0.0216346
0 0.225962 0.59976 0.0240385 0.03125
0 0.372596 0.606971 0.0144231 0.03125
0 0.361779 0.617788 0.0216346 0.0336538
0 0.4375 0.592548 0.0288462 0.0216346
0 0.832933 0.620192 0.0264423 0.0336538
0 0.584135 0.590144 0.0192308 0.0216346
0 0.561298 0.588942 0.0120192 0.0288462
7 0.576923 0.362981 0.0432692 0.0336538
7 0.508413 0.360577 0.0456731 0.0480769
7 0.539663 0.358173 0.03125 0.0384615
7 0.852163 0.34976 0.0408654 0.0408654
7 0.427885 0.360577 0.0336538 0.0336538
7 0.213942 0.344952 0.0384615 0.0504808
7 0.0709135 0.352163 0.03125 0.0360577
7 0.0216346 0.372596 0.0288462 0.0384615
7 0.373798 0.371394 0.03125 0.0360577
11 0.365385 0.504808 0.0673077 0.230769
11 0.0637019 0.454327 0.0600962 0.182692
11 0.58774 0.471154 0.0552885 0.1875
