4 0.436298 0.460337 0.0552885 0.0552885
4 0.586538 0.75601 0.0673077 0.0600962
6 0.515625 0.543269 0.112981 0.139423
10 0.782452 0.670673 0.420673 0.365385
3 0.645433 0.384615 0.0600962 0.0288462
4 0.396635 0.444712 0.0769231 0.0865385
2 0.268029 0.308894 0.112981 0.0456731
8 0.777644 0.617788 0.425481 0.274038
8 0.180288 0.463942 0.283654 0.336538
6 0.294471 0.276442 0.151442 0.149038
10 0.186298 0.557692 0.290865 0.552885
8 0.838942 0.423077 0.3125 0.177885
6 0.653846 0.354567 0.115385 0.137019
