2 0.945913 0.390361 0.108173 0.0481928
3 0.298077 0.442169 0.0336538 0.0313253
3 0.389423 0.345783 0.0432692 0.0361446
3 0.629808 0.389157 0.0528846 0.0313253
3 0.780048 0.455422 0.0841346 0.0385542
5 0.348558 0.59759 0.0865385 0.0578313
5 0.286058 0.6 0.0432692 0.053012
5 0.75601 0.577108 0.0793269 0.0746988
6 0.320913 0.439759 0.09375 0.0939759
6 0.435096 0.363855 0.120192 0.144578
6 0.661058 0.40241 0.120192 0.120482
6 0.77524 0.451807 0.09375 0.103614
9 0.314904 0.60241 0.0817308 0.192771
9 0.430288 0.571084 0.129808 0.279518
9 0.53726 0.578313 0.0745192 0.183133
9 0.663462 0.56747 0.120192 0.209639
9 0.90024 0.708434 0.199519 0.327711
11 0.409856 0.671084 0.103365 0.489157
11 0.524038 0.683133 0.0673077 0.392771
11 0.655048 0.721687 0.0985577 0.513253
