11 0.86899 0.491587 0.170673 0.425481
0 0.5625 0.59976 0.0528846 0.0264423
4 0.510817 0.706731 0.0504808 0.0480769
4 0.18149 0.445913 0.0456731 0.0600962
4 0.367788 0.491587 0.0384615 0.0504808
9 0.647837 0.426683 0.112981 0.137019
0 0.265625 0.709135 0.0552885 0.0528846
9 0.444712 0.691106 0.129808 0.117788
4 0.766827 0.512019 0.0480769 0.0865385
6 0.34976 0.233173 0.0793269 0.0769231
6 0.472356 0.597356 0.0793269 0.0889423
6 0.853365 0.236779 0.120192 0.0841346
6 0.643029 0.329327 0.0649038 0.0769231
11 0.288462 0.455529 0.158654 0.377404
9 0.288462 0.355769 0.163462 0.177885
9 0.871394 0.350962 0.175481 0.144231
5 0.570913 0.46274 0.0168269 0.03125
11 0.645433 0.461538 0.112981 0.211538
