6 0.135817 0.412048 0.0745192 0.0963855
6 0.221154 0.404819 0.0961538 0.115663
6 0.31851 0.415663 0.0649038 0.0939759
6 0.56851 0.404819 0.0552885 0.0915663
6 0.645433 0.422892 0.0504808 0.0795181
6 0.721154 0.4 0.0625 0.0771084
6 0.820913 0.414458 0.0649038 0.0915663
6 0.933894 0.421687 0.0793269 0.101205
9 0.22476 0.53012 0.122596 0.139759
9 0.320913 0.520482 0.0985577 0.110843
9 0.552885 0.518072 0.0913462 0.144578
9 0.643029 0.513253 0.0841346 0.115663
9 0.719952 0.496386 0.0745192 0.139759
9 0.819712 0.522892 0.0673077 0.13012
9 0.938702 0.525301 0.0889423 0.125301
9 0.109375 0.512048 0.122596 0.113253
0 0.302885 0.779518 0.0480769 0.0409639
0 0.365385 0.753012 0.0576923 0.0361446
0 0.302885 0.928916 0.0432692 0.0554217
0 0.362981 0.949398 0.0576923 0.0385542
0 0.155048 0.780723 0.0600962 0.0433735
0 0.15024 0.925301 0.0600962 0.0385542
0 0.0949519 0.822892 0.0456731 0.0457831
0 0.0949519 0.884337 0.0408654 0.0433735
0 0.530048 0.73253 0.0360577 0.0433735
0 0.579327 0.721687 0.0480769 0.0313253
0 0.53125 0.972289 0.0336538 0.0409639
0 0.713942 0.707229 0.0528846 0.0506024
11 0.320913 0.601205 0.108173 0.257831
11 0.550481 0.563855 0.0865385 0.245783
11 0.629808 0.579518 0.0769231 0.253012
11 0.710337 0.555422 0.0600962 0.233735
11 0.8125 0.587952 0.0721154 0.26988
11 0.926683 0.610843 0.0985577 0.296386
11 0.229567 0.624096 0.112981 0.318072
11 0.109375 0.608434 0.0985577 0.315663
