2 0.390625 0.324519 0.09375 0.0336538
2 0.799279 0.346154 0.0697115 0.0240385
2 0.640625 0.335337 0.0745192 0.0360577
2 0.444712 0.323317 0.0288462 0.03125
3 0.197115 0.33774 0.0432692 0.0360577
5 0.197115 0.653846 0.0480769 0.0625
5 0.240385 0.65024 0.0432692 0.0745192
5 0.617788 0.472356 0.0240385 0.0264423
6 0.152644 0.314904 0.122596 0.139423
6 0.259615 0.30649 0.129808 0.132212
6 0.389423 0.31851 0.0865385 0.132212
6 0.481971 0.319712 0.103365 0.115385
6 0.653846 0.334135 0.100962 0.115385
6 0.861779 0.326923 0.103365 0.100962
9 0.252404 0.536058 0.230769 0.307692
9 0.114183 0.519231 0.117788 0.288462
9 0.424279 0.5 0.170673 0.25
9 0.653846 0.495192 0.163462 0.221154
9 0.853365 0.520433 0.182692 0.266827
11 0.647837 0.590144 0.141827 0.415865
11 0.840144 0.646635 0.165865 0.519231
11 0.415865 0.657452 0.134615 0.550481
