3 0.844952 0.347356 0.0841346 0.03125
3 0.415865 0.409856 0.0961538 0.0456731
4 0.157452 0.429087 0.0552885 0.0408654
4 0.175481 0.489183 0.0528846 0.0552885
4 0.360577 0.447115 0.0625 0.0721154
4 0.491587 0.46274 0.0600962 0.0841346
4 0.66226 0.444712 0.0552885 0.0625
4 0.713942 0.44351 0.0432692 0.0745192
4 0.807692 0.407452 0.0576923 0.0552885
6 0.240385 0.391827 0.158654 0.206731
6 0.417067 0.391827 0.127404 0.173077
6 0.855769 0.329327 0.120192 0.144231
7 0.649038 0.407452 0.115385 0.141827
9 0.254808 0.609375 0.293269 0.242788
9 0.480769 0.610577 0.192308 0.269231
9 0.698317 0.582933 0.185096 0.242788
9 0.861779 0.561298 0.112981 0.276442
