6 0.270433 0.379808 0.0793269 0.100962
6 0.103365 0.373798 0.129808 0.137019
6 0.956731 0.4375 0.0673077 0.115385
7 0.597356 0.393029 0.0504808 0.0793269
7 0.854567 0.399038 0.0600962 0.0721154
7 0.657452 0.395433 0.0841346 0.09375
7 0.0348558 0.401442 0.0504808 0.0576923
0 0.299279 0.841346 0.0600962 0.0240385
0 0.300481 0.91226 0.0576923 0.0360577
0 0.567308 0.734375 0.0336538 0.0456731
0 0.594952 0.768029 0.0504808 0.0552885
0 0.804087 0.771635 0.0745192 0.0336538
0 0.884615 0.808894 0.0480769 0.0552885
0 0.810096 0.981971 0.0625 0.0360577
0 0.888221 0.938702 0.0408654 0.0456731
0 0.598558 0.984375 0.0625 0.03125
9 0.263221 0.538462 0.122596 0.221154
9 0.0889423 0.584135 0.163462 0.298077
9 0.590144 0.503606 0.0745192 0.127404
9 0.676683 0.53726 0.103365 0.194712
9 0.860577 0.520433 0.100962 0.161058
11 0.668269 0.670673 0.110577 0.447115
11 0.854567 0.59375 0.0889423 0.3125
11 0.251202 0.627404 0.0745192 0.394231
11 0.0865385 0.68149 0.144231 0.473558
