0 0.145433 0.80241 0.0697115 0.0385542
11 0.341346 0.687952 0.110577 0.113253
5 0.173077 0.63494 0.0288462 0.0361446
0 0.0841346 0.793976 0.0480769 0.0361446
6 0.0817308 0.477108 0.0336538 0.0385542
0 0.203125 0.59759 0.0264423 0.0240964
9 0.34375 0.66747 0.0961538 0.0674699
6 0.330529 0.616867 0.0552885 0.0674699
11 0.111779 0.628916 0.112981 0.293976
9 0.110577 0.561446 0.115385 0.154217
6 0.15024 0.46506 0.0649038 0.0722892
0 0.319712 0.740964 0.0432692 0.0409639
0 0.384615 0.750602 0.0288462 0.026506
