2 0.104567 0.26747 0.0600962 0.0289157
3 0.566106 0.286747 0.0649038 0.0240964
5 0.633413 0.583133 0.03125 0.0289157
5 0.186298 0.571084 0.0600962 0.0433735
5 0.322115 0.510843 0.0480769 0.0481928
9 0.0913462 0.461446 0.182692 0.253012
3 0.270433 0.292771 0.0697115 0.026506
9 0.853365 0.449398 0.206731 0.262651
0 0.276442 0.780723 0.0528846 0.0626506
0 0.623798 0.798795 0.0504808 0.060241
2 0.832933 0.273494 0.0793269 0.026506
0 0.77524 0.807229 0.09375 0.0433735
0 0.347356 0.740964 0.0841346 0.0409639
11 0.852163 0.548193 0.204327 0.455422
0 0.53125 0.762651 0.0769231 0.0554217
9 0.597356 0.459036 0.15625 0.224096
7 0.579327 0.292771 0.0913462 0.0987952
5 0.878606 0.615663 0.0456731 0.0457831
7 0.840144 0.272289 0.103365 0.110843
9 0.282452 0.448193 0.146635 0.19759
11 0.0961538 0.562651 0.1875 0.455422
7 0.270433 0.296386 0.0697115 0.0915663
7 0.0697115 0.261446 0.139423 0.142169
11 0.594952 0.548193 0.161058 0.40241
11 0.28125 0.542169 0.153846 0.385542
