1 0.921875 0.681928 0.0264423 0.0289157
1 0.903846 0.686747 0.0240385 0.0337349
1 0.651442 0.777108 0.0384615 0.0361446
1 0.58774 0.787952 0.0504808 0.0337349
3 0.625 0.522892 0.0336538 0.0240964
3 0.727163 0.53012 0.0264423 0.0240964
5 0.146635 0.540964 0.0576923 0.060241
5 0.487981 0.533735 0.0384615 0.0506024
5 0.694712 0.643373 0.0240385 0.0289157
5 0.771635 0.56747 0.0288462 0.0457831
7 0.0637019 0.508434 0.112981 0.110843
7 0.251202 0.503614 0.103365 0.115663
7 0.628606 0.519277 0.0408654 0.060241
7 0.731971 0.531325 0.0408654 0.0506024
7 0.796875 0.587952 0.0697115 0.086747
7 0.907452 0.50241 0.0408654 0.0457831
6 0.399038 0.508434 0.110577 0.139759
9 0.0745192 0.701205 0.149038 0.284337
9 0.235577 0.698795 0.149038 0.289157
9 0.413462 0.714458 0.192308 0.257831
9 0.632212 0.596386 0.0961538 0.13253
9 0.725962 0.592771 0.0528846 0.086747
9 0.789663 0.709639 0.108173 0.151807
9 0.908654 0.560241 0.0576923 0.0891566
11 0.0721154 0.70241 0.144231 0.286747
11 0.235577 0.69759 0.149038 0.291566
11 0.415865 0.713253 0.197115 0.260241
11 0.627404 0.645783 0.0961538 0.231325
11 0.722356 0.622892 0.0649038 0.151807
11 0.78125 0.733735 0.129808 0.204819
11 0.902644 0.593976 0.0552885 0.151807
