2 0.707933 0.348558 0.0408654 0.0240385
2 0.967548 0.478365 0.0649038 0.0384615
2 0.21274 0.377404 0.03125 0.0288462
3 0.876202 0.355769 0.03125 0.0240385
3 0.933894 0.334135 0.03125 0.0240385
3 0.963942 0.348558 0.0384615 0.0240385
3 0.763221 0.396635 0.0360577 0.0240385
3 0.180288 0.395433 0.0480769 0.03125
3 0.25601 0.358173 0.0408654 0.0288462
5 0.176683 0.757212 0.122596 0.0769231
5 0.282452 0.552885 0.0649038 0.0432692
5 0.186298 0.536058 0.03125 0.0384615
5 0.286058 0.46875 0.0336538 0.0384615
5 0.91226 0.626202 0.0745192 0.0456731
5 0.810096 0.590144 0.0673077 0.0456731
5 0.722356 0.496394 0.0456731 0.0504808
5 0.6875 0.46274 0.0384615 0.0360577
5 0.673077 0.450721 0.0432692 0.0360577
5 0.652644 0.414663 0.0408654 0.03125
6 0.766827 0.322115 0.0480769 0.0576923
7 0.163462 0.395433 0.0913462 0.103365
7 0.198317 0.367788 0.0697115 0.100962
7 0.251202 0.348558 0.0600962 0.0817308
7 0.710337 0.352163 0.0552885 0.0697115
7 0.784856 0.389423 0.0745192 0.0817308
7 0.88101 0.352163 0.0456731 0.0600962
7 0.932692 0.330529 0.0336538 0.0456731
7 0.969952 0.34976 0.0552885 0.0552885
7 0.967548 0.484375 0.0649038 0.127404
9 0.115385 0.521635 0.153846 0.182692
5 0.0228365 0.623798 0.0456731 0.09375
9 0.972356 0.59375 0.0552885 0.110577
9 0.890625 0.411058 0.0793269 0.0865385
9 0.933894 0.387019 0.0456731 0.0721154
9 0.829327 0.495192 0.129808 0.163462
9 0.71274 0.409856 0.0600962 0.103365
9 0.242788 0.429087 0.0721154 0.0600962
11 0.111779 0.519231 0.151442 0.177885
11 0.237981 0.429087 0.0721154 0.0697115
11 0.830529 0.496394 0.137019 0.161058
11 0.711538 0.415865 0.0625 0.0865385
11 0.972356 0.594952 0.0552885 0.112981
11 0.890625 0.411058 0.0841346 0.100962
11 0.933894 0.385817 0.0504808 0.0793269
