0 0.734375 0.721154 0.0456731 0.0240385
0 0.689904 0.721154 0.0384615 0.0240385
0 0.123798 0.810096 0.0793269 0.0240385
1 0.469952 0.741587 0.0504808 0.0360577
2 0.262019 0.370192 0.0576923 0.0336538
3 0.100962 0.366587 0.0432692 0.0264423
3 0.418269 0.389423 0.0432692 0.0288462
3 0.580529 0.408654 0.0456731 0.0240385
3 0.735577 0.43149 0.0336538 0.0264423
3 0.83774 0.459135 0.03125 0.0240385
7 0.0841346 0.367788 0.0817308 0.0865385
7 0.252404 0.373798 0.0625 0.0793269
7 0.413462 0.393029 0.0576923 0.0745192
7 0.473558 0.429087 0.0432692 0.0697115
7 0.570913 0.411058 0.0504808 0.0673077
7 0.734375 0.433894 0.0456731 0.0552885
7 0.83774 0.460337 0.0408654 0.0504808
9 0.0673077 0.491587 0.120192 0.170673
5 0.153846 0.527644 0.0528846 0.0408654
5 0.3125 0.438702 0.0336538 0.0456731
5 0.40625 0.491587 0.0384615 0.0408654
5 0.490385 0.564904 0.0240385 0.0240385
9 0.25 0.496394 0.110577 0.180288
9 0.41226 0.504808 0.103365 0.144231
9 0.56851 0.510817 0.0889423 0.141827
9 0.719952 0.514423 0.09375 0.110577
9 0.826923 0.522837 0.0769231 0.0889423
11 0.0721154 0.585337 0.115385 0.348558
11 0.245192 0.586538 0.100962 0.355769
11 0.405048 0.576923 0.0985577 0.293269
11 0.560096 0.581731 0.0865385 0.283654
11 0.713942 0.572115 0.0913462 0.230769
11 0.822115 0.573317 0.0769231 0.204327
