0 0.59375 0.623798 0.0336538 0.0264423
11 0.34976 0.543269 0.0408654 0.182692
11 0.415865 0.527644 0.0673077 0.137019
0 0.245192 0.644231 0.0288462 0.0288462
0 0.637019 0.627404 0.0288462 0.0240385
0 0.826923 0.625 0.0240385 0.0240385
11 0.668269 0.528846 0.0576923 0.163462
6 0.665865 0.492788 0.0528846 0.0817308
0 0.459135 0.602163 0.0288462 0.03125
11 0.798077 0.524038 0.0673077 0.168269
9 0.262019 0.481971 0.0528846 0.0793269
10 0.258413 0.532452 0.0600962 0.189904
6 0.262019 0.430288 0.0384615 0.0432692
8 0.413462 0.497596 0.0625 0.0769231
6 0.402644 0.445913 0.0408654 0.0504808
6 0.685096 0.429087 0.0384615 0.0456731
9 0.794471 0.491587 0.0600962 0.103365
6 0.788462 0.427885 0.0432692 0.0480769
0 0.280048 0.644231 0.03125 0.0288462
4 0.736779 0.457933 0.0168269 0.0216346
0 0.789663 0.626202 0.0264423 0.0216346
