0 0.328125 0.842548 0.0552885 0.0360577
0 0.263221 0.842548 0.0456731 0.0456731
0 0.688702 0.810096 0.0360577 0.0288462
0 0.65024 0.808894 0.0408654 0.03125
3 0.289663 0.591346 0.0408654 0.0240385
3 0.673077 0.591346 0.0288462 0.0240385
5 0.332933 0.710337 0.0264423 0.0264423
5 0.246394 0.721154 0.0264423 0.0240385
5 0.657452 0.676683 0.03125 0.0360577
7 0.294471 0.58774 0.0456731 0.0504808
7 0.675481 0.588942 0.0384615 0.0432692
9 0.294471 0.670673 0.0889423 0.125
9 0.673077 0.65625 0.0721154 0.0961538
