1 0.830529 0.721154 0.0456731 0.0480769
1 0.790865 0.701923 0.0336538 0.0576923
5 0.798077 0.53125 0.0288462 0.0384615
5 0.685096 0.555288 0.0336538 0.0384615
5 0.133413 0.657452 0.0408654 0.0408654
5 0.207933 0.643029 0.0264423 0.0408654
5 0.293269 0.603365 0.0288462 0.0432692
5 0.370192 0.597356 0.0240385 0.0456731
1 0.706731 0.657452 0.0288462 0.0264423
1 0.676683 0.665865 0.03125 0.0288462
1 0.611779 0.683894 0.0360577 0.03125
1 0.572115 0.689904 0.0240385 0.0336538
1 0.52524 0.719952 0.0408654 0.0360577
1 0.479567 0.729567 0.0264423 0.0360577
1 0.399038 0.71875 0.0432692 0.0288462
1 0.36899 0.751202 0.0456731 0.0360577
1 0.314904 0.757212 0.0336538 0.0480769
1 0.192308 0.778846 0.0576923 0.0288462
1 0.153846 0.80649 0.0480769 0.0456731
1 0.549279 0.646635 0.0408654 0.0240385
3 0.33774 0.471154 0.03125 0.0240385
3 0.495192 0.463942 0.0288462 0.0240385
3 0.658654 0.467548 0.0240385 0.0264423
3 0.171875 0.487981 0.0408654 0.0240385
6 0.164663 0.483173 0.0504808 0.0865385
6 0.817308 0.391827 0.0769231 0.0913462
5 0.887019 0.389423 0.0384615 0.0480769
7 0.373798 0.487981 0.0360577 0.0576923
7 0.427885 0.498798 0.0288462 0.0456731
7 0.590144 0.46875 0.0360577 0.0576923
7 0.605769 0.46274 0.0240385 0.0552885
7 0.659856 0.461538 0.0408654 0.0528846
7 0.0889423 0.498798 0.0432692 0.0697115
9 0.0793269 0.554087 0.0817308 0.0745192
9 0.16226 0.563702 0.0985577 0.117788
9 0.329327 0.552885 0.0721154 0.100962
9 0.384615 0.551683 0.0432692 0.0889423
9 0.430288 0.536058 0.0432692 0.0576923
9 0.49399 0.52524 0.0697115 0.0889423
9 0.588942 0.516827 0.0528846 0.0721154
9 0.622596 0.508413 0.0288462 0.0793269
9 0.675481 0.508413 0.0721154 0.0697115
9 0.77524 0.510817 0.0360577 0.0745192
9 0.825721 0.490385 0.0745192 0.120192
11 0.0793269 0.621394 0.0865385 0.204327
11 0.163462 0.640625 0.0913462 0.271635
11 0.336538 0.623798 0.0961538 0.242788
11 0.385817 0.606971 0.0360577 0.213942
11 0.430288 0.576923 0.0480769 0.144231
11 0.492788 0.596154 0.0769231 0.221154
11 0.586538 0.579327 0.0625 0.197115
11 0.626202 0.56851 0.0264423 0.189904
11 0.680288 0.558894 0.0817308 0.161058
11 0.772837 0.546875 0.0360577 0.146635
11 0.826923 0.5625 0.0817308 0.274038
