4 0.536058 0.980769 0.0625 0.0384615
11 0.6875 0.338942 0.177885 0.269231
3 0.865385 0.262019 0.0913462 0.0336538
6 0.300481 0.203125 0.0480769 0.0600962
3 0.300481 0.204327 0.0432692 0.0192308
6 0.826923 0.560096 0.0961538 0.100962
9 0.298077 0.292067 0.0865385 0.127404
3 0.828125 0.554087 0.0841346 0.0360577
9 0.795673 0.683894 0.230769 0.161058
0 0.338942 0.472356 0.0432692 0.0360577
0 0.432692 0.701923 0.0625 0.0480769
8 0.191106 0.609375 0.194712 0.189904
4 0.533654 0.658654 0.0673077 0.0721154
9 0.18149 0.305288 0.151442 0.1875
5 0.894231 0.492788 0.0480769 0.0480769
9 0.692308 0.286058 0.168269 0.153846
9 0.473558 0.519231 0.168269 0.177885
6 0.210337 0.463942 0.137019 0.125
9 0.896635 0.378606 0.197115 0.21875
6 0.477163 0.390625 0.112981 0.117788
7 0.866587 0.251202 0.0985577 0.127404
