3 0.552885 0.374699 0.0721154 0.026506
3 0.850962 0.363855 0.0913462 0.0289157
9 0.159856 0.555422 0.180288 0.238554
3 0.182692 0.389157 0.0288462 0.026506
3 0.0324519 0.387952 0.0600962 0.0433735
3 0.354567 0.390361 0.0745192 0.0240964
11 0.566106 0.622892 0.165865 0.455422
9 0.355769 0.50241 0.192308 0.175904
9 0.0420673 0.596386 0.0841346 0.296386
5 0.576923 0.70241 0.0576923 0.0457831
9 0.563702 0.513253 0.15625 0.216867
11 0.362981 0.622892 0.206731 0.426506
7 0.0324519 0.378313 0.0649038 0.159036
11 0.173077 0.646988 0.163462 0.426506
9 0.884615 0.485542 0.163462 0.161446
11 0.0420673 0.653012 0.0841346 0.419277
5 0.296875 0.662651 0.0841346 0.0722892
5 0.330529 0.612048 0.0408654 0.0433735
7 0.852163 0.361446 0.0985577 0.101205
7 0.354567 0.379518 0.0841346 0.103614
7 0.655048 0.351807 0.117788 0.115663
7 0.15024 0.375904 0.103365 0.110843
7 0.554087 0.366265 0.0793269 0.101205
11 0.722356 0.627711 0.199519 0.479518
9 0.725962 0.519277 0.192308 0.253012
11 0.885817 0.590361 0.165865 0.380723
