0 0.223558 0.744578 0.0384615 0.0240964
0 0.239183 0.771084 0.0504808 0.0289157
0 0.189904 0.772289 0.0673077 0.026506
3 0.575721 0.348193 0.0841346 0.0313253
3 0.367788 0.439759 0.0673077 0.0313253
3 0.272837 0.484337 0.0504808 0.0240964
3 0.183894 0.506024 0.0408654 0.0240964
4 0.850962 0.650602 0.0913462 0.0963855
4 0.561298 0.621687 0.0793269 0.0674699
6 0.55649 0.355422 0.132212 0.146988
6 0.350962 0.440964 0.110577 0.120482
6 0.276442 0.485542 0.0673077 0.0698795
6 0.174279 0.501205 0.0552885 0.0674699
9 0.641827 0.559036 0.264423 0.255422
9 0.340144 0.603614 0.112981 0.2
9 0.168269 0.587952 0.0865385 0.106024
10 0.331731 0.708434 0.158654 0.4
10 0.66226 0.704819 0.367788 0.546988
10 0.163462 0.643373 0.105769 0.221687
