2 0.27524 0.340144 0.132212 0.0649038
2 0.786058 0.376202 0.120192 0.0504808
5 0.115385 0.519231 0.120192 0.0865385
5 0.290865 0.530048 0.0817308 0.112981
5 0.441106 0.53125 0.0649038 0.0865385
5 0.677885 0.5 0.0721154 0.0721154
5 0.887019 0.692308 0.115385 0.110577
3 0.566106 0.387019 0.0985577 0.0576923
6 0.276442 0.340144 0.177885 0.228365
6 0.574519 0.390625 0.153846 0.189904
6 0.789663 0.383413 0.151442 0.213942
9 0.215144 0.676683 0.314904 0.463942
9 0.533654 0.699519 0.235577 0.413462
9 0.828125 0.65024 0.305288 0.396635
