6 0.353012 0.334135 0.0939759 0.125
6 0.446988 0.342548 0.0795181 0.112981
6 0.56988 0.324519 0.0939759 0.115385
2 0.437349 0.358173 0.0506024 0.0336538
2 0.359036 0.348558 0.0722892 0.0384615
3 0.56747 0.33774 0.0506024 0.0504808
0 0.646988 0.895433 0.0698795 0.0889423
0 0.56506 0.875 0.103614 0.0769231
0 0.338554 0.961538 0.127711 0.0673077
0 0.36988 0.919471 0.0795181 0.03125
1 0.36988 0.867788 0.0409639 0.0576923
1 0.484337 0.877404 0.0481928 0.0673077
8 0.624096 0.480769 0.183133 0.269231
8 0.433735 0.50601 0.125301 0.233173
8 0.304819 0.509615 0.142169 0.269231
8 0.0433735 0.504808 0.086747 0.254808
8 0.96988 0.463942 0.060241 0.221154
11 0.427711 0.620192 0.122892 0.456731
11 0.293976 0.63101 0.120482 0.516827
11 0.642169 0.588942 0.13253 0.480769
