4 0.862981 0.709135 0.0384615 0.0480769
2 0.304087 0.323317 0.0841346 0.03125
3 0.581731 0.342548 0.0576923 0.0216346
11 0.741587 0.454327 0.108173 0.192308
9 0.834135 0.533654 0.110577 0.206731
0 0.74399 0.706731 0.0600962 0.0336538
9 0.739183 0.451923 0.117788 0.1875
0 0.479567 0.841346 0.0552885 0.0480769
0 0.519231 0.770433 0.0480769 0.0408654
0 0.507212 0.8125 0.0576923 0.0384615
6 0.828125 0.388221 0.0552885 0.0649038
0 0.653846 0.757212 0.0528846 0.0384615
5 0.5625 0.576923 0.0336538 0.0384615
5 0.53125 0.58774 0.0288462 0.0360577
3 0.825721 0.393029 0.0408654 0.0216346
7 0.463942 0.352163 0.0721154 0.09375
11 0.284856 0.665865 0.189904 0.639423
5 0.40625 0.58774 0.0288462 0.0408654
7 0.580529 0.342548 0.0600962 0.0841346
5 0.19351 0.602163 0.0408654 0.0456731
7 0.111779 0.365385 0.0889423 0.115385
9 0.280048 0.466346 0.194712 0.240385
7 0.740385 0.330529 0.0576923 0.0793269
6 0.745192 0.489183 0.0961538 0.122596
9 0.606971 0.46875 0.146635 0.1875
7 0.305288 0.313702 0.0961538 0.127404
11 0.467548 0.582933 0.151442 0.391827
9 0.0817308 0.52524 0.163462 0.237981
11 0.0829327 0.699519 0.165865 0.596154
9 0.463942 0.487981 0.149038 0.197115
11 0.610577 0.557692 0.144231 0.370192
0 0.417067 0.854567 0.0697115 0.0408654
3 0.335337 0.397837 0.0600962 0.0216346
4 0.808894 0.658654 0.0504808 0.0480769
11 0.966346 0.551683 0.0673077 0.185096
