11 0.620482 0.638221 0.137349 0.295673
7 0.963855 0.522837 0.0722892 0.141827
9 0.621687 0.574519 0.13494 0.163462
6 0.915663 0.507212 0.0722892 0.120192
6 0.828916 0.503606 0.0771084 0.103365
9 0.39759 0.707933 0.110843 0.137019
6 0.313253 0.573317 0.0481928 0.0552885
6 0.39759 0.604567 0.0578313 0.0600962
6 0.443374 0.592548 0.0481928 0.0552885
7 0.761446 0.526442 0.110843 0.144231
11 0.395181 0.774038 0.115663 0.269231
6 0.614458 0.447115 0.0674699 0.0673077
9 0.933735 0.794471 0.13253 0.348558
6 0.681928 0.450721 0.053012 0.0552885
9 0.73253 0.790865 0.260241 0.350962
6 0.46747 0.524038 0.0433735 0.0384615
11 0.298795 0.704327 0.0578313 0.211538
0 0.356627 0.944712 0.0433735 0.0432692
0 0.413253 0.917067 0.0409639 0.0264423
