2 0.22476 0.504808 0.0552885 0.0336538
3 0.0132212 0.471154 0.0264423 0.0288462
3 0.28125 0.448317 0.0480769 0.0264423
3 0.407452 0.438702 0.0552885 0.03125
3 0.555288 0.471154 0.0480769 0.0432692
3 0.699519 0.467548 0.0673077 0.0360577
3 0.772837 0.43149 0.0408654 0.03125
3 0.959135 0.475962 0.0576923 0.0384615
5 0.43149 0.604567 0.0600962 0.0456731
5 0.413462 0.621394 0.0288462 0.0456731
5 0.611779 0.627404 0.0649038 0.0480769
5 0.671875 0.668269 0.0793269 0.0625
7 0.015625 0.451923 0.03125 0.0769231
7 0.0504808 0.429087 0.0480769 0.0456731
7 0.201923 0.504808 0.100962 0.120192
7 0.269231 0.444712 0.0817308 0.105769
7 0.408654 0.432692 0.0673077 0.0961538
7 0.564904 0.465144 0.0721154 0.0841346
7 0.706731 0.450721 0.0961538 0.137019
7 0.77524 0.4375 0.0504808 0.100962
7 0.963942 0.473558 0.0721154 0.120192
9 0.0252404 0.53726 0.0504808 0.137019
9 0.0721154 0.516827 0.0817308 0.144231
9 0.18149 0.667067 0.161058 0.257212
9 0.268029 0.581731 0.0889423 0.201923
9 0.413462 0.546875 0.158654 0.180288
9 0.580529 0.591346 0.146635 0.206731
9 0.736779 0.641827 0.213942 0.293269
9 0.819712 0.567308 0.115385 0.206731
9 0.947115 0.646635 0.105769 0.216346
11 0.0252404 0.597356 0.0504808 0.262019
11 0.0685096 0.566106 0.09375 0.252404
11 0.169471 0.704327 0.189904 0.341346
11 0.264423 0.643029 0.0961538 0.305288
11 0.420673 0.59375 0.168269 0.269231
11 0.581731 0.594952 0.149038 0.228365
11 0.728365 0.682692 0.225962 0.379808
11 0.804087 0.664663 0.09375 0.411058
11 0.944712 0.703125 0.110577 0.348558
