0 0.582933 0.689904 0.0504808 0.0961538
0 0.534856 0.69351 0.0504808 0.103365
0 0.855769 0.677885 0.0673077 0.115385
0 0.921875 0.675481 0.0408654 0.0865385
4 0.489183 0.512019 0.0360577 0.0528846
4 0.0348558 0.444712 0.0360577 0.0336538
4 0.979567 0.484375 0.0408654 0.0552885
6 0.0144231 0.353365 0.0288462 0.0480769
6 0.584135 0.353365 0.0817308 0.0576923
6 0.956731 0.338942 0.0721154 0.0576923
9 0.554087 0.447115 0.117788 0.158654
9 0.909856 0.426683 0.0841346 0.132212
11 0.557692 0.512019 0.105769 0.264423
11 0.905048 0.472356 0.0745192 0.213942
