1 0.246394 0.52524 0.03125 0.0360577
1 0.28125 0.518029 0.0432692 0.03125
1 0.96875 0.490385 0.0432692 0.0336538
1 0.985577 0.521635 0.0288462 0.0625
5 0.223558 0.429087 0.0240385 0.03125
5 0.298077 0.414663 0.0288462 0.0360577
5 0.483173 0.364183 0.0240385 0.03125
5 0.5 0.361779 0.0240385 0.0360577
7 0.248798 0.305288 0.0456731 0.0576923
6 0.445913 0.298077 0.0456731 0.0576923
6 0.852163 0.311298 0.0408654 0.0456731
9 0.248798 0.38101 0.0841346 0.103365
9 0.463942 0.367788 0.0769231 0.0865385
9 0.850962 0.358173 0.0673077 0.0865385
9 0.983173 0.367788 0.0336538 0.0817308
11 0.247596 0.420673 0.0865385 0.1875
11 0.463942 0.424279 0.0817308 0.209135
11 0.850962 0.384615 0.0721154 0.144231
11 0.984375 0.40625 0.03125 0.163462
