0 0.414663 0.783133 0.0745192 0.0385542
0 0.921875 0.669879 0.0600962 0.0289157
0 0.788462 0.768675 0.0673077 0.0433735
0 0.731971 0.746988 0.0552885 0.0289157
0 0.478365 0.696386 0.0288462 0.0385542
0 0.532452 0.692771 0.0408654 0.0313253
0 0.706731 0.653012 0.0528846 0.0337349
0 0.609375 0.727711 0.0408654 0.0433735
0 0.584135 0.710843 0.0432692 0.0289157
0 0.188702 0.810843 0.0600962 0.0457831
0 0.217548 0.784337 0.0456731 0.0313253
0 0.356971 0.774699 0.0408654 0.0313253
0 0.230769 0.708434 0.0480769 0.0385542
0 0.263221 0.695181 0.0360577 0.0361446
2 0.173077 0.395181 0.0576923 0.0289157
2 0.503606 0.366265 0.0456731 0.0240964
2 0.574519 0.378313 0.0336538 0.0240964
3 0.0372596 0.336145 0.0408654 0.0313253
3 0.241587 0.375904 0.0360577 0.0240964
3 0.444712 0.368675 0.0384615 0.0240964
3 0.725962 0.342169 0.0384615 0.0289157
3 0.894231 0.404819 0.0240385 0.0240964
5 0.0661058 0.419277 0.0600962 0.0626506
5 0.192308 0.444578 0.0480769 0.0361446
5 0.158654 0.624096 0.0384615 0.0289157
5 0.331731 0.556626 0.0432692 0.0481928
5 0.277644 0.385542 0.0360577 0.0481928
5 0.560096 0.46988 0.0240385 0.0240964
5 0.546875 0.456627 0.0264423 0.0313253
5 0.710337 0.46988 0.03125 0.0337349
5 0.723558 0.506024 0.0336538 0.0433735
5 0.891827 0.468675 0.0240385 0.0361446
6 0.0240385 0.344578 0.0480769 0.106024
6 0.167067 0.396386 0.0697115 0.0746988
6 0.239183 0.375904 0.0456731 0.0626506
6 0.389423 0.339759 0.0625 0.086747
6 0.498798 0.368675 0.0504808 0.0722892
6 0.585337 0.385542 0.0504808 0.0578313
6 0.685096 0.377108 0.0528846 0.0506024
6 0.751202 0.342169 0.0745192 0.0819277
6 0.908654 0.393976 0.0528846 0.060241
9 0.0372596 0.512048 0.0745192 0.228916
9 0.171875 0.507229 0.0985577 0.137349
9 0.25 0.449398 0.0769231 0.103614
9 0.365385 0.468675 0.0961538 0.171084
9 0.496394 0.459036 0.0985577 0.0939759
9 0.588942 0.485542 0.0721154 0.142169
9 0.670673 0.463855 0.0673077 0.118072
9 0.77524 0.472289 0.0985577 0.173494
9 0.925481 0.478313 0.0769231 0.103614
11 0.179087 0.6 0.0889423 0.303614
11 0.241587 0.533735 0.0697115 0.248193
11 0.36899 0.556626 0.103365 0.327711
11 0.498798 0.527711 0.103365 0.240964
11 0.586538 0.543373 0.0817308 0.238554
11 0.677885 0.503614 0.0721154 0.20241
11 0.771635 0.542169 0.100962 0.303614
11 0.924279 0.53494 0.0649038 0.207229
