0 0.717548 0.619277 0.0456731 0.0626506
0 0.372596 0.79759 0.0817308 0.0722892
3 0.442308 0.503614 0.0240385 0.0433735
4 0.340144 0.628916 0.0697115 0.0578313
4 0.711538 0.451807 0.0480769 0.0506024
4 0.793269 0.46747 0.0288462 0.053012
4 0.824519 0.481928 0.0336538 0.0626506
4 0.888221 0.501205 0.0600962 0.0433735
4 0.932692 0.553012 0.0576923 0.0506024
5 0.41226 0.685542 0.0649038 0.060241
5 0.632212 0.604819 0.0673077 0.0674699
6 0.215144 0.384337 0.0600962 0.060241
6 0.496394 0.420482 0.132212 0.142169
6 0.575721 0.255422 0.0889423 0.0915663
6 0.873798 0.286747 0.0841346 0.115663
6 0.971154 0.278313 0.0576923 0.0795181
6 0.719952 0.289157 0.0408654 0.0481928
6 0.811298 0.286747 0.0649038 0.086747
9 0.27524 0.461446 0.233173 0.156627
9 0.573317 0.518072 0.112981 0.086747
9 0.602163 0.348193 0.0889423 0.0891566
9 0.753606 0.374699 0.103365 0.108434
9 0.895433 0.401205 0.112981 0.122892
