7 0.135817 0.316106 0.0649038 0.09375
7 0.290865 0.310096 0.0673077 0.0769231
7 0.480769 0.344952 0.0576923 0.0745192
7 0.604567 0.324519 0.0456731 0.0817308
7 0.789663 0.334135 0.0504808 0.0769231
7 0.896635 0.317308 0.0721154 0.0913462
5 0.4375 0.394231 0.0240385 0.0432692
5 0.528846 0.509615 0.0240385 0.0576923
5 0.561298 0.463942 0.0360577 0.0480769
5 0.655048 0.465144 0.03125 0.0552885
5 0.830529 0.481971 0.0504808 0.0600962
9 0.288462 0.415865 0.115385 0.125
9 0.125 0.415865 0.125 0.105769
9 0.481971 0.429087 0.0745192 0.09375
9 0.604567 0.413462 0.108173 0.0913462
9 0.790865 0.423077 0.0865385 0.110577
9 0.897837 0.441106 0.09375 0.137019
0 0.269231 0.722356 0.0432692 0.0456731
0 0.352163 0.707933 0.0552885 0.0408654
0 0.570913 0.689904 0.0456731 0.0336538
0 0.741587 0.679087 0.0456731 0.0456731
0 0.180288 0.733173 0.0721154 0.0432692
0 0.09375 0.754808 0.0673077 0.0336538
11 0.479567 0.518029 0.0697115 0.286058
11 0.28726 0.516827 0.132212 0.317308
11 0.128606 0.536058 0.141827 0.336538
11 0.602163 0.504808 0.0985577 0.293269
11 0.792067 0.514423 0.0841346 0.302885
11 0.902644 0.528846 0.09375 0.336538
