6 0.359375 0.314904 0.0745192 0.125
6 0.548077 0.332933 0.0913462 0.146635
6 0.61899 0.28125 0.0745192 0.115385
7 0.769231 0.195913 0.0961538 0.103365
7 0.847356 0.336538 0.21875 0.225962
7 0.444712 0.354567 0.0673077 0.103365
7 0.120192 0.313702 0.0625 0.0649038
7 0.0552885 0.342548 0.0817308 0.127404
5 0.0721154 0.319712 0.0432692 0.0528846
5 0.421875 0.439904 0.0504808 0.0480769
5 0.473558 0.435096 0.0432692 0.0528846
5 0.574519 0.540865 0.0432692 0.0865385
5 0.760817 0.75601 0.0793269 0.09375
9 0.0841346 0.495192 0.149038 0.225962
9 0.909856 0.659856 0.15625 0.459135
9 0.789663 0.461538 0.127404 0.370192
9 0.301683 0.459135 0.103365 0.211538
9 0.549279 0.492788 0.122596 0.216346
11 0.0865385 0.620192 0.158654 0.485577
11 0.296875 0.557692 0.117788 0.413462
3 0.823317 0.388221 0.0841346 0.0504808
3 0.449519 0.356971 0.0480769 0.03125
