3 0.0877404 0.375904 0.0408654 0.0144578
3 0.63101 0.331325 0.03125 0.0168675
5 0.622596 0.487952 0.0288462 0.0313253
5 0.144231 0.533735 0.0288462 0.0361446
7 0.794471 0.318072 0.0456731 0.0481928
5 0.953125 0.486747 0.03125 0.0337349
9 0.204327 0.36988 0.0336538 0.0457831
0 0.973558 0.653012 0.0528846 0.0433735
9 0.824519 0.453012 0.125 0.139759
2 0.81851 0.350602 0.0408654 0.0216867
7 0.0829327 0.378313 0.0600962 0.0722892
0 0.129808 0.703614 0.0384615 0.0385542
0 0.746394 0.586747 0.03125 0.0361446
11 0.972356 0.490361 0.0552885 0.281928
3 0.317308 0.356627 0.0432692 0.0192771
7 0.311298 0.357831 0.0600962 0.0795181
7 0.826923 0.346988 0.0625 0.0771084
0 0.938702 0.63494 0.0600962 0.0361446
11 0.569712 0.485542 0.0625 0.219277
9 0.24399 0.383133 0.0456731 0.0626506
0 0.649038 0.645783 0.0336538 0.0385542
5 0.647837 0.490361 0.03125 0.0313253
5 0.936298 0.480723 0.03125 0.0361446
9 0.0408654 0.495181 0.0817308 0.142169
0 0.153846 0.685542 0.0480769 0.0361446
0 0.460337 0.63494 0.03125 0.0313253
5 0.128606 0.538554 0.0408654 0.0361446
0 0.50601 0.63253 0.0456731 0.0313253
0 0.317308 0.746988 0.0432692 0.0481928
0 0.0985577 0.762651 0.0673077 0.0361446
11 0.0432692 0.590361 0.0865385 0.33253
5 0.350962 0.548193 0.0432692 0.0409639
5 0.802885 0.420482 0.0336538 0.0361446
7 0.632212 0.331325 0.0480769 0.060241
9 0.322115 0.478313 0.125 0.171084
0 0.782452 0.712048 0.0697115 0.0361446
0 0.605769 0.638554 0.0480769 0.0337349
0 0.83774 0.744578 0.0649038 0.053012
0 0.383413 0.716867 0.0600962 0.0361446
11 0.109375 0.538554 0.117788 0.257831
7 0.453125 0.356627 0.0552885 0.0578313
11 0.822115 0.548193 0.129808 0.33012
11 0.323317 0.555422 0.122596 0.325301
9 0.566106 0.438554 0.0600962 0.120482
9 0.102163 0.485542 0.108173 0.146988
9 0.454327 0.442169 0.100962 0.108434
11 0.639423 0.490361 0.100962 0.26747
11 0.455529 0.504819 0.103365 0.238554
9 0.637019 0.43012 0.110577 0.142169
0 0.0516827 0.803614 0.0456731 0.0457831
3 0.454327 0.357831 0.0336538 0.0168675
7 0.247596 0.337349 0.0240385 0.0240964
7 0.203125 0.33494 0.0216346 0.0192771
11 0.246394 0.415663 0.0408654 0.13253
5 0.907452 0.459036 0.0168269 0.026506
