0 0.199519 0.531325 0.0432692 0.0746988
0 0.646635 0.585542 0.0576923 0.0289157
0 0.731971 0.486747 0.0360577 0.0674699
4 0.0973558 0.33012 0.0408654 0.0337349
4 0.24399 0.403614 0.03125 0.0361446
4 0.792067 0.30241 0.03125 0.0361446
5 0.621394 0.36747 0.0504808 0.0361446
6 0.1875 0.250602 0.0625 0.0819277
6 0.670673 0.246988 0.0721154 0.0795181
9 0.1875 0.333735 0.0961538 0.108434
9 0.679087 0.342169 0.09375 0.120482
9 0.75 0.356627 0.0384615 0.13012
6 0.739183 0.261446 0.0456731 0.0457831
11 0.185096 0.391566 0.0865385 0.204819
11 0.670673 0.404819 0.0721154 0.231325
