6 0.639423 0.479518 0.0817308 0.0963855
6 0.819712 0.43012 0.100962 0.122892
7 0.530048 0.46988 0.0745192 0.0722892
7 0.296875 0.474699 0.0745192 0.0722892
3 0.623798 0.481928 0.0408654 0.0289157
3 0.793269 0.43012 0.0432692 0.0361446
3 0.510817 0.471084 0.0264423 0.026506
3 0.308894 0.46988 0.0360577 0.0289157
5 0.174279 0.637349 0.0600962 0.0457831
5 0.479567 0.613253 0.0649038 0.0457831
5 0.671875 0.739759 0.0456731 0.0385542
5 0.768029 0.690361 0.03125 0.0409639
5 0.402644 0.672289 0.0264423 0.0481928
9 0.314904 0.592771 0.110577 0.149398
9 0.524038 0.579518 0.0865385 0.137349
8 0.644231 0.626506 0.0913462 0.178313
8 0.824519 0.596386 0.144231 0.219277
11 0.320913 0.63253 0.122596 0.238554
11 0.516827 0.631325 0.110577 0.245783
