6 0.420673 0.423077 0.0528846 0.0673077
6 0.460337 0.414663 0.0408654 0.0552885
6 0.516827 0.419471 0.0528846 0.0600962
6 0.663462 0.393029 0.0528846 0.0745192
6 0.88101 0.40625 0.0552885 0.0673077
6 0.929087 0.420673 0.03125 0.0625
6 0.786058 0.418269 0.0384615 0.0528846
6 0.737981 0.426683 0.0480769 0.0697115
6 0.236779 0.435096 0.0552885 0.0673077
6 0.289663 0.427885 0.0360577 0.0673077
6 0.141827 0.439904 0.0432692 0.0576923
6 0.0444712 0.453125 0.0600962 0.0841346
3 0.736779 0.435096 0.03125 0.0240385
3 0.877404 0.409856 0.0432692 0.03125
3 0.516827 0.419471 0.0432692 0.0264423
3 0.146635 0.447115 0.0288462 0.0240385
3 0.0432692 0.459135 0.0480769 0.0240385
0 0.415865 0.770433 0.0288462 0.0360577
0 0.394231 0.748798 0.0240385 0.0408654
0 0.540865 0.769231 0.0240385 0.0336538
0 0.651442 0.770433 0.0240385 0.0456731
0 0.6875 0.770433 0.0288462 0.0264423
0 0.253606 0.784856 0.0408654 0.0408654
0 0.1875 0.730769 0.0240385 0.0384615
0 0.120192 0.751202 0.0432692 0.0264423
0 0.0192308 0.80649 0.0384615 0.0264423
0 0.078125 0.795673 0.03125 0.0336538
0 0.902644 0.774038 0.0360577 0.0384615
0 0.860577 0.77524 0.0336538 0.0456731
0 0.907452 0.890625 0.0456731 0.0456731
0 0.855769 0.888221 0.0480769 0.0360577
0 0.685096 0.897837 0.0336538 0.03125
0 0.651442 0.896635 0.0288462 0.0432692
0 0.539663 0.90024 0.03125 0.0456731
0 0.41226 0.897837 0.0360577 0.0360577
0 0.301683 0.954327 0.03125 0.0240385
0 0.251202 0.888221 0.03125 0.0264423
0 0.302885 0.717548 0.0288462 0.0264423
0 0.121394 0.915865 0.0456731 0.0288462
0 0.0757212 0.870192 0.03125 0.0240385
0 0.0168269 0.861779 0.0480769 0.03125
0 0.763221 0.923077 0.03125 0.0288462
0 0.730769 0.942308 0.0240385 0.0240385
0 0.763221 0.74399 0.0360577 0.03125
0 0.733173 0.731971 0.0240385 0.0264423
0 0.455529 0.959135 0.0264423 0.0240385
0 0.490385 0.969952 0.0288462 0.03125
0 0.490385 0.699519 0.0288462 0.0336538
0 0.451923 0.699519 0.0336538 0.0384615
9 0.401442 0.513221 0.105769 0.117788
9 0.520433 0.509615 0.103365 0.115385
9 0.676683 0.489183 0.103365 0.117788
9 0.752404 0.5 0.0625 0.105769
9 0.802885 0.483173 0.0480769 0.0913462
9 0.893029 0.509615 0.112981 0.139423
9 0.236779 0.520433 0.103365 0.112981
9 0.145433 0.522837 0.0793269 0.122596
9 0.046875 0.555288 0.09375 0.129808
10 0.153846 0.600962 0.105769 0.278846
11 0.515625 0.576923 0.0841346 0.25
11 0.665865 0.574519 0.0721154 0.274038
11 0.758413 0.558894 0.0600962 0.209135
11 0.883413 0.596154 0.0745192 0.278846
11 0.390625 0.578125 0.0697115 0.247596
11 0.234375 0.600962 0.0649038 0.259615
