6 0.114183 0.393029 0.204327 0.237981
6 0.270433 0.376202 0.108173 0.146635
6 0.960337 0.276442 0.0793269 0.110577
6 0.658654 0.325721 0.0817308 0.117788
6 0.871394 0.316106 0.117788 0.146635
6 0.795673 0.342548 0.0576923 0.09375
2 0.885817 0.324519 0.0793269 0.0432692
3 0.957933 0.284856 0.0504808 0.03125
2 0.657452 0.335337 0.0649038 0.03125
3 0.280048 0.376202 0.0793269 0.0408654
3 0.138221 0.429087 0.0889423 0.0600962
5 0.61899 0.592548 0.0552885 0.0456731
0 0.725962 0.816106 0.0721154 0.0745192
0 0.638221 0.802885 0.0408654 0.0576923
9 0.664663 0.486779 0.112981 0.199519
9 0.873798 0.508413 0.170673 0.213942
9 0.258413 0.591346 0.165865 0.25
5 0.361779 0.594952 0.0456731 0.0793269
11 0.667067 0.5625 0.132212 0.370192
11 0.878606 0.682692 0.199519 0.572115
11 0.266827 0.716346 0.1875 0.528846
9 0.0877404 0.746394 0.165865 0.492788
