5 0.408654 0.326506 0.0528846 0.0457831
5 0.168269 0.583133 0.0432692 0.0578313
1 0.293269 0.786747 0.0769231 0.0313253
1 0.213942 0.789157 0.0576923 0.0313253
1 0.411058 0.801205 0.0528846 0.0409639
1 0.489183 0.796386 0.0504808 0.0409639
1 0.715144 0.59759 0.0360577 0.0240964
1 0.674279 0.590361 0.03125 0.0240964
6 0.188702 0.373494 0.0793269 0.0771084
6 0.442308 0.351807 0.0625 0.0771084
6 0.580529 0.331325 0.0841346 0.0746988
6 0.9375 0.375904 0.0384615 0.0481928
6 0.683894 0.377108 0.0360577 0.0457831
9 0.182692 0.503614 0.110577 0.168675
9 0.433894 0.468675 0.122596 0.161446
9 0.597356 0.478313 0.122596 0.228916
9 0.695913 0.442169 0.0600962 0.0843373
9 0.949519 0.440964 0.0625 0.0963855
7 0.977163 0.368675 0.0456731 0.053012
11 0.199519 0.59759 0.149038 0.361446
11 0.439904 0.590361 0.129808 0.409639
11 0.591346 0.591566 0.120192 0.46506
11 0.69351 0.491566 0.0552885 0.192771
11 0.949519 0.483133 0.0673077 0.190361
