0 0.126202 0.793269 0.0552885 0.0528846
0 0.0793269 0.722356 0.0336538 0.03125
0 0.247596 0.792067 0.0432692 0.0408654
0 0.0600962 0.711538 0.0240385 0.0240385
0 0.334135 0.802885 0.0432692 0.0480769
0 0.40625 0.798077 0.0384615 0.0336538
0 0.460337 0.751202 0.0408654 0.0264423
0 0.604567 0.807692 0.0552885 0.0336538
0 0.667067 0.776442 0.0504808 0.0673077
0 0.895433 0.792067 0.0360577 0.0360577
0 0.858173 0.788462 0.0384615 0.0336538
1 0.736779 0.731971 0.03125 0.0264423
2 0.453125 0.302885 0.0408654 0.0288462
2 0.59976 0.314904 0.0504808 0.0288462
3 0.215144 0.33774 0.0600962 0.0360577
3 0.264423 0.310096 0.0528846 0.0288462
3 0.388221 0.308894 0.0552885 0.03125
3 0.0685096 0.304087 0.03125 0.03125
3 0.730769 0.372596 0.0432692 0.0288462
3 0.871394 0.341346 0.0408654 0.0288462
3 0.822115 0.310096 0.0384615 0.0240385
3 0.992788 0.328125 0.0240385 0.03125
5 0.441106 0.573317 0.0456731 0.0360577
5 0.719952 0.550481 0.0264423 0.0240385
5 0.77524 0.549279 0.0264423 0.0456731
5 0.963942 0.585337 0.0432692 0.03125
7 0.0805288 0.311298 0.0649038 0.0793269
7 0.215144 0.338942 0.0649038 0.0865385
7 0.265625 0.313702 0.0552885 0.0793269
7 0.391827 0.313702 0.0673077 0.0985577
7 0.466346 0.307692 0.0576923 0.0817308
7 0.617788 0.320913 0.0817308 0.0985577
7 0.673077 0.330529 0.0432692 0.0600962
7 0.730769 0.36899 0.0625 0.0745192
7 0.819712 0.310096 0.0480769 0.0528846
7 0.887019 0.331731 0.0769231 0.0913462
9 0.0817308 0.445913 0.115385 0.185096
9 0.216346 0.483173 0.163462 0.192308
9 0.384615 0.471154 0.144231 0.221154
9 0.622596 0.461538 0.134615 0.211538
9 0.741587 0.479567 0.0745192 0.151442
9 0.885817 0.485577 0.127404 0.206731
11 0.0757212 0.50601 0.0889423 0.286058
11 0.21274 0.563702 0.132212 0.348558
11 0.383413 0.551683 0.137019 0.372596
11 0.621394 0.539663 0.137019 0.353365
11 0.486779 0.518029 0.0697115 0.362981
11 0.739183 0.539663 0.0697115 0.28125
11 0.878606 0.561298 0.112981 0.367788
