0 0.751202 0.618072 0.0408654 0.026506
0 0.61899 0.668675 0.0456731 0.0506024
0 0.757212 0.798795 0.0769231 0.0698795
3 0.41226 0.328916 0.0552885 0.0361446
3 0.71875 0.310843 0.0480769 0.0240964
5 0.472356 0.516867 0.0600962 0.0698795
5 0.140625 0.509639 0.0504808 0.0313253
6 0.370192 0.320482 0.134615 0.149398
6 0.663462 0.316867 0.0721154 0.0746988
6 0.722356 0.30241 0.0552885 0.0746988
6 0.853365 0.338554 0.134615 0.146988
7 0.0661058 0.408434 0.0600962 0.060241
9 0.0721154 0.493976 0.0913462 0.115663
9 0.348558 0.522892 0.1875 0.255422
9 0.651442 0.416867 0.0913462 0.125301
9 0.891827 0.579518 0.216346 0.310843
8 0.747596 0.374699 0.0913462 0.0698795
11 0.652644 0.504819 0.112981 0.296386
11 0.0889423 0.571084 0.144231 0.250602
