3 0.475904 0.323317 0.0554217 0.0552885
3 0.598795 0.387019 0.0409639 0.0432692
4 0.443374 0.651442 0.0819277 0.120192
4 0.650602 0.683894 0.0578313 0.0985577
5 0.437349 0.78726 0.0843373 0.0649038
5 0.726506 0.802885 0.0698795 0.0865385
5 0.937349 0.805288 0.0722892 0.0865385
6 0.478313 0.292067 0.161446 0.204327
7 0.638554 0.362981 0.149398 0.173077
7 0.948193 0.364183 0.103614 0.185096
9 0.524096 0.510817 0.209639 0.295673
9 0.736145 0.603365 0.180723 0.379808
9 0.914458 0.603365 0.171084 0.360577
11 0.522892 0.588942 0.212048 0.456731
11 0.721687 0.616587 0.204819 0.391827
11 0.912048 0.611779 0.175904 0.396635
