9 0.777644 0.528846 0.0985577 0.149038
9 0.634615 0.512019 0.0625 0.163462
9 0.514423 0.623798 0.105769 0.338942
9 0.420673 0.600962 0.129808 0.322115
9 0.137019 0.605769 0.182692 0.399038
6 0.188702 0.365385 0.0985577 0.120192
6 0.409856 0.373798 0.09375 0.132212
6 0.515625 0.403846 0.0793269 0.105769
6 0.621394 0.401442 0.0504808 0.0769231
6 0.710337 0.403846 0.0408654 0.0673077
6 0.776442 0.426683 0.0528846 0.0793269
11 0.395433 0.689904 0.175481 0.519231
11 0.629808 0.561298 0.0673077 0.276442
11 0.77524 0.584135 0.09375 0.274038
11 0.715144 0.534856 0.0649038 0.213942
5 0.536058 0.680288 0.0336538 0.0480769
