2 0.305288 0.413462 0.0480769 0.0336538
3 0.175481 0.420673 0.0625 0.0288462
3 0.444712 0.370192 0.0384615 0.0240385
5 0.598558 0.700721 0.0288462 0.0552885
7 0.167067 0.415865 0.0745192 0.100962
7 0.259615 0.399038 0.0432692 0.0576923
7 0.296875 0.409856 0.0600962 0.0745192
7 0.444712 0.370192 0.0384615 0.0480769
7 0.498798 0.385817 0.0793269 0.0745192
9 0.145433 0.546875 0.15625 0.242788
9 0.222356 0.483173 0.0552885 0.134615
9 0.268029 0.527644 0.0985577 0.170673
9 0.43149 0.439904 0.0649038 0.0817308
9 0.50601 0.572115 0.165865 0.254808
11 0.141827 0.627404 0.144231 0.418269
11 0.231971 0.469952 0.0456731 0.112981
11 0.262019 0.623798 0.105769 0.358173
11 0.507212 0.659856 0.158654 0.444712
1 0.282452 0.832933 0.0745192 0.0600962
1 0.323317 0.796875 0.0649038 0.0408654
