2 0.358173 0.348558 0.0576923 0.0336538
2 0.403846 0.38101 0.0625 0.03125
2 0.592548 0.344952 0.0745192 0.0360577
2 0.804087 0.365385 0.0889423 0.0432692
5 0.417067 0.55649 0.108173 0.0697115
5 0.581731 0.609375 0.0576923 0.0552885
5 0.762019 0.670673 0.0432692 0.0576923
6 0.323317 0.332933 0.122596 0.141827
6 0.415865 0.375 0.0913462 0.110577
6 0.600962 0.342548 0.0913462 0.127404
6 0.829327 0.354567 0.125 0.137019
9 0.290865 0.545673 0.225962 0.269231
9 0.591346 0.519231 0.182692 0.235577
9 0.846154 0.572115 0.206731 0.283654
11 0.298077 0.65024 0.216346 0.46875
11 0.592548 0.640625 0.175481 0.46875
11 0.824519 0.655048 0.173077 0.444712
