6 0.151442 0.344952 0.0817308 0.0985577
6 0.376202 0.384615 0.0408654 0.0625
6 0.879808 0.373798 0.0721154 0.0889423
6 0.100962 0.34976 0.0432692 0.0600962
7 0.449519 0.375 0.0576923 0.0576923
7 0.509615 0.36899 0.0432692 0.0600962
7 0.590144 0.350962 0.0552885 0.0673077
7 0.728365 0.384615 0.0480769 0.0480769
7 0.829327 0.385817 0.0432692 0.0649038
7 0.289663 0.378606 0.0600962 0.0600962
2 0.453125 0.364183 0.0408654 0.0264423
2 0.295673 0.382212 0.0432692 0.0240385
2 0.594952 0.336538 0.0504808 0.0240385
0 0.872596 0.801683 0.0480769 0.0504808
0 0.802885 0.774038 0.0673077 0.0480769
0 0.769231 0.6875 0.0336538 0.0336538
0 0.701923 0.736779 0.0384615 0.0552885
0 0.644231 0.719952 0.0336538 0.0264423
0 0.612981 0.771635 0.0576923 0.0576923
0 0.552885 0.774038 0.0528846 0.0625
0 0.323317 0.742788 0.0504808 0.0480769
0 0.25601 0.753606 0.0504808 0.0408654
0 0.259615 0.914663 0.0528846 0.0649038
0 0.323317 0.919471 0.0504808 0.0552885
0 0.413462 0.915865 0.0528846 0.0625
0 0.465144 0.908654 0.0408654 0.0625
0 0.543269 0.885817 0.0480769 0.0600962
0 0.614183 0.88101 0.0456731 0.0600962
0 0.789663 0.872596 0.0600962 0.0480769
0 0.872596 0.871394 0.0480769 0.0600962
0 0.706731 0.9375 0.0336538 0.0480769
0 0.765625 0.972356 0.0264423 0.0360577
0 0.50601 0.953125 0.0408654 0.0360577
0 0.501202 0.698317 0.0408654 0.0360577
0 0.466346 0.752404 0.0480769 0.0480769
0 0.413462 0.748798 0.0480769 0.0456731
9 0.123798 0.467548 0.122596 0.151442
9 0.286058 0.480769 0.100962 0.139423
9 0.442308 0.467548 0.120192 0.108173
9 0.591346 0.456731 0.115385 0.149038
9 0.71274 0.466346 0.108173 0.125
9 0.870192 0.510817 0.125 0.175481
11 0.596154 0.557692 0.100962 0.341346
11 0.449519 0.555288 0.0961538 0.293269
11 0.28726 0.552885 0.0889423 0.259615
11 0.121394 0.602163 0.103365 0.401442
11 0.846154 0.578125 0.0769231 0.324519
11 0.6875 0.544471 0.0576923 0.286058
