7 0.518029 0.393976 0.0408654 0.0554217
7 0.0108173 0.415663 0.0216346 0.0650602
3 0.598558 0.401205 0.0384615 0.0168675
0 0.540865 0.687952 0.0576923 0.0361446
0 0.283654 0.645783 0.0336538 0.0337349
7 0.295673 0.407229 0.0432692 0.0481928
5 0.213942 0.636145 0.0480769 0.0433735
0 0.479567 0.651807 0.0504808 0.0313253
9 0.0240385 0.49759 0.0480769 0.113253
5 0.326923 0.585542 0.0336538 0.0433735
7 0.594952 0.398795 0.0504808 0.060241
5 0.445913 0.528916 0.0264423 0.0361446
7 0.342548 0.377108 0.0600962 0.0746988
6 0.484375 0.39759 0.0408654 0.0626506
0 0.36899 0.714458 0.0697115 0.0409639
7 0.126202 0.418072 0.0889423 0.0843373
11 0.34375 0.551807 0.0865385 0.26506
11 0.487981 0.528916 0.0865385 0.214458
9 0.116587 0.53494 0.127404 0.163855
9 0.487981 0.472289 0.0865385 0.0963855
9 0.342548 0.474699 0.0793269 0.110843
9 0.282452 0.477108 0.0504808 0.086747
9 0.598558 0.480723 0.105769 0.108434
11 0.125 0.721687 0.144231 0.542169
11 0.597356 0.543373 0.103365 0.238554
0 0.328125 0.743374 0.0649038 0.026506
0 0.600962 0.678313 0.0288462 0.0457831
