7 0.167067 0.50241 0.0504808 0.0650602
7 0.956731 0.513253 0.0384615 0.0481928
7 0.915865 0.521687 0.0288462 0.0361446
7 0.842548 0.520482 0.0360577 0.0433735
7 0.802885 0.521687 0.0384615 0.0409639
7 0.737981 0.509639 0.0288462 0.0361446
7 0.637019 0.537349 0.0432692 0.0481928
7 0.576923 0.528916 0.0432692 0.0506024
7 0.450721 0.512048 0.0360577 0.0361446
7 0.487981 0.503614 0.0432692 0.0578313
7 0.0564904 0.53012 0.03125 0.0385542
7 0.36899 0.521687 0.0360577 0.0409639
7 0.311298 0.520482 0.0264423 0.0385542
7 0.276442 0.526506 0.0288462 0.0361446
5 0.111779 0.686747 0.0264423 0.0481928
5 0.137019 0.681928 0.0288462 0.0433735
5 0.3125 0.612048 0.0288462 0.0240964
5 0.776442 0.650602 0.0240385 0.0289157
5 0.84375 0.631325 0.0240385 0.0385542
5 0.581731 0.642169 0.0384615 0.0313253
5 0.9375 0.612048 0.0240385 0.0385542
5 0.240385 0.639759 0.0240385 0.0409639
9 0.046875 0.586747 0.0360577 0.0746988
9 0.137019 0.604819 0.0865385 0.13012
9 0.307692 0.573494 0.0384615 0.053012
9 0.370192 0.586747 0.0576923 0.0746988
9 0.477163 0.585542 0.0649038 0.086747
9 0.578125 0.603614 0.0552885 0.0891566
9 0.651442 0.603614 0.0480769 0.0698795
9 0.747596 0.559036 0.0288462 0.0578313
9 0.807692 0.586747 0.0432692 0.0746988
9 0.860577 0.583133 0.0384615 0.0722892
9 0.971154 0.574699 0.0336538 0.0554217
11 0.143029 0.704819 0.103365 0.33494
11 0.30649 0.620482 0.0408654 0.146988
11 0.371394 0.625301 0.0600962 0.156627
11 0.477163 0.633735 0.0649038 0.187952
11 0.046875 0.613253 0.0408654 0.137349
11 0.576923 0.642169 0.0625 0.171084
11 0.65024 0.640964 0.0504808 0.149398
11 0.746394 0.596386 0.03125 0.142169
11 0.80649 0.63494 0.0504808 0.175904
11 0.859375 0.622892 0.0408654 0.151807
11 0.969952 0.620482 0.0360577 0.151807
0 0.223558 0.763855 0.0384615 0.0289157
0 0.350962 0.763855 0.0240385 0.0240964
0 0.316106 0.73012 0.03125 0.0240964
0 0.963942 0.73012 0.0432692 0.0240964
0 0.728365 0.698795 0.0336538 0.0240964
