6 0.485577 0.941106 0.283654 0.117788
3 0.865385 0.453125 0.0528846 0.0264423
2 0.360577 0.41226 0.0721154 0.03125
2 0.865385 0.451923 0.0528846 0.0240385
2 0.201923 0.491587 0.110577 0.0408654
9 0.748798 0.490385 0.0745192 0.0432692
6 0.479567 0.813702 0.271635 0.348558
5 0.598558 0.509615 0.0384615 0.0240385
5 0.395433 0.53726 0.0504808 0.0360577
7 0.862981 0.451923 0.0528846 0.0673077
9 0.520433 0.504808 0.103365 0.0769231
7 0.752404 0.444712 0.0480769 0.0625
7 0.530048 0.445913 0.0600962 0.0745192
2 0.752404 0.444712 0.0480769 0.0240385
7 0.645433 0.448317 0.0456731 0.0649038
9 0.346154 0.502404 0.115385 0.105769
7 0.360577 0.411058 0.0721154 0.0913462
7 0.204327 0.463942 0.110577 0.125
2 0.972356 0.405048 0.0552885 0.0889423
5 0.75 0.799279 0.221154 0.117788
5 0.777644 0.651442 0.0793269 0.0625
5 0.888221 0.579327 0.0504808 0.0432692
5 0.645433 0.498798 0.03125 0.0264423
5 0.75601 0.945913 0.209135 0.09375
6 0.132212 0.597356 0.173077 0.132212
6 0.75 0.514423 0.0528846 0.0384615
6 0.835337 0.526442 0.0649038 0.0528846
