0 0.266827 0.785542 0.100962 0.0578313
0 0.144231 0.787952 0.0528846 0.0481928
0 0.716346 0.457831 0.0769231 0.0433735
0 0.325721 0.444578 0.0600962 0.0409639
0 0.782452 0.324096 0.0504808 0.0746988
4 0.195913 0.562651 0.0264423 0.0361446
4 0.308894 0.563855 0.0552885 0.0481928
4 0.365385 0.336145 0.0721154 0.0506024
4 0.399038 0.198795 0.0576923 0.0409639
5 0.727163 0.268675 0.03125 0.0409639
6 0.165865 0.322892 0.100962 0.086747
6 0.28726 0.304819 0.0841346 0.103614
9 0.132212 0.453012 0.134615 0.187952
9 0.253606 0.43253 0.09375 0.180723
9 0.71274 0.2 0.0889423 0.110843
11 0.122596 0.554217 0.120192 0.390361
11 0.715144 0.279518 0.0985577 0.274699
