7 0.0444712 0.526442 0.0408654 0.0625
7 0.132212 0.534856 0.0432692 0.0504808
7 0.221154 0.53726 0.0384615 0.0552885
7 0.288462 0.534856 0.0384615 0.0552885
7 0.432692 0.534856 0.0384615 0.0552885
7 0.521635 0.539663 0.0384615 0.0600962
7 0.616587 0.542067 0.0456731 0.0649038
7 0.688702 0.574519 0.0408654 0.0576923
7 0.748798 0.532452 0.0408654 0.0552885
7 0.783654 0.557692 0.0432692 0.0625
5 0.121394 0.626202 0.0264423 0.03125
5 0.149038 0.626202 0.0240385 0.03125
5 0.555288 0.668269 0.0240385 0.0336538
5 0.480769 0.667067 0.0240385 0.0264423
5 0.641827 0.674279 0.0240385 0.0360577
5 0.425481 0.644231 0.0384615 0.0288462
9 0.0420673 0.588942 0.0552885 0.0817308
9 0.126202 0.597356 0.0600962 0.09375
9 0.213942 0.609375 0.0625 0.09375
9 0.293269 0.600962 0.0673077 0.0865385
9 0.429087 0.603365 0.0649038 0.100962
9 0.524038 0.610577 0.0769231 0.100962
9 0.612981 0.616587 0.0673077 0.112981
9 0.686298 0.644231 0.0552885 0.0961538
9 0.796875 0.638221 0.0793269 0.108173
9 0.737981 0.604567 0.0528846 0.09375
11 0.0444712 0.637019 0.0697115 0.177885
11 0.122596 0.641827 0.0721154 0.1875
11 0.209135 0.657452 0.0769231 0.189904
11 0.294471 0.646635 0.0745192 0.177885
11 0.426683 0.653846 0.0697115 0.201923
11 0.521635 0.665865 0.0817308 0.216346
11 0.612981 0.66226 0.0721154 0.209135
11 0.686298 0.6875 0.0600962 0.182692
11 0.796875 0.695913 0.0841346 0.223558
0 0.322115 0.786058 0.0384615 0.0336538
0 0.27524 0.783654 0.03125 0.0336538
0 0.216346 0.786058 0.0432692 0.0336538
0 0.174279 0.790865 0.0264423 0.0384615
0 0.09375 0.784856 0.0288462 0.0408654
0 0.137019 0.782452 0.0336538 0.0456731
0 0.43149 0.784856 0.0264423 0.0264423
0 0.391827 0.786058 0.0288462 0.0336538
0 0.536058 0.802885 0.0240385 0.0384615
0 0.496394 0.798077 0.0456731 0.0240385
0 0.58774 0.807692 0.0360577 0.0336538
0 0.632212 0.811298 0.0240385 0.0408654
0 0.66226 0.813702 0.0264423 0.0264423
0 0.723558 0.819712 0.0336538 0.0288462
0 0.689904 0.819712 0.0288462 0.0336538
0 0.764423 0.834135 0.0336538 0.0288462
0 0.0240385 0.77524 0.0240385 0.03125
