9 0.413462 0.633413 0.0721154 0.0793269
0 0.566106 0.759615 0.0216346 0.0240385
9 0.413462 0.633413 0.0721154 0.0793269
3 0.677885 0.629808 0.0384615 0.0144231
0 0.396635 0.762019 0.0240385 0.0240385
9 0.685096 0.699519 0.0913462 0.100962
0 0.417067 0.763221 0.0216346 0.0216346
11 0.413462 0.671875 0.0769231 0.15625
6 0.677885 0.627404 0.0432692 0.0576923
9 0.555288 0.647837 0.0576923 0.0793269
6 0.554087 0.58774 0.0360577 0.0408654
6 0.420673 0.576923 0.0336538 0.0432692
0 0.546875 0.759615 0.0216346 0.0240385
11 0.554087 0.685096 0.0697115 0.153846
