0 0.78125 0.575904 0.0288462 0.0337349
0 0.830529 0.653012 0.03125 0.0337349
0 0.622596 0.673494 0.0240385 0.0313253
3 0.234375 0.556626 0.03125 0.0240964
4 0.784856 0.449398 0.0264423 0.026506
5 0.652644 0.59759 0.0264423 0.0289157
5 0.580529 0.590361 0.0264423 0.0240964
6 0.231971 0.550602 0.0456731 0.0457831
6 0.611779 0.522892 0.03125 0.0337349
6 0.835337 0.46506 0.0408654 0.0289157
9 0.621394 0.572289 0.0456731 0.0650602
9 0.84976 0.515663 0.0504808 0.0722892
9 0.299279 0.637349 0.0745192 0.108434
8 0.229567 0.591566 0.0600962 0.0506024
11 0.296875 0.683133 0.0793269 0.2
11 0.621394 0.603614 0.0456731 0.118072
