7 0.813702 0.36899 0.117788 0.141827
7 0.704327 0.394231 0.0865385 0.110577
7 0.441106 0.366587 0.09375 0.117788
7 0.149038 0.366587 0.115385 0.141827
7 0.277644 0.444712 0.0360577 0.0528846
7 0.534856 0.413462 0.0552885 0.0576923
7 0.378606 0.41226 0.0504808 0.0504808
3 0.43149 0.372596 0.0456731 0.0288462
3 0.69351 0.394231 0.0456731 0.0288462
2 0.799279 0.378606 0.0697115 0.0360577
5 0.176683 0.52524 0.0985577 0.0697115
5 0.289663 0.526442 0.0985577 0.0625
5 0.348558 0.671875 0.0384615 0.0504808
5 0.526442 0.69351 0.0336538 0.0456731
5 0.66226 0.620192 0.0408654 0.0528846
5 0.655048 0.38101 0.0408654 0.0649038
9 0.457933 0.539663 0.146635 0.242788
9 0.707933 0.551683 0.146635 0.185096
9 0.127404 0.561298 0.168269 0.252404
11 0.438702 0.649038 0.117788 0.4375
11 0.700721 0.649038 0.112981 0.389423
11 0.872596 0.647837 0.120192 0.454327
11 0.122596 0.670673 0.144231 0.495192
