0 0.778846 0.80649 0.0817308 0.0408654
0 0.74399 0.769231 0.0600962 0.0336538
0 0.673077 0.723558 0.0576923 0.0336538
0 0.643029 0.699519 0.0552885 0.0288462
0 0.590144 0.668269 0.0456731 0.0288462
0 0.563702 0.655048 0.0456731 0.0264423
0 0.502404 0.638221 0.0384615 0.0264423
0 0.481971 0.629808 0.03125 0.0240385
3 0.889423 0.439904 0.0721154 0.0288462
3 0.758413 0.408654 0.0408654 0.0240385
5 0.778846 0.611779 0.0336538 0.0456731
5 0.592548 0.401442 0.0408654 0.0480769
5 0.59976 0.551683 0.0264423 0.03125
6 0.486779 0.433894 0.0456731 0.0408654
6 0.674279 0.417067 0.0600962 0.0697115
6 0.782452 0.403846 0.0841346 0.0865385
6 0.905048 0.41226 0.137019 0.151442
9 0.497596 0.489183 0.0576923 0.0793269
9 0.586538 0.501202 0.0625 0.103365
9 0.671875 0.502404 0.0745192 0.120192
9 0.783654 0.516827 0.0913462 0.134615
9 0.94351 0.564904 0.112981 0.177885
11 0.495192 0.530048 0.0625 0.15625
11 0.581731 0.543269 0.0480769 0.1875
11 0.661058 0.561298 0.0625 0.228365
11 0.769231 0.586538 0.0769231 0.278846
11 0.941106 0.715144 0.117788 0.459135
