1 0.393029 0.762651 0.0793269 0.0409639
1 0.305288 0.76747 0.0240385 0.0457831
2 0.389423 0.313253 0.0480769 0.0240964
2 0.735577 0.261446 0.0865385 0.0313253
3 0.274038 0.328916 0.0625 0.0361446
3 0.508413 0.292771 0.0745192 0.0409639
3 0.861779 0.287952 0.0504808 0.0313253
5 0.192308 0.36988 0.0528846 0.103614
5 0.370192 0.503614 0.0288462 0.0481928
5 0.390625 0.637349 0.0456731 0.0457831
5 0.59976 0.63012 0.0408654 0.0506024
5 0.643029 0.589157 0.0360577 0.0409639
5 0.811298 0.586747 0.0649038 0.0361446
7 0.25 0.343374 0.115385 0.13253
7 0.403846 0.310843 0.0913462 0.086747
7 0.50601 0.291566 0.0985577 0.13012
7 0.628606 0.312048 0.0408654 0.0506024
7 0.733173 0.26506 0.100962 0.115663
7 0.855769 0.296386 0.0769231 0.0771084
9 0.241587 0.539759 0.15625 0.260241
9 0.492788 0.491566 0.201923 0.260241
9 0.745192 0.462651 0.173077 0.26988
9 0.626202 0.396386 0.0745192 0.118072
9 0.870192 0.426506 0.105769 0.187952
11 0.229567 0.637349 0.132212 0.46988
11 0.867788 0.503614 0.105769 0.342169
11 0.727163 0.554217 0.151442 0.46747
