0 0.980769 0.823317 0.0384615 0.0504808
9 0.0540865 0.53726 0.0889423 0.146635
2 0.502404 0.419471 0.0673077 0.0264423
7 0.748798 0.44351 0.0649038 0.0649038
7 0.078125 0.426683 0.0504808 0.0745192
3 0.96875 0.43149 0.0576923 0.0264423
11 0.957933 0.635817 0.0841346 0.34375
2 0.0793269 0.424279 0.0480769 0.0264423
3 0.748798 0.439904 0.0600962 0.0240385
7 0.966346 0.429087 0.0625 0.0889423
6 0.503606 0.425481 0.0793269 0.100962
5 0.210337 0.723558 0.03125 0.0480769
3 0.140625 0.4375 0.0697115 0.0336538
9 0.502404 0.581731 0.1875 0.192308
3 0.288462 0.427885 0.0576923 0.0336538
5 0.524038 0.546875 0.0432692 0.0600962
9 0.735577 0.551683 0.110577 0.141827
5 0.0865385 0.748798 0.0432692 0.0552885
7 0.842548 0.449519 0.103365 0.144231
5 0.421875 0.729567 0.0456731 0.0649038
9 0.957933 0.548077 0.0841346 0.158654
11 0.856971 0.704327 0.185096 0.379808
9 0.860577 0.620192 0.177885 0.211538
5 0.706731 0.5625 0.0480769 0.0528846
6 0.141827 0.429087 0.0769231 0.112981
6 0.296875 0.420673 0.0793269 0.120192
9 0.139423 0.59375 0.173077 0.201923
9 0.302885 0.56851 0.168269 0.180288
11 0.305288 0.6875 0.168269 0.427885
11 0.5 0.698317 0.182692 0.439904
11 0.135817 0.680288 0.180288 0.389423
0 0.405048 0.823317 0.0408654 0.0456731
0 0.0348558 0.852163 0.0408654 0.0504808
0 0.222356 0.804087 0.0216346 0.03125
7 0.394231 0.439904 0.0721154 0.0721154
11 0.736779 0.679087 0.112981 0.391827
3 0.816106 0.438702 0.0504808 0.0264423
