6 0.189157 0.138221 0.0457831 0.0600962
6 0.256627 0.158654 0.0409639 0.0528846
6 0.446988 0.182692 0.0409639 0.0432692
6 0.525301 0.135817 0.0433735 0.0552885
6 0.750602 0.210337 0.0313253 0.03125
7 0.342169 0.134615 0.0481928 0.0576923
7 0.677108 0.230769 0.0240964 0.0240385
9 0.186747 0.239183 0.108434 0.146635
9 0.325301 0.21274 0.0771084 0.103365
9 0.520482 0.22476 0.0819277 0.122596
9 0.438554 0.25 0.0674699 0.105769
9 0.257831 0.227163 0.0433735 0.09375
9 0.668675 0.269231 0.0361446 0.0576923
9 0.750602 0.254808 0.0457831 0.0673077
9 0.573494 0.242788 0.0240964 0.0961538
10 0.324096 0.295673 0.0843373 0.254808
10 0.526506 0.280048 0.108434 0.262019
10 0.673494 0.290865 0.0457831 0.110577
11 0.180723 0.296875 0.0915663 0.286058
11 0.251807 0.296875 0.0409639 0.233173
11 0.43494 0.294471 0.0650602 0.194712
11 0.748193 0.289663 0.0554217 0.137019
6 0.0120482 0.13101 0.0240964 0.0697115
9 0.0180723 0.237981 0.0361446 0.158654
11 0.0156627 0.293269 0.0313253 0.269231
