0 0.320913 0.722892 0.0504808 0.0385542
3 0.251202 0.318072 0.0552885 0.0192771
3 0.802885 0.327711 0.0336538 0.0337349
0 0.0228365 0.643373 0.0456731 0.0385542
9 0.0372596 0.433735 0.0745192 0.125301
11 0.0384615 0.489157 0.0769231 0.236145
3 0.508413 0.339759 0.0456731 0.0192771
0 0.501202 0.721687 0.0360577 0.0361446
2 0.751202 0.304819 0.0600962 0.0168675
3 0.608173 0.315663 0.0576923 0.0144578
0 0.50601 0.790361 0.0408654 0.0337349
5 0.399038 0.53012 0.0336538 0.053012
0 0.0661058 0.648193 0.0504808 0.0385542
9 0.63101 0.446988 0.103365 0.185542
0 0.700721 0.784337 0.0504808 0.0409639
3 0.342548 0.312048 0.0649038 0.0168675
2 0.173077 0.30241 0.0769231 0.0216867
0 0.441106 0.721687 0.0360577 0.0361446
0 0.223558 0.722892 0.0769231 0.0385542
5 0.473558 0.537349 0.0384615 0.053012
9 0.257212 0.425301 0.0817308 0.127711
3 0.4375 0.33012 0.0480769 0.0144578
6 0.977163 0.384337 0.0456731 0.060241
0 0.133413 0.750602 0.0552885 0.0506024
5 0.723558 0.613253 0.0336538 0.0506024
5 0.860577 0.650602 0.0432692 0.0674699
11 0.454327 0.520482 0.105769 0.293976
5 0.551683 0.593976 0.0408654 0.0650602
6 0.25601 0.319277 0.0697115 0.0891566
9 0.960337 0.453012 0.0745192 0.0963855
9 0.542067 0.459036 0.112981 0.175904
6 0.0276442 0.343374 0.0552885 0.0795181
6 0.608173 0.312048 0.0625 0.0987952
6 0.34375 0.312048 0.0673077 0.0843373
9 0.814904 0.510843 0.177885 0.240964
11 0.342548 0.521687 0.122596 0.33012
9 0.457933 0.437349 0.103365 0.127711
6 0.442308 0.324096 0.0625 0.0843373
9 0.342548 0.427711 0.127404 0.137349
6 0.757212 0.298795 0.0769231 0.106024
11 0.153846 0.527711 0.134615 0.371084
6 0.522837 0.326506 0.0793269 0.108434
6 0.171875 0.29759 0.0793269 0.0987952
9 0.152644 0.43012 0.141827 0.166265
6 0.835337 0.320482 0.103365 0.125301
11 0.543269 0.572289 0.115385 0.407229
11 0.956731 0.524096 0.0865385 0.238554
5 0.665865 0.536145 0.0288462 0.0361446
5 0.289663 0.516867 0.03125 0.0457831
