4 0.330529 0.514458 0.0360577 0.0409639
3 0.471154 0.501205 0.0673077 0.0337349
6 0.838942 0.446988 0.0625 0.0746988
6 0.620192 0.578313 0.139423 0.106024
6 0.480769 0.5 0.0961538 0.0939759
6 0.740385 0.481928 0.0961538 0.0819277
6 0.395433 0.384337 0.0841346 0.0843373
4 0.304087 0.472289 0.0552885 0.0337349
4 0.283654 0.43253 0.0528846 0.0361446
4 0.251202 0.403614 0.0552885 0.0409639
4 0.198317 0.333735 0.0408654 0.0409639
4 0.169471 0.304819 0.0456731 0.0506024
10 0.235577 0.604819 0.0961538 0.361446
10 0.53726 0.701205 0.194712 0.240964
10 0.796875 0.59759 0.141827 0.231325
9 0.795673 0.540964 0.115385 0.108434
9 0.237981 0.526506 0.100962 0.151807
4 0.367788 0.555422 0.0432692 0.0506024
3 0.585337 0.578313 0.0408654 0.0385542
3 0.840144 0.450602 0.0456731 0.0240964
3 0.383413 0.378313 0.03125 0.0240964
