0 0.670673 0.685096 0.0288462 0.0240385
0 0.597356 0.742788 0.0264423 0.0240385
0 0.569712 0.717548 0.0240385 0.0264423
0 0.347356 0.735577 0.03125 0.0240385
0 0.316106 0.740385 0.0264423 0.0240385
5 0.341346 0.620192 0.0240385 0.0240385
5 0.673077 0.557692 0.0240385 0.0240385
5 0.620192 0.546875 0.0240385 0.0264423
6 0.578125 0.492788 0.03125 0.0384615
6 0.308894 0.520433 0.03125 0.0456731
6 0.34375 0.519231 0.0240385 0.0288462
6 0.360577 0.496394 0.0240385 0.0264423
9 0.302885 0.590144 0.0528846 0.0889423
9 0.346154 0.574519 0.0336538 0.0673077
9 0.364183 0.536058 0.03125 0.0576923
9 0.584135 0.561298 0.0480769 0.09375
9 0.639423 0.545673 0.0384615 0.0673077
11 0.311298 0.622596 0.0552885 0.158654
11 0.579327 0.605769 0.0480769 0.182692
