5 0.72476 0.538554 0.0552885 0.0795181
8 0.0540865 0.579518 0.108173 0.440964
3 0.0252404 0.251807 0.0504808 0.060241
3 0.0492788 0.457831 0.0552885 0.0433735
5 0.134615 0.539759 0.120192 0.0771084
6 0.0300481 0.259036 0.0600962 0.185542
8 0.353365 0.661446 0.254808 0.392771
2 0.686298 0.427711 0.0697115 0.0409639
2 0.9375 0.372289 0.105769 0.0409639
5 0.16226 0.76747 0.103365 0.0746988
3 0.379808 0.377108 0.0625 0.0361446
7 0.540865 0.380723 0.105769 0.154217
7 0.344952 0.384337 0.137019 0.161446
3 0.540865 0.377108 0.100962 0.0409639
6 0.669471 0.409639 0.117788 0.154217
5 0.508413 0.560241 0.112981 0.108434
8 0.566106 0.646988 0.21875 0.359036
6 0.753606 0.459036 0.09375 0.118072
6 0.858173 0.404819 0.0721154 0.106024
8 0.93149 0.604819 0.137019 0.293976
6 0.935096 0.36988 0.115385 0.156627
5 0.191106 0.6 0.103365 0.115663
5 0.639423 0.606024 0.0961538 0.0843373
5 0.695913 0.628916 0.0793269 0.0722892
5 0.819712 0.572289 0.0769231 0.0843373
8 0.745192 0.656627 0.182692 0.291566
2 0.768029 0.468675 0.0600962 0.0313253
