0 0.65625 0.543373 0.0384615 0.026506
0 0.600962 0.638554 0.0240385 0.0481928
6 0.463942 0.579518 0.0528846 0.0457831
6 0.490385 0.498795 0.0480769 0.0481928
6 0.567308 0.439759 0.0480769 0.0457831
7 0.373798 0.598795 0.0456731 0.0650602
7 0.414663 0.350602 0.0408654 0.0409639
7 0.455529 0.426506 0.0456731 0.0385542
9 0.394231 0.644578 0.0769231 0.0457831
9 0.498798 0.604819 0.0504808 0.0674699
9 0.546875 0.537349 0.0552885 0.110843
9 0.606971 0.454217 0.0504808 0.0746988
9 0.49399 0.426506 0.0552885 0.0674699
9 0.459135 0.361446 0.0576923 0.0674699
