6 0.300481 0.449519 0.0336538 0.0384615
6 0.394231 0.43149 0.0288462 0.0504808
6 0.365385 0.438702 0.0240385 0.03125
6 0.204327 0.441106 0.0240385 0.0456731
6 0.498798 0.441106 0.03125 0.0408654
7 0.584135 0.4375 0.0432692 0.0625
7 0.78125 0.44351 0.0625 0.0697115
7 0.872596 0.453125 0.0384615 0.0600962
7 0.954327 0.47476 0.0913462 0.122596
7 0.677885 0.465144 0.0769231 0.0697115
7 0.171875 0.442308 0.03125 0.0240385
7 0.429087 0.447115 0.0456731 0.0480769
3 0.585337 0.435096 0.0408654 0.0240385
0 0.419471 0.698317 0.0552885 0.0264423
0 0.496394 0.679087 0.0264423 0.0552885
0 0.555288 0.65024 0.0432692 0.0360577
0 0.560096 0.730769 0.0480769 0.0384615
0 0.772837 0.93149 0.0697115 0.0552885
0 0.777644 0.807692 0.0649038 0.0625
0 0.852163 0.831731 0.0649038 0.0865385
0 0.847356 0.913462 0.0600962 0.0528846
0 0.185096 0.625 0.0240385 0.0288462
0 0.209135 0.625 0.0240385 0.0288462
0 0.298077 0.617788 0.0240385 0.0336538
9 0.665865 0.596154 0.0913462 0.182692
9 0.801683 0.570913 0.0889423 0.151442
9 0.882212 0.539663 0.0721154 0.112981
9 0.954327 0.671875 0.0913462 0.262019
9 0.591346 0.521635 0.0673077 0.110577
9 0.526442 0.518029 0.0528846 0.103365
9 0.438702 0.522837 0.0745192 0.112981
9 0.359375 0.484375 0.0360577 0.0600962
9 0.299279 0.509615 0.0456731 0.0817308
9 0.19351 0.502404 0.0552885 0.0865385
11 0.653846 0.665865 0.105769 0.3125
11 0.509615 0.548077 0.0625 0.177885
11 0.444712 0.555288 0.0625 0.1875
11 0.300481 0.527644 0.0384615 0.122596
11 0.195913 0.53726 0.0649038 0.137019
