1 0.44351 0.715144 0.0600962 0.03125
2 0.233173 0.411058 0.0528846 0.0288462
2 0.549279 0.408654 0.0408654 0.0240385
3 0.310096 0.389423 0.0384615 0.0288462
3 0.733173 0.444712 0.0336538 0.0240385
5 0.25601 0.561298 0.0408654 0.03125
5 0.28726 0.53125 0.0408654 0.0288462
5 0.342548 0.498798 0.0360577 0.0264423
5 0.371394 0.491587 0.03125 0.03125
5 0.533654 0.515625 0.0288462 0.0408654
5 0.480769 0.521635 0.0288462 0.0528846
5 0.705529 0.466346 0.0264423 0.0384615
7 0.213942 0.405048 0.0673077 0.0841346
7 0.298077 0.38101 0.0576923 0.0649038
7 0.65024 0.465144 0.0841346 0.09375
7 0.560096 0.407452 0.0480769 0.0697115
7 0.752404 0.441106 0.0721154 0.0697115
9 0.191106 0.492788 0.0985577 0.105769
9 0.292067 0.454327 0.0745192 0.0913462
9 0.551683 0.459135 0.0841346 0.0817308
9 0.638221 0.576923 0.137019 0.110577
9 0.746394 0.504808 0.09375 0.0865385
11 0.209135 0.524038 0.120192 0.182692
11 0.322115 0.486779 0.129808 0.15625
11 0.533654 0.489183 0.125 0.132212
11 0.617788 0.576923 0.168269 0.149038
11 0.74399 0.513221 0.0985577 0.103365
