6 0.75601 0.605769 0.0600962 0.100962
6 0.633413 0.59976 0.0745192 0.103365
6 0.526442 0.606971 0.0576923 0.103365
6 0.445913 0.594952 0.0504808 0.0889423
6 0.323317 0.605769 0.0600962 0.0865385
6 0.229567 0.58774 0.0793269 0.0889423
3 0.225962 0.594952 0.0432692 0.03125
3 0.328125 0.614183 0.0456731 0.0264423
3 0.447115 0.600962 0.0384615 0.0480769
3 0.524038 0.603365 0.0625 0.0384615
3 0.641827 0.604567 0.0432692 0.03125
3 0.757212 0.606971 0.0625 0.0360577
5 0.134615 0.788462 0.0384615 0.0528846
5 0.314904 0.776442 0.0480769 0.0769231
5 0.521635 0.747596 0.0480769 0.0576923
5 0.655048 0.746394 0.0649038 0.0600962
9 0.191106 0.715144 0.112981 0.189904
9 0.316106 0.715144 0.09375 0.165865
9 0.430288 0.709135 0.0673077 0.168269
9 0.539663 0.723558 0.09375 0.1875
9 0.653846 0.723558 0.120192 0.192308
9 0.798077 0.727163 0.149038 0.213942
11 0.191106 0.736779 0.146635 0.228365
11 0.30649 0.748798 0.132212 0.247596
11 0.426683 0.754808 0.0793269 0.259615
11 0.536058 0.741587 0.110577 0.257212
11 0.669471 0.747596 0.132212 0.278846
11 0.801683 0.736779 0.132212 0.233173
