6 0.798077 0.658654 0.0336538 0.0432692
6 0.75601 0.659856 0.03125 0.0408654
9 0.816106 0.713942 0.0552885 0.0721154
9 0.753606 0.716346 0.0600962 0.0769231
9 0.688702 0.722356 0.0408654 0.0745192
10 0.6875 0.747596 0.0432692 0.134615
10 0.753606 0.747596 0.0600962 0.139423
10 0.817308 0.74399 0.0625 0.137019
0 0.689904 0.852163 0.0336538 0.0264423
0 0.760817 0.858173 0.0264423 0.0336538
0 0.793269 0.850962 0.0240385 0.0288462
0 0.858173 0.84976 0.0240385 0.0264423
0 0.826923 0.848558 0.0240385 0.0288462
