2 0.730769 0.336538 0.120192 0.0673077
3 0.222356 0.33774 0.108173 0.0600962
3 0.483173 0.411058 0.0673077 0.0384615
3 0.596154 0.421875 0.0673077 0.03125
3 0.699519 0.449519 0.0528846 0.0288462
5 0.30649 0.677885 0.122596 0.0961538
5 0.473558 0.641827 0.0913462 0.0769231
6 0.198317 0.326923 0.194712 0.192308
6 0.389423 0.663462 0.182692 0.206731
6 0.497596 0.408654 0.115385 0.144231
6 0.591346 0.418269 0.0769231 0.0961538
6 0.764423 0.334135 0.197115 0.245192
8 0.173077 0.572115 0.269231 0.360577
8 0.588942 0.567308 0.105769 0.206731
11 0.174279 0.685096 0.262019 0.586538
