6 0.445783 0.390625 0.0578313 0.0793269
6 0.562651 0.360577 0.0698795 0.0913462
6 0.560241 0.253606 0.0650602 0.09375
6 0.446988 0.225962 0.060241 0.0913462
3 0.449398 0.391827 0.0409639 0.0240385
9 0.454217 0.479567 0.0795181 0.132212
9 0.575904 0.472356 0.0819277 0.15625
9 0.563855 0.893029 0.101205 0.132212
9 0.450602 0.901442 0.0963855 0.134615
9 0.56988 0.138221 0.0987952 0.151442
9 0.438554 0.122596 0.101205 0.120192
11 0.571084 0.528846 0.0963855 0.230769
11 0.456627 0.533654 0.0795181 0.235577
