0 0.108173 0.773494 0.0240385 0.0240964
0 0.133413 0.773494 0.03125 0.0289157
0 0.161058 0.76988 0.0240385 0.026506
0 0.185096 0.771084 0.0336538 0.0240964
5 0.112981 0.693976 0.0240385 0.0289157
5 0.158654 0.691566 0.0240385 0.0289157
5 0.227163 0.578313 0.03125 0.0240964
6 0.135817 0.604819 0.03125 0.0433735
6 0.161058 0.609639 0.0288462 0.0433735
9 0.123798 0.650602 0.0456731 0.0722892
9 0.175481 0.653012 0.0480769 0.0674699
10 0.126202 0.692771 0.0456731 0.156627
11 0.170673 0.692771 0.0432692 0.146988
