3 0.622596 0.419277 0.0480769 0.0289157
3 0.747596 0.406024 0.0432692 0.0313253
3 0.229567 0.344578 0.0408654 0.0240964
4 0.155048 0.508434 0.0408654 0.0385542
4 0.282452 0.495181 0.03125 0.0361446
4 0.647837 0.555422 0.0456731 0.0409639
4 0.667067 0.528916 0.0360577 0.0361446
4 0.510817 0.440964 0.0264423 0.0289157
4 0.432692 0.43253 0.0336538 0.0361446
6 0.223558 0.336145 0.0576923 0.0698795
6 0.473558 0.325301 0.0432692 0.0578313
6 0.616587 0.403614 0.0697115 0.0891566
6 0.737981 0.39759 0.0576923 0.0722892
6 0.786058 0.39759 0.0480769 0.0771084
9 0.22476 0.424096 0.103365 0.115663
9 0.604567 0.515663 0.122596 0.13012
8 0.469952 0.401205 0.0697115 0.108434
8 0.695913 0.496386 0.0745192 0.144578
8 0.768029 0.487952 0.0745192 0.151807
11 0.219952 0.485542 0.0889423 0.248193
11 0.465144 0.445783 0.0697115 0.187952
11 0.606971 0.638554 0.112981 0.395181
