9 0.158654 0.544578 0.168269 0.298795
8 0.0372596 0.507229 0.0745192 0.238554
5 0.0360577 0.672289 0.0432692 0.0578313
5 0.30649 0.426506 0.0697115 0.0674699
5 0.310096 0.495181 0.0528846 0.0554217
5 0.491587 0.363855 0.0504808 0.053012
4 0.441106 0.312048 0.0504808 0.0939759
4 0.786058 0.479518 0.0913462 0.0771084
4 0.651442 0.607229 0.0817308 0.0674699
9 0.393029 0.491566 0.127404 0.231325
9 0.890625 0.539759 0.185096 0.346988
6 0.0841346 0.328916 0.0961538 0.0843373
6 0.199519 0.261446 0.158654 0.156627
6 0.8125 0.280723 0.153846 0.161446
10 0.173077 0.684337 0.206731 0.612048
10 0.389423 0.675904 0.144231 0.604819
6 0.356971 0.30241 0.108173 0.108434
