0 0.15024 0.807229 0.0264423 0.0240964
0 0.299279 0.809639 0.0264423 0.0240964
0 0.454327 0.795181 0.0336538 0.0337349
3 0.512019 0.568675 0.0336538 0.0240964
4 0.522837 0.613253 0.03125 0.026506
6 0.235577 0.666265 0.0288462 0.0409639
6 0.503606 0.566265 0.0456731 0.0578313
7 0.120192 0.691566 0.0240385 0.0240964
8 0.206731 0.69759 0.0576923 0.0795181
8 0.362981 0.681928 0.0769231 0.0674699
8 0.485577 0.637349 0.0769231 0.113253
8 0.555288 0.666265 0.0384615 0.0891566
11 0.116587 0.73494 0.0456731 0.0674699
11 0.475962 0.679518 0.0576923 0.19759
