0 0.554087 0.826923 0.0985577 0.0625
0 0.524038 0.764423 0.0721154 0.0480769
0 0.538462 0.709135 0.0240385 0.0336538
0 0.478365 0.68149 0.0625 0.03125
0 0.260817 0.699519 0.0456731 0.0528846
0 0.230769 0.703125 0.0384615 0.0552885
2 0.552885 0.286058 0.0528846 0.0288462
2 0.52524 0.359375 0.0504808 0.0264423
3 0.25601 0.317308 0.0504808 0.0288462
5 0.308894 0.451923 0.03125 0.0336538
5 0.483173 0.46274 0.0336538 0.0264423
9 0.234375 0.430288 0.151442 0.163462
9 0.580529 0.467548 0.103365 0.21875
11 0.229567 0.514423 0.132212 0.331731
11 0.576923 0.548077 0.0673077 0.360577
