0 0.111779 0.728916 0.0504808 0.0457831
0 0.182692 0.710843 0.0480769 0.0385542
0 0.254808 0.718072 0.0480769 0.0385542
0 0.319712 0.708434 0.0432692 0.0289157
0 0.350962 0.692771 0.0432692 0.0361446
0 0.40024 0.685542 0.0456731 0.0409639
0 0.435096 0.679518 0.0384615 0.0337349
0 0.501202 0.666265 0.0360577 0.0361446
0 0.585337 0.646988 0.0264423 0.026506
0 0.532452 0.661446 0.0408654 0.0313253
0 0.616587 0.640964 0.0360577 0.0289157
2 0.158654 0.360241 0.0480769 0.026506
3 0.304087 0.384337 0.0408654 0.026506
3 0.389423 0.39759 0.0384615 0.0240964
3 0.532452 0.395181 0.0360577 0.0240964
4 0.0877404 0.559036 0.0456731 0.0433735
4 0.207933 0.557831 0.03125 0.0506024
4 0.233173 0.557831 0.0336538 0.0506024
4 0.354567 0.559036 0.03125 0.0433735
4 0.417067 0.554217 0.0264423 0.0481928
4 0.501202 0.562651 0.0264423 0.0506024
4 0.53125 0.515663 0.0384615 0.0626506
4 0.645433 0.407229 0.0264423 0.0337349
5 0.741587 0.398795 0.0552885 0.0554217
5 0.733173 0.472289 0.0432692 0.0481928
6 0.15024 0.359036 0.0649038 0.086747
6 0.225962 0.366265 0.0528846 0.0722892
6 0.289663 0.380723 0.0600962 0.0771084
6 0.382212 0.39759 0.0480769 0.0626506
6 0.455529 0.384337 0.0552885 0.0698795
6 0.527644 0.393976 0.0456731 0.0698795
6 0.616587 0.406024 0.0456731 0.060241
6 0.810096 0.337349 0.0961538 0.101205
9 0.28726 0.46988 0.108173 0.115663
9 0.378606 0.473494 0.0745192 0.103614
9 0.457933 0.466265 0.0889423 0.103614
9 0.53125 0.473494 0.0673077 0.0987952
9 0.609375 0.479518 0.0649038 0.0915663
9 0.819712 0.493976 0.115385 0.221687
10 0.145433 0.546988 0.122596 0.279518
11 0.289663 0.542169 0.0841346 0.231325
11 0.375 0.533735 0.0673077 0.214458
11 0.456731 0.524096 0.0769231 0.214458
11 0.53125 0.522892 0.0576923 0.207229
11 0.603365 0.519277 0.0576923 0.161446
11 0.814904 0.63253 0.125 0.493976
