0 0.88101 0.627711 0.0552885 0.118072
0 0.528846 0.598795 0.0721154 0.13253
0 0.461538 0.56988 0.0576923 0.113253
4 0.277644 0.449398 0.0408654 0.060241
4 0.415865 0.320482 0.0528846 0.0433735
4 0.700721 0.354217 0.0600962 0.0481928
4 0.713942 0.428916 0.0576923 0.0578313
4 0.652644 0.242169 0.0408654 0.0457831
6 0.0480769 0.513253 0.0240385 0.0578313
6 0.0504808 0.444578 0.0336538 0.0650602
6 0.179087 0.4 0.03125 0.0481928
6 0.324519 0.26988 0.0769231 0.101205
6 0.550481 0.210843 0.0961538 0.0554217
6 0.792067 0.248193 0.09375 0.0915663
9 0.0528846 0.586747 0.0384615 0.118072
9 0.0540865 0.5 0.03125 0.0939759
9 0.185096 0.433735 0.0576923 0.053012
9 0.316106 0.355422 0.0889423 0.127711
9 0.502404 0.319277 0.100962 0.195181
9 0.853365 0.368675 0.153846 0.154217
11 0.0576923 0.595181 0.0432692 0.125301
11 0.0588942 0.498795 0.0456731 0.0963855
11 0.1875 0.472289 0.0673077 0.13012
11 0.314904 0.403614 0.115385 0.228916
11 0.507212 0.380723 0.125 0.337349
11 0.861779 0.43253 0.122596 0.320482
