0 0.282452 0.560241 0.0408654 0.0457831
0 0.213942 0.562651 0.0240385 0.0361446
0 0.1875 0.563855 0.0240385 0.0433735
0 0.348558 0.624096 0.0336538 0.0578313
0 0.536058 0.618072 0.0432692 0.026506
0 0.635817 0.604819 0.0360577 0.0240964
0 0.504808 0.628916 0.0240385 0.0240964
0 0.591346 0.553012 0.0240385 0.026506
4 0.489183 0.525301 0.03125 0.0337349
4 0.310096 0.461446 0.0240385 0.026506
4 0.546875 0.501205 0.0264423 0.0289157
6 0.0793269 0.657831 0.115385 0.125301
6 0.426683 0.624096 0.0985577 0.106024
6 0.774038 0.410843 0.0576923 0.0457831
6 0.61899 0.401205 0.0360577 0.0409639
6 0.530048 0.396386 0.0504808 0.0554217
6 0.450721 0.391566 0.0360577 0.0409639
6 0.527644 0.324096 0.0264423 0.026506
6 0.423077 0.503614 0.0480769 0.053012
6 0.277644 0.360241 0.0408654 0.0506024
6 0.201923 0.363855 0.0384615 0.0385542
6 0.153846 0.33253 0.0336538 0.0433735
6 0.1875 0.316867 0.0336538 0.0457831
9 0.195913 0.43253 0.0841346 0.103614
9 0.270433 0.419277 0.0649038 0.0819277
9 0.492788 0.774699 0.163462 0.151807
9 0.770433 0.50241 0.0745192 0.137349
9 0.674279 0.451807 0.0745192 0.127711
9 0.512019 0.466265 0.0913462 0.0987952
9 0.348558 0.508434 0.0961538 0.0722892
