0 0.15625 0.861779 0.0721154 0.0456731
0 0.188702 0.814904 0.0408654 0.0384615
0 0.5 0.866587 0.0528846 0.03125
0 0.379808 0.795673 0.0432692 0.0432692
0 0.524038 0.776442 0.0432692 0.0336538
0 0.579327 0.771635 0.0576923 0.0288462
0 0.6875 0.848558 0.0625 0.0336538
0 0.737981 0.825721 0.0480769 0.0360577
2 0.698317 0.456731 0.03125 0.0240385
3 0.555288 0.480769 0.0336538 0.0240385
3 0.194712 0.463942 0.0288462 0.0240385
5 0.120192 0.649038 0.0240385 0.0432692
5 0.478365 0.590144 0.0240385 0.0264423
6 0.173077 0.463942 0.0769231 0.0913462
6 0.399038 0.467548 0.0576923 0.0697115
6 0.448317 0.456731 0.0697115 0.0865385
6 0.551683 0.471154 0.0552885 0.0721154
6 0.717548 0.451923 0.0697115 0.0769231
9 0.442308 0.566106 0.0961538 0.117788
9 0.71875 0.549279 0.120192 0.122596
9 0.554087 0.550481 0.0985577 0.0865385
9 0.375 0.552885 0.0673077 0.110577
9 0.155048 0.558894 0.103365 0.132212
11 0.152644 0.658654 0.09375 0.331731
11 0.441106 0.661058 0.103365 0.307692
11 0.550481 0.625 0.0817308 0.225962
11 0.713942 0.641827 0.115385 0.3125
