0 0.259615 0.695913 0.0769231 0.0360577
0 0.901442 0.789663 0.0913462 0.112981
1 0.644231 0.75601 0.0576923 0.0504808
2 0.975962 0.248798 0.0480769 0.0360577
4 0.199519 0.524038 0.0576923 0.0576923
5 0.808894 0.445913 0.0697115 0.0649038
5 0.478365 0.53726 0.0240385 0.0264423
5 0.555288 0.574519 0.0384615 0.0288462
6 0.0901442 0.366587 0.127404 0.141827
6 0.477163 0.459135 0.0600962 0.0625
6 0.620192 0.396635 0.0817308 0.0817308
7 0.5625 0.49399 0.0769231 0.0600962
9 0.657452 0.538462 0.112981 0.134615
10 0.078125 0.632212 0.151442 0.394231
3 0.122596 0.395433 0.0384615 0.0360577
