2 0.0288462 0.457933 0.0576923 0.03125
2 0.78125 0.594952 0.0432692 0.0552885
2 0.872596 0.453125 0.0576923 0.0408654
2 0.695913 0.41226 0.0456731 0.0360577
3 0.18149 0.604567 0.0360577 0.0456731
3 0.159856 0.38101 0.0456731 0.0264423
3 0.299279 0.375 0.0360577 0.0288462
3 0.579327 0.401442 0.0576923 0.0288462
5 0.283654 0.688702 0.0913462 0.0504808
5 0.502404 0.730769 0.0673077 0.0721154
5 0.711538 0.692308 0.0721154 0.0576923
5 0.673077 0.526442 0.0576923 0.0336538
5 0.576923 0.509615 0.0480769 0.0288462
5 0.518029 0.483173 0.0552885 0.0240385
5 0.210337 0.610577 0.0697115 0.0528846
5 0.0925481 0.49399 0.0408654 0.0264423
5 0.207933 0.448317 0.03125 0.03125
5 0.507212 0.463942 0.0336538 0.0288462
7 0.407452 0.649038 0.189904 0.221154
7 0.121394 0.592548 0.15625 0.199519
7 0.846154 0.581731 0.177885 0.182692
7 0.905048 0.454327 0.112981 0.129808
7 0.713942 0.409856 0.0817308 0.0985577
7 0.578125 0.397837 0.0649038 0.0745192
7 0.302885 0.362981 0.0528846 0.0673077
7 0.157452 0.379808 0.0552885 0.0721154
9 0.379808 0.873798 0.293269 0.252404
9 0.0637019 0.819712 0.127404 0.298077
9 0.855769 0.836538 0.288462 0.326923
