3 0.46274 0.403846 0.0264423 0.0240385
7 0.442308 0.41226 0.0288462 0.0552885
5 0.319712 0.641827 0.0288462 0.0528846
3 0.38101 0.433894 0.0504808 0.0168269
7 0.597356 0.438702 0.0408654 0.0552885
9 0.609375 0.509615 0.0745192 0.100962
2 0.203125 0.411058 0.0552885 0.0288462
9 0.72476 0.467548 0.0552885 0.0745192
3 0.770433 0.408654 0.0456731 0.0288462
11 0.382212 0.63101 0.105769 0.319712
5 0.106971 0.621394 0.0456731 0.0552885
5 0.88101 0.711538 0.0408654 0.0673077
5 0.417067 0.671875 0.0408654 0.0600962
9 0.820913 0.569712 0.170673 0.235577
5 0.651442 0.585337 0.0240385 0.03125
9 0.665865 0.480769 0.0528846 0.0865385
6 0.786058 0.396635 0.0961538 0.125
11 0.81851 0.691106 0.165865 0.46875
7 0.382212 0.43149 0.0576923 0.0841346
9 0.378606 0.557692 0.108173 0.168269
6 0.206731 0.405048 0.0817308 0.09375
7 0.487981 0.407452 0.0769231 0.0841346
11 0.509615 0.635817 0.153846 0.367788
9 0.50601 0.549279 0.15625 0.204327
11 0.204327 0.61899 0.134615 0.324519
9 0.204327 0.538462 0.139423 0.163462
3 0.594952 0.438702 0.03125 0.0168269
7 0.723558 0.408654 0.0288462 0.0384615
7 0.865385 0.402644 0.0288462 0.0360577
7 0.673077 0.420673 0.0384615 0.0336538
7 0.645433 0.413462 0.0264423 0.0336538
7 0.554087 0.411058 0.0264423 0.0384615
1 0.620192 0.713942 0.0240385 0.0336538
1 0.580529 0.721154 0.0360577 0.0384615
