3 0.725962 0.442169 0.0625 0.0313253
2 0.418269 0.356627 0.0673077 0.0433735
3 0.24399 0.374699 0.0408654 0.0361446
3 0.194712 0.306024 0.0288462 0.0433735
5 0.183894 0.784337 0.0600962 0.0698795
5 0.277644 0.514458 0.0793269 0.060241
5 0.344952 0.677108 0.0697115 0.0915663
5 0.542067 0.640964 0.0985577 0.0771084
5 0.596154 0.619277 0.0721154 0.0626506
5 0.757212 0.683133 0.0721154 0.0987952
8 0.09375 0.550602 0.1875 0.39759
8 0.213942 0.528916 0.115385 0.257831
8 0.423077 0.512048 0.192308 0.262651
8 0.748798 0.637349 0.170673 0.281928
11 0.0913462 0.575904 0.182692 0.453012
11 0.25 0.595181 0.115385 0.414458
11 0.442308 0.581928 0.163462 0.436145
11 0.764423 0.645783 0.206731 0.356627
6 0.123798 0.260241 0.175481 0.187952
6 0.242788 0.338554 0.0865385 0.127711
6 0.421875 0.343374 0.09375 0.122892
6 0.739183 0.457831 0.122596 0.139759
