0 0.588942 0.637349 0.0528846 0.0409639
0 0.336538 0.671084 0.0432692 0.026506
0 0.126202 0.674699 0.0552885 0.0289157
0 0.0757212 0.668675 0.0360577 0.0361446
3 0.146635 0.455422 0.0240385 0.0240964
3 0.820913 0.450602 0.03125 0.0240964
4 0.144231 0.486747 0.0384615 0.0240964
4 0.0444712 0.574699 0.0264423 0.0313253
4 0.15625 0.527711 0.0240385 0.0337349
4 0.350962 0.438554 0.0288462 0.0337349
4 0.569712 0.525301 0.0336538 0.0433735
4 0.682692 0.520482 0.0240385 0.0481928
4 0.61899 0.526506 0.03125 0.0313253
4 0.772837 0.459036 0.0360577 0.0409639
4 0.795673 0.580723 0.0288462 0.0337349
6 0.0709135 0.455422 0.0456731 0.0481928
6 0.139423 0.450602 0.0384615 0.0433735
6 0.320913 0.422892 0.0456731 0.060241
6 0.564904 0.418072 0.0480769 0.0554217
6 0.644231 0.415663 0.0432692 0.0506024
6 0.722356 0.531325 0.0841346 0.0843373
6 0.842548 0.450602 0.0697115 0.0578313
9 0.310096 0.489157 0.0576923 0.086747
9 0.123798 0.508434 0.0697115 0.0819277
9 0.0625 0.516867 0.0576923 0.0843373
9 0.646635 0.485542 0.0673077 0.0891566
9 0.576923 0.485542 0.0625 0.0795181
9 0.866587 0.536145 0.117788 0.108434
9 0.723558 0.673494 0.110577 0.185542
11 0.120192 0.557831 0.0673077 0.180723
11 0.0612981 0.559036 0.0600962 0.163855
11 0.649038 0.512048 0.0721154 0.171084
