3 0.0228365 0.351807 0.0408654 0.0240964
11 0.0132212 0.483133 0.0264423 0.228916
0 0.487981 0.768675 0.0432692 0.0289157
5 0.133413 0.518072 0.0264423 0.0337349
5 0.262019 0.586747 0.0384615 0.0457831
3 0.408654 0.425301 0.0384615 0.0216867
9 0.233173 0.462651 0.0576923 0.0771084
0 0.120192 0.653012 0.0288462 0.0289157
9 0.0132212 0.433735 0.0264423 0.13012
2 0.510817 0.39759 0.0504808 0.0240964
0 0.33774 0.774699 0.0504808 0.0409639
2 0.334135 0.408434 0.0432692 0.0216867
11 0.0985577 0.514458 0.0865385 0.248193
0 0.0240385 0.613253 0.0480769 0.026506
2 0.71875 0.428916 0.0480769 0.0289157
9 0.71274 0.536145 0.108173 0.146988
6 0.0228365 0.350602 0.0456731 0.060241
9 0.413462 0.521687 0.0865385 0.156627
6 0.235577 0.404819 0.0432692 0.0433735
9 0.314904 0.508434 0.120192 0.163855
5 0.800481 0.691566 0.0432692 0.0433735
9 0.0973558 0.460241 0.0889423 0.13494
9 0.557692 0.540964 0.144231 0.171084
6 0.409856 0.416867 0.0552885 0.0722892
11 0.310096 0.585542 0.115385 0.322892
6 0.561298 0.416867 0.0504808 0.086747
6 0.71875 0.420482 0.0576923 0.0843373
11 0.558894 0.627711 0.137019 0.354217
6 0.510817 0.393976 0.0552885 0.0746988
6 0.0889423 0.368675 0.0528846 0.0674699
9 0.800481 0.585542 0.129808 0.231325
6 0.330529 0.39759 0.0649038 0.0819277
6 0.78726 0.424096 0.0793269 0.0963855
11 0.790865 0.713253 0.163462 0.491566
0 0.289663 0.783133 0.0360577 0.0481928
0 0.289663 0.883133 0.0360577 0.0457831
0 0.341346 0.895181 0.0432692 0.0506024
0 0.0697115 0.659036 0.0480769 0.0361446
0 0.419471 0.743374 0.0360577 0.0361446
0 0.372596 0.736145 0.0336538 0.026506
5 0.719952 0.508434 0.03125 0.0385542
5 0.477163 0.475904 0.0264423 0.0506024
5 0.217548 0.493976 0.0168269 0.0240964
