11 0.819712 0.609639 0.110577 0.279518
0 0.40024 0.708434 0.0456731 0.0337349
9 0.829327 0.575904 0.0913462 0.168675
7 0.486779 0.43494 0.0649038 0.0698795
11 0.141827 0.573494 0.0961538 0.255422
6 0.608173 0.463855 0.0528846 0.0650602
11 0.716346 0.620482 0.125 0.315663
7 0.171875 0.426506 0.0408654 0.0481928
5 0.272837 0.636145 0.03125 0.0433735
5 0.823317 0.537349 0.0408654 0.0337349
9 0.144231 0.516867 0.0913462 0.137349
9 0.348558 0.568675 0.110577 0.19759
6 0.655048 0.46747 0.0408654 0.0578313
7 0.717548 0.444578 0.0552885 0.060241
11 0.346154 0.622892 0.110577 0.296386
0 0.170673 0.714458 0.0576923 0.0361446
11 0.242788 0.618072 0.105769 0.310843
0 0.141827 0.731325 0.0528846 0.0361446
9 0.717548 0.542169 0.108173 0.139759
9 0.24399 0.56506 0.108173 0.195181
6 0.103365 0.437349 0.0384615 0.0506024
9 0.597356 0.568675 0.112981 0.144578
6 0.253606 0.433735 0.0745192 0.0819277
6 0.36899 0.436145 0.0793269 0.0915663
5 0.501202 0.592771 0.0264423 0.0385542
5 0.522837 0.593976 0.0216346 0.0361446
5 0.449519 0.533735 0.0336538 0.0313253
7 0.84375 0.490361 0.0480769 0.0409639
7 0.566106 0.478313 0.0360577 0.0457831
7 0.0540865 0.424096 0.0456731 0.053012
3 0.176683 0.422892 0.03125 0.0120482
3 0.495192 0.440964 0.0288462 0.0144578
