6 0.516827 0.307692 0.163462 0.197115
7 0.298077 0.254808 0.129808 0.153846
7 0.164663 0.234375 0.127404 0.180288
5 0.532452 0.598558 0.0697115 0.0817308
5 0.444712 0.585337 0.0769231 0.09375
5 0.0829327 0.700721 0.0841346 0.0552885
9 0.158654 0.502404 0.245192 0.346154
9 0.534856 0.522837 0.223558 0.338942
9 0.854567 0.50601 0.242788 0.569712
10 0.158654 0.646635 0.254808 0.625
10 0.534856 0.661058 0.233173 0.625
5 0.367788 0.552885 0.0528846 0.0817308
5 0.862981 0.850962 0.0865385 0.0576923
9 0.659856 0.31851 0.146635 0.199519
9 0.354567 0.346154 0.151442 0.206731
