0 0.689904 0.740385 0.0480769 0.0288462
0 0.701923 0.71274 0.0288462 0.0264423
0 0.950721 0.729567 0.0456731 0.03125
0 0.914663 0.705529 0.0360577 0.0264423
0 0.742788 0.661058 0.0384615 0.0240385
0 0.625 0.719952 0.0288462 0.0360577
0 0.534856 0.722356 0.0264423 0.0408654
0 0.502404 0.730769 0.0336538 0.0336538
0 0.413462 0.734375 0.0432692 0.03125
0 0.38101 0.74399 0.03125 0.0360577
0 0.319712 0.777644 0.0384615 0.0408654
0 0.28726 0.762019 0.03125 0.0528846
0 0.197115 0.771635 0.0288462 0.0432692
0 0.170673 0.746394 0.0288462 0.0456731
0 0.230769 0.741587 0.0384615 0.0360577
5 0.252404 0.649038 0.0240385 0.0240385
5 0.22476 0.639423 0.0264423 0.0240385
5 0.360577 0.635817 0.0240385 0.0264423
5 0.622596 0.59976 0.0336538 0.0264423
5 0.890625 0.604567 0.0360577 0.0264423
5 0.992788 0.596154 0.0240385 0.0384615
5 0.546875 0.549279 0.03125 0.0456731
5 0.490385 0.549279 0.0288462 0.03125
5 0.447115 0.598558 0.0240385 0.0240385
