11 0.671875 0.621687 0.0697115 0.20241
6 0.675481 0.5 0.0528846 0.0457831
6 0.602163 0.528916 0.0408654 0.0361446
9 0.674279 0.561446 0.0600962 0.0819277
7 0.492788 0.610843 0.0576923 0.060241
11 0.496394 0.689157 0.0600962 0.115663
5 0.457933 0.681928 0.0216346 0.0192771
9 0.496394 0.663855 0.0600962 0.060241
9 0.600962 0.583133 0.0625 0.0771084
11 0.598558 0.636145 0.0673077 0.187952
0 0.664663 0.750602 0.0408654 0.0216867
5 0.685096 0.63253 0.0192308 0.026506
5 0.623798 0.637349 0.0168269 0.026506
