1 0.205529 0.648193 0.0456731 0.0578313
1 0.305288 0.714458 0.0817308 0.0506024
1 0.0709135 0.503614 0.0360577 0.0337349
1 0.0300481 0.504819 0.0408654 0.0313253
3 0.790865 0.23494 0.0576923 0.0313253
3 0.454327 0.263855 0.0288462 0.026506
3 0.0240385 0.301205 0.0336538 0.0240964
5 0.563702 0.815663 0.0649038 0.0650602
5 0.373798 0.533735 0.0264423 0.060241
5 0.453125 0.513253 0.0504808 0.0337349
5 0.402644 0.515663 0.0456731 0.0337349
6 0.810096 0.221687 0.105769 0.120482
7 0.604567 0.492771 0.0793269 0.113253
7 0.586538 0.256627 0.0961538 0.0891566
7 0.50601 0.240964 0.0504808 0.0674699
7 0.456731 0.253012 0.0625 0.0722892
7 0.383413 0.333735 0.0697115 0.0795181
7 0.481971 0.398795 0.0745192 0.0746988
7 0.262019 0.275904 0.0817308 0.0987952
7 0.151442 0.333735 0.0865385 0.108434
7 0.0288462 0.301205 0.0576923 0.0722892
9 0.734375 0.609639 0.382212 0.20241
9 0.842548 0.355422 0.141827 0.180723
9 0.645433 0.36747 0.146635 0.122892
9 0.759615 0.490361 0.235577 0.108434
9 0.43149 0.556626 0.141827 0.0915663
9 0.25 0.401205 0.129808 0.175904
9 0.399038 0.390361 0.139423 0.115663
9 0.450721 0.308434 0.0793269 0.0771084
9 0.173077 0.422892 0.115385 0.127711
9 0.0372596 0.361446 0.0697115 0.086747
11 0.734375 0.674699 0.401442 0.327711
11 0.266827 0.507229 0.153846 0.39759
11 0.401442 0.398795 0.144231 0.146988
11 0.469952 0.595181 0.233173 0.183133
11 0.760817 0.480723 0.237981 0.127711
11 0.852163 0.395181 0.122596 0.26988
11 0.0456731 0.391566 0.0865385 0.185542
11 0.634615 0.36747 0.134615 0.166265
