9 0.591346 0.555422 0.182692 0.257831
11 0.59375 0.646988 0.192308 0.455422
3 0.415865 0.377108 0.0913462 0.0506024
5 0.503606 0.563855 0.0745192 0.0626506
8 0.43149 0.553012 0.180288 0.272289
3 0.694712 0.303614 0.105769 0.053012
5 0.704327 0.595181 0.0673077 0.0626506
3 0.560096 0.379518 0.110577 0.0457831
6 0.414663 0.362651 0.0985577 0.137349
9 0.78125 0.512048 0.221154 0.354217
6 0.560096 0.374699 0.110577 0.13253
6 0.698317 0.293976 0.141827 0.168675
11 0.783654 0.590361 0.230769 0.510843
11 0.424279 0.627711 0.199519 0.440964
5 0.405048 0.459036 0.0504808 0.060241
