6 0.157452 0.495181 0.0985577 0.127711
6 0.379808 0.396386 0.0673077 0.0891566
6 0.448317 0.33012 0.0456731 0.0626506
6 0.591346 0.36506 0.0576923 0.0746988
6 0.557692 0.568675 0.0673077 0.086747
5 0.122596 0.761446 0.0528846 0.0578313
5 0.68149 0.489157 0.03125 0.0337349
5 0.495192 0.598795 0.0432692 0.0457831
4 0.436298 0.525301 0.0360577 0.0385542
9 0.316106 0.474699 0.0793269 0.168675
9 0.603365 0.696386 0.0865385 0.178313
9 0.604567 0.448193 0.0793269 0.13012
9 0.44351 0.403614 0.0456731 0.103614
0 0.360577 0.708434 0.0576923 0.0337349
0 0.536058 0.792771 0.0769231 0.0481928
9 0.112981 0.575904 0.149038 0.154217
0 0.283654 0.661446 0.0480769 0.0313253
