0 0.391827 0.704819 0.0721154 0.0361446
0 0.44351 0.718072 0.09375 0.0433735
2 0.423077 0.377108 0.0384615 0.026506
3 0.296875 0.557831 0.0264423 0.0361446
3 0.56851 0.33012 0.0408654 0.0240964
4 0.301683 0.683133 0.0408654 0.0457831
4 0.245192 0.551807 0.0240385 0.0240964
5 0.61899 0.485542 0.03125 0.026506
5 0.528846 0.486747 0.0288462 0.0240964
7 0.570913 0.327711 0.0456731 0.0626506
7 0.424279 0.373494 0.0504808 0.053012
7 0.302885 0.539759 0.0625 0.0771084
7 0.269231 0.568675 0.0480769 0.0481928
9 0.394231 0.528916 0.139423 0.108434
9 0.461538 0.433735 0.110577 0.0819277
9 0.584135 0.425301 0.0865385 0.142169
11 0.582933 0.46988 0.0985577 0.226506
