3 0.776442 0.6 0.0528846 0.0240964
3 0.852163 0.645783 0.0504808 0.0240964
3 0.135817 0.619277 0.0360577 0.0240964
5 0.515625 0.751807 0.0360577 0.0433735
5 0.163462 0.777108 0.0432692 0.0409639
6 0.215144 0.615663 0.0504808 0.0650602
6 0.438702 0.614458 0.0264423 0.0289157
6 0.473558 0.616867 0.0288462 0.0337349
6 0.507212 0.613253 0.0528846 0.060241
6 0.609375 0.60241 0.0600962 0.0626506
6 0.973558 0.59759 0.0528846 0.0674699
2 0.961538 0.592771 0.0384615 0.0289157
9 0.21875 0.709639 0.0865385 0.113253
9 0.507212 0.69759 0.0913462 0.113253
9 0.627404 0.695181 0.0961538 0.13253
9 0.783654 0.689157 0.0865385 0.115663
9 0.865385 0.737349 0.0961538 0.120482
9 0.969952 0.685542 0.0600962 0.113253
11 0.623798 0.753012 0.0841346 0.248193
11 0.501202 0.771084 0.09375 0.260241
11 0.211538 0.76506 0.0865385 0.233735
