0 0.55649 0.768029 0.0841346 0.0552885
3 0.59375 0.296875 0.0625 0.0360577
4 0.478365 0.487981 0.0817308 0.0817308
4 0.188702 0.504808 0.0408654 0.0480769
4 0.742788 0.372596 0.0288462 0.0384615
6 0.164663 0.292067 0.0793269 0.0889423
6 0.575721 0.254808 0.103365 0.163462
6 0.6875 0.366587 0.0528846 0.0793269
9 0.223558 0.405048 0.120192 0.15625
9 0.480769 0.429087 0.153846 0.242788
9 0.711538 0.454327 0.100962 0.134615
11 0.248798 0.471154 0.161058 0.278846
11 0.473558 0.518029 0.1875 0.459135
11 0.71274 0.480769 0.09375 0.201923
