0 0.733173 0.79759 0.0576923 0.0626506
0 0.801683 0.810843 0.0889423 0.0506024
0 0.882212 0.774699 0.0721154 0.0506024
0 0.961538 0.750602 0.0769231 0.0554217
3 0.389423 0.233735 0.0721154 0.0578313
3 0.641827 0.326506 0.0721154 0.0409639
3 0.885817 0.385542 0.0504808 0.0385542
4 0.0973558 0.387952 0.0504808 0.0578313
4 0.13101 0.377108 0.0504808 0.060241
4 0.350962 0.357831 0.0576923 0.0650602
5 0.276442 0.379518 0.0528846 0.0554217
6 0.0973558 0.344578 0.112981 0.125301
6 0.397837 0.226506 0.137019 0.139759
6 0.658654 0.3 0.105769 0.137349
6 0.771635 0.342169 0.0769231 0.125301
6 0.885817 0.379518 0.0745192 0.0987952
6 0.955529 0.421687 0.0649038 0.0819277
9 0.200721 0.471084 0.185096 0.195181
9 0.331731 0.492771 0.115385 0.243373
9 0.472356 0.425301 0.21875 0.306024
9 0.674279 0.46988 0.137019 0.245783
9 0.80649 0.461446 0.0889423 0.195181
9 0.891827 0.493976 0.100962 0.178313
9 0.966346 0.515663 0.0576923 0.144578
11 0.231971 0.601205 0.300481 0.455422
11 0.336538 0.524096 0.139423 0.33012
11 0.504808 0.546988 0.278846 0.568675
11 0.716346 0.56506 0.245192 0.421687
11 0.819712 0.561446 0.163462 0.375904
11 0.90625 0.56988 0.125 0.306024
11 0.961538 0.578313 0.0673077 0.260241
