5 0.469952 0.501202 0.0360577 0.0456731
0 0.276442 0.615385 0.0384615 0.0288462
0 0.304087 0.710337 0.0408654 0.0360577
7 0.516827 0.335337 0.0625 0.0649038
9 0.596154 0.4375 0.0817308 0.158654
7 0.81851 0.341346 0.0600962 0.0769231
7 0.655048 0.354567 0.0649038 0.0697115
7 0.893029 0.284856 0.122596 0.117788
9 0.34976 0.448317 0.132212 0.15625
7 0.706731 0.34976 0.0576923 0.0841346
9 0.741587 0.454327 0.09375 0.149038
0 0.626202 0.769231 0.0552885 0.0384615
11 0.515625 0.53726 0.117788 0.353365
0 0.490385 0.705529 0.0721154 0.0456731
7 0.251202 0.36899 0.0456731 0.0552885
9 0.817308 0.438702 0.0865385 0.146635
0 0.533654 0.728365 0.0625 0.0480769
7 0.585337 0.336538 0.0552885 0.0673077
0 0.387019 0.689904 0.0625 0.0336538
9 0.241587 0.447115 0.0793269 0.115385
0 0.745192 0.75 0.0480769 0.0432692
0 0.225962 0.623798 0.0384615 0.03125
9 0.513221 0.459135 0.122596 0.197115
5 0.894231 0.669471 0.0528846 0.0408654
11 0.348558 0.526442 0.129808 0.317308
7 0.356971 0.338942 0.0600962 0.0721154
11 0.246394 0.495192 0.0889423 0.216346
9 0.655048 0.487981 0.127404 0.206731
9 0.905048 0.507212 0.189904 0.350962
11 0.903846 0.643029 0.192308 0.622596
0 0.652644 0.80649 0.0841346 0.0456731
11 0.651442 0.604567 0.125 0.411058
2 0.362981 0.33774 0.0480769 0.0216346
3 0.865385 0.288462 0.0432692 0.0288462
3 0.507212 0.335337 0.0336538 0.0168269
