0 0.100962 0.667067 0.0384615 0.0600962
0 0.241587 0.776442 0.0456731 0.0480769
0 0.317308 0.741587 0.0865385 0.0504808
0 0.163462 0.664663 0.0528846 0.0360577
0 0.420673 0.705529 0.0432692 0.0408654
0 0.477163 0.692308 0.0408654 0.0480769
0 0.730769 0.705529 0.0673077 0.0360577
0 0.807692 0.716346 0.0432692 0.0528846
0 0.667067 0.626202 0.0264423 0.0360577
0 0.713942 0.627404 0.0384615 0.0384615
0 0.626202 0.627404 0.0360577 0.0336538
0 0.590144 0.63101 0.0264423 0.0360577
0 0.543269 0.576923 0.0240385 0.0288462
0 0.578125 0.576923 0.0264423 0.0240385
5 0.140625 0.450721 0.0408654 0.0408654
5 0.34976 0.326923 0.0408654 0.0673077
5 0.257212 0.394231 0.0576923 0.0528846
5 0.424279 0.423077 0.03125 0.0432692
5 0.734375 0.38101 0.0264423 0.0600962
5 0.840144 0.526442 0.0264423 0.0673077
5 0.647837 0.413462 0.0264423 0.0625
7 0.240385 0.344952 0.0817308 0.0841346
7 0.447115 0.355769 0.0721154 0.0721154
7 0.614183 0.360577 0.0456731 0.0528846
7 0.772837 0.328125 0.0841346 0.0745192
7 0.685096 0.361779 0.0625 0.0697115
7 0.55649 0.390625 0.03125 0.0360577
9 0.103365 0.442308 0.0865385 0.105769
9 0.24399 0.455529 0.137019 0.127404
9 0.447115 0.455529 0.0961538 0.141827
9 0.609375 0.432692 0.0793269 0.0961538
9 0.777644 0.439904 0.127404 0.153846
9 0.686298 0.427885 0.0745192 0.105769
9 0.552885 0.436298 0.0576923 0.0745192
11 0.111779 0.503606 0.0985577 0.237981
11 0.253606 0.533654 0.15625 0.322115
11 0.442308 0.513221 0.100962 0.276442
11 0.783654 0.50601 0.120192 0.28125
11 0.688702 0.481971 0.0697115 0.209135
11 0.606971 0.481971 0.0745192 0.204327
11 0.554087 0.471154 0.0552885 0.139423
