0 0.736779 0.770433 0.0649038 0.0408654
0 0.383413 0.802885 0.0649038 0.0384615
2 0.504808 0.449519 0.0576923 0.0240385
3 0.189904 0.4375 0.0432692 0.0336538
3 0.317308 0.407452 0.0384615 0.0264423
3 0.399038 0.414663 0.0480769 0.0264423
5 0.614183 0.459135 0.0456731 0.0240385
5 0.78726 0.527644 0.0504808 0.0360577
4 0.570913 0.646635 0.0408654 0.0432692
6 0.158654 0.4375 0.115385 0.125
6 0.296875 0.405048 0.0841346 0.09375
6 0.384615 0.409856 0.0817308 0.09375
6 0.504808 0.436298 0.0673077 0.0841346
6 0.658654 0.491587 0.0625 0.0793269
9 0.140625 0.606971 0.161058 0.189904
9 0.277644 0.574519 0.127404 0.216346
9 0.379808 0.552885 0.0865385 0.182692
9 0.507212 0.558894 0.125 0.146635
9 0.655048 0.602163 0.132212 0.141827
11 0.155048 0.730769 0.199519 0.447115
