0 0.344952 0.636145 0.0264423 0.0289157
1 0.03125 0.504819 0.0240385 0.026506
1 0.0528846 0.501205 0.0240385 0.0289157
2 0.578125 0.33253 0.0552885 0.0433735
2 0.326923 0.337349 0.100962 0.0578313
2 0.807692 0.360241 0.0961538 0.0409639
3 0.53125 0.285542 0.0817308 0.0457831
3 0.175481 0.361446 0.0480769 0.0240964
5 0.71875 0.345783 0.105769 0.0554217
5 0.933894 0.715663 0.0600962 0.0626506
5 0.65625 0.744578 0.0576923 0.0481928
7 0.28726 0.348193 0.165865 0.175904
7 0.174279 0.359036 0.0600962 0.0771084
7 0.504808 0.290361 0.125 0.137349
7 0.786058 0.371084 0.125 0.139759
9 0.149038 0.428916 0.100962 0.086747
9 0.0372596 0.408434 0.0456731 0.0457831
9 0.210337 0.650602 0.233173 0.409639
9 0.503606 0.507229 0.185096 0.315663
9 0.784856 0.577108 0.242788 0.272289
11 0.512019 0.653012 0.201923 0.592771
