3 0.659856 0.430288 0.0600962 0.0192308
3 0.501202 0.449519 0.0649038 0.0240385
2 0.326923 0.466346 0.0625 0.0240385
0 0.447115 0.84976 0.0480769 0.0408654
2 0.188702 0.466346 0.0504808 0.0240385
0 0.290865 0.830529 0.0432692 0.0408654
0 0.644231 0.823317 0.0576923 0.0360577
0 0.174279 0.855769 0.0456731 0.0336538
5 0.264423 0.657452 0.0288462 0.0360577
0 0.334135 0.816106 0.0480769 0.0360577
11 0.490385 0.646635 0.125 0.317308
0 0.822115 0.841346 0.0673077 0.0432692
6 0.497596 0.450721 0.0721154 0.0793269
9 0.670673 0.545673 0.125 0.158654
3 0.854567 0.397837 0.0697115 0.0216346
0 0.492788 0.829327 0.0673077 0.0432692
6 0.328125 0.463942 0.0649038 0.0721154
6 0.856971 0.396635 0.0745192 0.0913462
6 0.186298 0.461538 0.0697115 0.0769231
6 0.661058 0.427885 0.0721154 0.0817308
9 0.867788 0.538462 0.149038 0.192308
9 0.317308 0.56851 0.125 0.137019
9 0.169471 0.563702 0.132212 0.127404
11 0.167067 0.676683 0.132212 0.372596
11 0.668269 0.633413 0.129808 0.338942
11 0.317308 0.649038 0.129808 0.298077
11 0.864183 0.632212 0.151442 0.389423
9 0.492788 0.552885 0.100962 0.129808
5 0.414663 0.490385 0.0264423 0.0336538
0 0.109375 0.873798 0.0408654 0.0360577
0 0.893029 0.856971 0.0504808 0.0552885
0 0.69351 0.842548 0.0408654 0.0504808
