3 0.387019 0.623798 0.0721154 0.0408654
3 0.444712 0.501202 0.0625 0.0504808
3 0.524038 0.455529 0.0625 0.0360577
3 0.65024 0.491587 0.0456731 0.03125
4 0.329327 0.647837 0.0384615 0.0697115
4 0.796875 0.610577 0.0504808 0.0384615
4 0.878606 0.612981 0.0504808 0.0336538
6 0.385817 0.611779 0.0889423 0.137019
6 0.444712 0.501202 0.0865385 0.0985577
6 0.52524 0.447115 0.0841346 0.105769
6 0.66226 0.490385 0.0745192 0.0913462
9 0.65024 0.605769 0.112981 0.153846
9 0.533654 0.611779 0.110577 0.204327
9 0.403846 0.75 0.177885 0.134615
11 0.522837 0.69351 0.103365 0.382212
11 0.659856 0.688702 0.137019 0.314904
