2 0.0180288 0.431325 0.0360577 0.0481928
2 0.566106 0.351807 0.122596 0.0385542
3 0.403846 0.362651 0.0961538 0.0506024
3 0.0480769 0.418072 0.0528846 0.0313253
3 0.897837 0.442169 0.0504808 0.026506
3 0.651442 0.420482 0.0528846 0.026506
5 0.139423 0.726506 0.0240385 0.0409639
5 0.645433 0.778313 0.0697115 0.0819277
5 0.975962 0.592771 0.0480769 0.0722892
5 0.764423 0.827711 0.0432692 0.0361446
7 0.366587 0.359036 0.175481 0.212048
7 0.557692 0.366265 0.158654 0.168675
7 0.871394 0.451807 0.103365 0.137349
9 0.336538 0.696386 0.298077 0.472289
9 0.597356 0.636145 0.262019 0.356627
9 0.856971 0.624096 0.204327 0.221687
