7 0.138221 0.312048 0.0793269 0.103614
7 0.394231 0.325301 0.0865385 0.125301
7 0.606971 0.315663 0.0745192 0.106024
7 0.72476 0.321687 0.0552885 0.0746988
7 0.854567 0.349398 0.0745192 0.120482
2 0.727163 0.315663 0.0456731 0.0289157
3 0.143029 0.309639 0.0600962 0.0313253
3 0.408654 0.327711 0.0528846 0.0337349
3 0.614183 0.308434 0.0504808 0.0289157
3 0.838942 0.345783 0.0384615 0.0361446
5 0.03125 0.574699 0.0384615 0.0506024
5 0.272837 0.591566 0.0360577 0.0554217
5 0.469952 0.601205 0.0360577 0.0506024
5 0.526442 0.573494 0.0288462 0.0433735
5 0.645433 0.543373 0.0408654 0.0554217
5 0.752404 0.551807 0.0336538 0.0433735
5 0.889423 0.557831 0.0432692 0.0409639
9 0.143029 0.471084 0.132212 0.224096
9 0.383413 0.477108 0.132212 0.192771
9 0.604567 0.446988 0.127404 0.156627
9 0.729567 0.416867 0.0697115 0.120482
9 0.847356 0.475904 0.0985577 0.156627
6 0.278846 0.337349 0.0336538 0.053012
11 0.145433 0.560241 0.146635 0.407229
11 0.383413 0.592771 0.141827 0.443374
11 0.604567 0.554217 0.137019 0.390361
11 0.848558 0.583133 0.120192 0.380723
9 0.280048 0.401205 0.0552885 0.0843373
0 0.134615 0.826506 0.0480769 0.0481928
0 0.200721 0.789157 0.0360577 0.060241
0 0.570913 0.813253 0.0360577 0.0457831
0 0.61899 0.791566 0.0360577 0.0746988
0 0.776442 0.790361 0.0384615 0.053012
0 0.855769 0.844578 0.0528846 0.0650602
0 0.407452 0.826506 0.0360577 0.0481928
