0 0.200721 0.820482 0.0552885 0.0361446
5 0.0384615 0.56747 0.0192308 0.0216867
5 0.015625 0.553012 0.0216346 0.0216867
9 0.326923 0.519277 0.0336538 0.0506024
3 0.734375 0.454217 0.0697115 0.0313253
0 0.0420673 0.661446 0.0456731 0.026506
6 0.329327 0.485542 0.0240385 0.026506
6 0.280048 0.475904 0.0360577 0.0409639
9 0.711538 0.590361 0.125 0.19759
0 0.286058 0.640964 0.0384615 0.0289157
11 0.69351 0.655422 0.165865 0.342169
2 0.1875 0.453012 0.0384615 0.0240964
5 0.288462 0.387952 0.0769231 0.0722892
5 0.78726 0.681928 0.0360577 0.0433735
2 0.563702 0.357831 0.0600962 0.0313253
0 0.137019 0.659036 0.0432692 0.0216867
9 0.0372596 0.544578 0.0552885 0.0722892
11 0.211538 0.648193 0.0961538 0.337349
9 0.206731 0.539759 0.0961538 0.115663
5 0.955529 0.698795 0.0360577 0.0481928
3 0.846154 0.410843 0.0432692 0.0216867
6 0.0300481 0.493976 0.0360577 0.0433735
6 0.200721 0.453012 0.0649038 0.0722892
6 0.734375 0.453012 0.0745192 0.0963855
9 0.516827 0.53012 0.153846 0.250602
9 0.391827 0.586747 0.100962 0.180723
11 0.391827 0.666265 0.100962 0.339759
6 0.544471 0.355422 0.117788 0.127711
6 0.859375 0.406024 0.09375 0.108434
9 0.864183 0.571084 0.180288 0.221687
11 0.861779 0.640964 0.175481 0.375904
11 0.520433 0.613253 0.146635 0.421687
0 0.396635 0.796386 0.0576923 0.0409639
6 0.128606 0.493976 0.0360577 0.0337349
