5 0.484375 0.675481 0.0264423 0.0288462
0 0.526442 0.77524 0.0336538 0.03125
5 0.444712 0.669471 0.0288462 0.03125
0 0.723558 0.778846 0.0288462 0.0336538
0 0.444712 0.793269 0.0336538 0.0288462
9 0.713942 0.611779 0.0817308 0.0985577
0 0.492788 0.788462 0.0480769 0.0288462
6 0.710337 0.539663 0.0456731 0.0552885
0 0.356971 0.801683 0.0649038 0.03125
0 0.294471 0.808894 0.0552885 0.0456731
0 0.575721 0.770433 0.0408654 0.03125
0 0.689904 0.774038 0.0432692 0.0288462
9 0.454327 0.622596 0.0817308 0.115385
6 0.451923 0.536058 0.0528846 0.0625
9 0.310096 0.623798 0.0865385 0.112981
6 0.55649 0.530048 0.0456731 0.0552885
11 0.71274 0.657452 0.0793269 0.189904
9 0.55649 0.610577 0.0793269 0.100962
11 0.55649 0.657452 0.0793269 0.194712
6 0.317308 0.536058 0.0528846 0.0673077
11 0.311298 0.676683 0.0889423 0.223558
11 0.454327 0.671875 0.0817308 0.213942
