0 0.225962 0.824519 0.0913462 0.0865385
0 0.492788 0.835337 0.0865385 0.0745192
2 0.195913 0.260817 0.0600962 0.0408654
3 0.140625 0.240385 0.0649038 0.0384615
3 0.323317 0.317308 0.103365 0.0384615
3 0.707933 0.294471 0.112981 0.0504808
3 0.634615 0.266827 0.0432692 0.0336538
3 0.832933 0.304087 0.0408654 0.03125
5 0.197115 0.699519 0.0769231 0.0865385
5 0.242788 0.700721 0.0480769 0.0841346
5 0.424279 0.685096 0.0408654 0.0769231
5 0.522837 0.71875 0.0600962 0.100962
5 0.769231 0.65024 0.110577 0.09375
5 0.862981 0.564904 0.0384615 0.0625
6 0.3125 0.31851 0.120192 0.165865
6 0.435096 0.302885 0.0913462 0.120192
6 0.526442 0.286058 0.0576923 0.0817308
7 0.112981 0.233173 0.134615 0.168269
7 0.725962 0.284856 0.144231 0.204327
7 0.825721 0.311298 0.0649038 0.0793269
7 0.909856 0.240385 0.180288 0.254808
9 0.0961538 0.484375 0.177885 0.310096
9 0.326923 0.536058 0.235577 0.278846
9 0.450721 0.47476 0.137019 0.237981
9 0.680288 0.502404 0.240385 0.322115
9 0.917067 0.526442 0.165865 0.355769
11 0.09375 0.634615 0.173077 0.605769
11 0.317308 0.652644 0.221154 0.526442
