2 0.473558 0.469952 0.0480769 0.0168269
0 0.483173 0.987981 0.0576923 0.0240385
2 0.165865 0.390625 0.0673077 0.03125
5 0.72476 0.617788 0.0456731 0.0528846
9 0.794471 0.582933 0.228365 0.194712
5 0.359375 0.622596 0.0697115 0.0625
10 0.455529 0.679087 0.122596 0.34375
9 0.112981 0.597356 0.225962 0.310096
9 0.33774 0.602163 0.127404 0.237981
9 0.456731 0.584135 0.125 0.158654
3 0.784856 0.421875 0.0649038 0.0264423
5 0.771635 0.563702 0.0817308 0.0600962
6 0.28125 0.472356 0.0961538 0.112981
6 0.463942 0.461538 0.0817308 0.0913462
6 0.354567 0.433894 0.0841346 0.112981
6 0.126202 0.360577 0.175481 0.173077
6 0.78726 0.418269 0.103365 0.134615
11 0.354567 0.736779 0.170673 0.512019
11 0.792067 0.669471 0.228365 0.382212
3 0.366587 0.447115 0.0408654 0.0240385
5 0.25601 0.764423 0.0408654 0.0817308
