9 0.0372596 0.795181 0.0745192 0.13494
9 0.213942 0.787952 0.240385 0.144578
3 0.0336538 0.704819 0.0673077 0.0698795
5 0.360577 0.483133 0.0528846 0.0650602
6 0.920673 0.673494 0.158654 0.233735
9 0.53125 0.622892 0.125 0.195181
3 0.528846 0.481928 0.0625 0.0337349
6 0.438702 0.737349 0.170673 0.178313
7 0.528846 0.480723 0.0625 0.0939759
6 0.745192 0.683133 0.240385 0.248193
6 0.0384615 0.669879 0.0769231 0.221687
6 0.233173 0.628916 0.201923 0.20241
5 0.53125 0.66747 0.0432692 0.0578313
6 0.417067 0.6 0.141827 0.086747
6 0.567308 0.727711 0.110577 0.443374
