0 0.129808 0.945913 0.0673077 0.0600962
0 0.0612981 0.942308 0.0697115 0.0240385
0 0.271635 0.94351 0.0721154 0.0264423
0 0.361779 0.9375 0.0985577 0.0528846
0 0.467548 0.909856 0.0841346 0.0600962
2 0.515625 0.594952 0.0504808 0.0360577
3 0.0901442 0.36899 0.0552885 0.0408654
3 0.25 0.371394 0.0528846 0.0264423
3 0.424279 0.427885 0.0456731 0.0336538
3 0.632212 0.638221 0.0528846 0.0264423
3 0.782452 0.627404 0.0552885 0.0240385
3 0.882212 0.625 0.0528846 0.0240385
4 0.324519 0.24399 0.0384615 0.0649038
4 0.347356 0.284856 0.0264423 0.0408654
4 0.365385 0.355769 0.0288462 0.0480769
4 0.384615 0.378606 0.0240385 0.0504808
4 0.0144231 0.246394 0.0288462 0.0552885
4 0.610577 0.719952 0.0576923 0.0504808
4 0.763221 0.728365 0.0408654 0.0480769
4 0.901442 0.730769 0.0336538 0.0288462
6 0.0901442 0.354567 0.0793269 0.0889423
6 0.240385 0.359375 0.0865385 0.0841346
6 0.447115 0.425481 0.0913462 0.100962
6 0.507212 0.585337 0.0673077 0.0889423
6 0.628606 0.625 0.0649038 0.0769231
6 0.78125 0.614183 0.0576923 0.0745192
6 0.879808 0.615385 0.0625 0.0721154
9 0.0745192 0.497596 0.139423 0.197115
9 0.25 0.507212 0.129808 0.206731
9 0.407452 0.551683 0.108173 0.175481
9 0.509615 0.689904 0.0913462 0.163462
9 0.610577 0.72476 0.0913462 0.132212
9 0.794471 0.703125 0.0697115 0.103365
9 0.866587 0.706731 0.0600962 0.115385
