3 0.0300481 0.419471 0.03125 0.0264423
3 0.22476 0.40625 0.0360577 0.0240385
3 0.394231 0.427885 0.0288462 0.0240385
3 0.751202 0.432692 0.0504808 0.0288462
1 0.155048 0.831731 0.0697115 0.0576923
1 0.219952 0.800481 0.0745192 0.0480769
1 0.319712 0.810096 0.0625 0.0673077
1 0.407452 0.790865 0.0793269 0.0528846
1 0.680288 0.860577 0.0673077 0.0432692
5 0.0408654 0.623798 0.0625 0.0600962
5 0.65024 0.560096 0.0456731 0.0384615
7 0.0228365 0.421875 0.0456731 0.122596
7 0.206731 0.403846 0.0769231 0.0769231
7 0.384615 0.426683 0.0673077 0.0793269
7 0.567308 0.396635 0.0817308 0.105769
7 0.753606 0.41226 0.0697115 0.0841346
7 0.817308 0.425481 0.100962 0.0865385
9 0.0288462 0.590144 0.0576923 0.247596
9 0.183894 0.539663 0.117788 0.194712
9 0.364183 0.524038 0.127404 0.139423
9 0.549279 0.543269 0.146635 0.235577
9 0.730769 0.552885 0.120192 0.201923
9 0.802885 0.602163 0.177885 0.237981
11 0.0300481 0.655048 0.0600962 0.425481
11 0.185096 0.621394 0.110577 0.367788
11 0.361779 0.625 0.108173 0.322115
11 0.540865 0.637019 0.158654 0.432692
11 0.729567 0.545673 0.112981 0.216346
11 0.782452 0.674279 0.213942 0.40625
