1 0.137019 0.813702 0.0625 0.0793269
1 0.197115 0.770433 0.110577 0.0600962
1 0.425481 0.759615 0.0673077 0.0480769
1 0.549279 0.770433 0.0649038 0.0649038
1 0.622596 0.771635 0.0673077 0.0673077
1 0.742788 0.77524 0.0673077 0.0697115
1 0.822115 0.777644 0.0625 0.0745192
1 0.905048 0.661058 0.0456731 0.0576923
1 0.96274 0.667067 0.0408654 0.0552885
2 0.594952 0.301683 0.0649038 0.03125
3 0.15625 0.288462 0.0480769 0.0384615
3 0.425481 0.308894 0.0480769 0.03125
3 0.811298 0.295673 0.0552885 0.0336538
3 0.951923 0.328125 0.0480769 0.0264423
5 0.239183 0.348558 0.0408654 0.0528846
1 0.328125 0.604567 0.0456731 0.0552885
5 0.627404 0.477163 0.0384615 0.0456731
5 0.935096 0.43149 0.0240385 0.03125
6 0.153846 0.294471 0.0769231 0.112981
6 0.795673 0.294471 0.0817308 0.127404
7 0.41226 0.319712 0.0745192 0.0961538
7 0.588942 0.307692 0.0769231 0.0913462
7 0.949519 0.335337 0.0528846 0.0793269
9 0.137019 0.445913 0.163462 0.252404
9 0.402644 0.455529 0.146635 0.213942
9 0.580529 0.442308 0.165865 0.197115
9 0.793269 0.441106 0.173077 0.194712
9 0.9375 0.445913 0.0913462 0.165865
11 0.132212 0.554087 0.173077 0.439904
11 0.394231 0.53726 0.129808 0.377404
11 0.576923 0.543269 0.144231 0.394231
11 0.790865 0.545673 0.163462 0.413462
11 0.935096 0.502404 0.0817308 0.278846
