1 0.4 0.877404 0.0722892 0.0961538
1 0.579518 0.790865 0.0457831 0.0576923
1 0.555422 0.752404 0.0457831 0.0432692
1 0.659036 0.784856 0.026506 0.0552885
1 0.508434 0.725962 0.0433735 0.0432692
1 0.445783 0.737981 0.0626506 0.0384615
5 0.604819 0.563702 0.0481928 0.0456731
5 0.407229 0.665865 0.0385542 0.0625
5 0.324096 0.709135 0.0698795 0.0625
6 0.271084 0.364183 0.113253 0.15625
6 0.360241 0.409856 0.0650602 0.0985577
6 0.468675 0.414663 0.0457831 0.0600962
6 0.504819 0.4375 0.0361446 0.0721154
6 0.568675 0.425481 0.0578313 0.0721154
6 0.644578 0.40625 0.0554217 0.0817308
9 0.249398 0.563702 0.219277 0.276442
9 0.362651 0.527644 0.0843373 0.180288
9 0.468675 0.497596 0.0891566 0.120192
9 0.618072 0.498798 0.103614 0.117788
11 0.620482 0.610577 0.108434 0.346154
11 0.468675 0.579327 0.0843373 0.288462
11 0.362651 0.647837 0.0987952 0.411058
11 0.248193 0.707933 0.19759 0.584135
11 0.0662651 0.713942 0.13253 0.572115
9 0.0662651 0.576923 0.13253 0.293269
6 0.0216867 0.356971 0.0433735 0.15625
