2 0.485577 0.317308 0.0528846 0.0240385
2 0.981971 0.466346 0.0360577 0.0576923
7 0.0889423 0.40024 0.0769231 0.108173
3 0.929087 0.435096 0.108173 0.0432692
7 0.980769 0.465144 0.0384615 0.209135
5 0.783654 0.561298 0.0576923 0.0745192
7 0.855769 0.338942 0.0576923 0.0769231
3 0.173077 0.384615 0.0480769 0.0288462
5 0.0192308 0.689904 0.0384615 0.0721154
5 0.319712 0.426683 0.0384615 0.0360577
3 0.237981 0.336538 0.0673077 0.0288462
2 0.719952 0.31851 0.0649038 0.0360577
9 0.801683 0.471154 0.146635 0.125
5 0.963942 0.877404 0.0673077 0.0528846
5 0.442308 0.408654 0.0336538 0.0288462
5 0.717548 0.496394 0.0504808 0.0600962
9 0.930288 0.552885 0.139423 0.125
7 0.483173 0.31851 0.0528846 0.0600962
5 0.65024 0.403846 0.0408654 0.0432692
9 0.479567 0.38101 0.108173 0.0841346
5 0.965144 0.679087 0.0649038 0.0504808
9 0.0625 0.540865 0.125 0.149038
5 0.204327 0.514423 0.0528846 0.0576923
5 0.120192 0.585337 0.0625 0.0552885
7 0.930288 0.426683 0.110577 0.146635
7 0.0348558 0.419471 0.0697115 0.132212
5 0.8125 0.633413 0.0817308 0.0600962
5 0.0600962 0.669471 0.0673077 0.0600962
7 0.800481 0.360577 0.0865385 0.0913462
7 0.169471 0.376202 0.0889423 0.09375
7 0.719952 0.316106 0.0649038 0.0889423
7 0.237981 0.330529 0.0673077 0.0793269
5 0.0612981 0.883413 0.0697115 0.0649038
5 0.814904 0.921875 0.100962 0.0504808
5 0.117788 0.971154 0.0673077 0.0528846
2 0.100962 0.411058 0.0528846 0.0288462
