0 0.0685096 0.959135 0.0504808 0.0721154
0 0.207933 0.950721 0.0600962 0.0841346
2 0.77524 0.442308 0.0649038 0.0288462
2 0.947115 0.441106 0.0721154 0.0360577
3 0.325721 0.496394 0.0600962 0.0360577
4 0.0432692 0.453125 0.0625 0.0552885
4 0.235577 0.455529 0.0480769 0.0504808
4 0.584135 0.5625 0.0576923 0.0576923
6 0.320913 0.484375 0.0745192 0.117788
6 0.790865 0.430288 0.105769 0.105769
6 0.93149 0.429087 0.112981 0.108173
9 0.28125 0.612981 0.149038 0.192308
9 0.802885 0.603365 0.134615 0.225962
9 0.924279 0.615385 0.122596 0.283654
10 0.296875 0.700721 0.161058 0.362981
10 0.0444712 0.715144 0.0889423 0.396635
10 0.793269 0.695913 0.153846 0.430288
10 0.93149 0.700721 0.137019 0.425481
