2 0.598558 0.479518 0.0480769 0.0337349
3 0.288462 0.518072 0.0480769 0.0289157
3 0.21875 0.520482 0.0480769 0.0289157
5 0.439904 0.595181 0.0432692 0.0385542
6 0.152644 0.504819 0.0841346 0.0939759
6 0.215144 0.510843 0.0552885 0.086747
6 0.283654 0.513253 0.0673077 0.0819277
6 0.409856 0.518072 0.0552885 0.0722892
6 0.491587 0.508434 0.0793269 0.0819277
6 0.611779 0.475904 0.0889423 0.0843373
6 0.80649 0.468675 0.0793269 0.0795181
9 0.807692 0.606024 0.134615 0.166265
9 0.617788 0.612048 0.0913462 0.192771
9 0.503606 0.625301 0.0889423 0.156627
9 0.403846 0.625301 0.0961538 0.151807
9 0.282452 0.639759 0.09375 0.180723
9 0.152644 0.642169 0.0985577 0.195181
10 0.145433 0.708434 0.108173 0.322892
10 0.265625 0.722892 0.0697115 0.327711
10 0.409856 0.70241 0.09375 0.286747
10 0.498798 0.710843 0.0889423 0.303614
10 0.614183 0.709639 0.103365 0.387952
10 0.801683 0.706024 0.127404 0.371084
