6 0.425481 0.328125 0.0769231 0.112981
6 0.575721 0.328125 0.0841346 0.108173
6 0.759615 0.305288 0.0865385 0.0961538
6 0.88101 0.362981 0.0649038 0.110577
6 0.3125 0.332933 0.0769231 0.108173
6 0.191106 0.350962 0.103365 0.110577
6 0.0456731 0.3125 0.0913462 0.144231
6 0.766827 0.0456731 0.0961538 0.0817308
2 0.326923 0.353365 0.0769231 0.0240385
2 0.570913 0.331731 0.0697115 0.0240385
3 0.888221 0.383413 0.0649038 0.03125
9 0.432692 0.486779 0.120192 0.185096
9 0.594952 0.47476 0.141827 0.185096
9 0.751202 0.46274 0.127404 0.194712
9 0.894231 0.489183 0.120192 0.161058
9 0.289663 0.489183 0.122596 0.223558
9 0.173077 0.512019 0.120192 0.201923
9 0.0432692 0.509615 0.0817308 0.264423
11 0.59976 0.647837 0.146635 0.53125
11 0.429087 0.641827 0.117788 0.480769
11 0.889423 0.602163 0.115385 0.372596
11 0.751202 0.658654 0.108173 0.581731
11 0.0552885 0.632212 0.110577 0.504808
