0 0.25601 0.495181 0.0408654 0.0361446
0 0.210337 0.489157 0.0408654 0.0240964
4 0.530048 0.322892 0.03125 0.0240964
4 0.0757212 0.514458 0.0408654 0.0361446
4 0.116587 0.63494 0.0600962 0.0506024
4 0.159856 0.63012 0.0408654 0.0506024
5 0.0276442 0.655422 0.0504808 0.0578313
5 0.283654 0.612048 0.0384615 0.053012
5 0.109375 0.384337 0.03125 0.0361446
5 0.210337 0.416867 0.03125 0.0240964
6 0.21875 0.29759 0.0576923 0.0554217
6 0.579327 0.278313 0.0384615 0.0506024
6 0.950721 0.571084 0.0745192 0.0963855
6 0.503606 0.301205 0.0360577 0.0385542
7 0.223558 0.626506 0.0913462 0.0915663
7 0.332933 0.616867 0.0697115 0.0819277
7 0.788462 0.591566 0.0721154 0.0843373
7 0.887019 0.586747 0.0721154 0.0795181
9 0.213942 0.809639 0.182692 0.245783
9 0.334135 0.798795 0.110577 0.238554
9 0.795673 0.781928 0.149038 0.286747
9 0.913462 0.780723 0.0961538 0.298795
9 0.21875 0.362651 0.115385 0.0746988
9 0.591346 0.337349 0.0673077 0.0674699
9 0.49399 0.356627 0.0552885 0.0626506
