1 0.0637019 0.637019 0.03125 0.0240385
1 0.0757212 0.622596 0.0264423 0.0240385
1 0.103365 0.689904 0.0384615 0.0336538
1 0.145433 0.682692 0.0408654 0.0240385
1 0.280048 0.632212 0.0360577 0.0240385
1 0.317308 0.641827 0.0384615 0.0336538
1 0.409856 0.667067 0.0360577 0.0504808
1 0.486779 0.670673 0.03125 0.0240385
1 0.759615 0.674279 0.0576923 0.0360577
1 0.711538 0.625 0.0432692 0.0240385
1 0.366587 0.616587 0.0456731 0.0264423
5 0.467548 0.56851 0.03125 0.0264423
6 0.0769231 0.439904 0.0336538 0.0336538
6 0.115385 0.425481 0.0384615 0.0384615
6 0.129808 0.463942 0.0480769 0.0576923
6 0.266827 0.439904 0.0336538 0.0432692
6 0.313702 0.4375 0.03125 0.0480769
6 0.340144 0.454327 0.0264423 0.0384615
6 0.387019 0.457933 0.0384615 0.0360577
6 0.465144 0.419471 0.0456731 0.0552885
6 0.754808 0.415865 0.0480769 0.0528846
6 0.700721 0.43149 0.0360577 0.0504808
9 0.0913462 0.461538 0.0336538 0.0384615
9 0.0588942 0.491587 0.03125 0.0985577
9 0.115385 0.52524 0.0961538 0.112981
9 0.25 0.495192 0.0384615 0.0865385
9 0.298077 0.498798 0.0528846 0.0889423
9 0.342548 0.507212 0.0408654 0.0817308
9 0.389423 0.514423 0.0528846 0.0817308
9 0.453125 0.507212 0.0600962 0.115385
9 0.764423 0.487981 0.0769231 0.120192
9 0.705529 0.489183 0.0408654 0.0889423
11 0.0600962 0.520433 0.0288462 0.15625
11 0.0913462 0.461538 0.0336538 0.0384615
11 0.117788 0.573317 0.100962 0.209135
11 0.247596 0.534856 0.0336538 0.165865
11 0.292067 0.539663 0.0504808 0.170673
11 0.342548 0.533654 0.0456731 0.153846
11 0.390625 0.538462 0.0504808 0.139423
11 0.445913 0.560096 0.103365 0.230769
11 0.704327 0.53125 0.0432692 0.177885
11 0.762019 0.552885 0.0673077 0.225962
