0 0.655048 0.645433 0.0697115 0.0649038
0 0.581731 0.665865 0.0528846 0.0673077
0 0.352163 0.71274 0.0600962 0.0456731
2 0.516827 0.329327 0.0576923 0.0384615
2 0.86899 0.314904 0.112981 0.0432692
3 0.409856 0.36899 0.0697115 0.03125
3 0.686298 0.348558 0.0600962 0.0288462
5 0.659856 0.528846 0.0552885 0.0576923
5 0.75 0.572115 0.0913462 0.0576923
5 0.746394 0.528846 0.0745192 0.0480769
5 0.432692 0.423077 0.0528846 0.0480769
5 0.388221 0.411058 0.0504808 0.0625
6 0.388221 0.370192 0.112981 0.134615
6 0.533654 0.322115 0.0961538 0.105769
6 0.704327 0.344952 0.105769 0.132212
6 0.903846 0.293269 0.192308 0.25
9 0.555288 0.456731 0.139423 0.177885
