5 0.112981 0.660241 0.0576923 0.0771084
5 0.348558 0.645783 0.0432692 0.0674699
5 0.44351 0.612048 0.0456731 0.0674699
5 0.59375 0.596386 0.0528846 0.0650602
5 0.66226 0.660241 0.0552885 0.0674699
5 0.894231 0.633735 0.0432692 0.0674699
2 0.126202 0.33253 0.0552885 0.0385542
2 0.251202 0.320482 0.0600962 0.0433735
2 0.764423 0.333735 0.0673077 0.0457831
3 0.527644 0.340964 0.0456731 0.0361446
3 0.326923 0.360241 0.0336538 0.0361446
7 0.323317 0.344578 0.0600962 0.0915663
6 0.129808 0.319277 0.0769231 0.113253
6 0.233173 0.310843 0.100962 0.125301
6 0.43149 0.354217 0.0649038 0.0771084
6 0.521635 0.321687 0.0721154 0.13253
6 0.576923 0.348193 0.0432692 0.0746988
6 0.763221 0.326506 0.108173 0.13253
9 0.134615 0.445783 0.120192 0.149398
9 0.365385 0.431325 0.105769 0.144578
9 0.502404 0.457831 0.192308 0.178313
9 0.765625 0.487952 0.161058 0.224096
9 0.248798 0.480723 0.185096 0.233735
11 0.127404 0.53253 0.134615 0.346988
11 0.253606 0.590361 0.180288 0.443374
11 0.361779 0.53494 0.112981 0.371084
11 0.53125 0.586747 0.144231 0.440964
11 0.75601 0.587952 0.194712 0.433735
