6 0.491587 0.424279 0.0745192 0.0841346
6 0.585337 0.262019 0.0600962 0.0769231
6 0.286058 0.473558 0.0432692 0.0480769
6 0.43149 0.47476 0.0360577 0.0408654
4 0.647837 0.496394 0.03125 0.0264423
4 0.538462 0.466346 0.0384615 0.0240385
4 0.647837 0.288462 0.0264423 0.0336538
4 0.5625 0.304087 0.0288462 0.0360577
0 0.516827 0.822115 0.0576923 0.0336538
9 0.509615 0.534856 0.0913462 0.137019
9 0.59976 0.375 0.103365 0.153846
9 0.294471 0.534856 0.0600962 0.0649038
9 0.423077 0.533654 0.0528846 0.0913462
11 0.503606 0.625 0.0745192 0.3125
11 0.294471 0.590144 0.0456731 0.185096
