9 0.453125 0.339759 0.0600962 0.115663
11 0.167067 0.454217 0.151442 0.281928
5 0.759615 0.436145 0.0288462 0.0337349
0 0.151442 0.645783 0.0625 0.0289157
0 0.372596 0.637349 0.0528846 0.0409639
0 0.772837 0.528916 0.0504808 0.0313253
10 0.165865 0.453012 0.149038 0.279518
4 0.397837 0.487952 0.0408654 0.0409639
9 0.729567 0.380723 0.103365 0.0819277
4 0.453125 0.418072 0.0360577 0.0409639
11 0.729567 0.426506 0.103365 0.178313
6 0.792067 0.325301 0.0552885 0.0722892
6 0.460337 0.256627 0.0552885 0.0746988
9 0.344952 0.390361 0.151442 0.154217
6 0.399038 0.292771 0.0673077 0.0795181
9 0.164663 0.387952 0.151442 0.149398
6 0.240385 0.304819 0.0769231 0.0939759
10 0.34375 0.445783 0.149038 0.26506
