0 0.307692 0.791566 0.0432692 0.0843373
0 0.346154 0.713253 0.0432692 0.0481928
0 0.485577 0.710843 0.0384615 0.053012
0 0.393029 0.650602 0.0264423 0.0481928
0 0.554087 0.740964 0.0649038 0.0506024
0 0.637019 0.678313 0.0384615 0.060241
0 0.597356 0.619277 0.0408654 0.0481928
0 0.735577 0.715663 0.0625 0.0481928
0 0.570913 0.595181 0.03125 0.0385542
2 0.324519 0.385542 0.0673077 0.0289157
2 0.378606 0.379518 0.0360577 0.026506
3 0.686298 0.386747 0.0456731 0.026506
3 0.597356 0.395181 0.03125 0.0240964
3 0.508413 0.375904 0.0456731 0.0240964
5 0.252404 0.592771 0.0384615 0.0481928
5 0.408654 0.545783 0.0432692 0.0457831
5 0.461538 0.550602 0.0432692 0.0361446
5 0.655048 0.549398 0.0360577 0.0385542
6 0.319712 0.368675 0.0576923 0.0915663
6 0.372596 0.377108 0.0432692 0.0698795
6 0.472356 0.36988 0.0552885 0.0650602
6 0.510817 0.361446 0.0600962 0.086747
6 0.6875 0.386747 0.0625 0.0795181
7 0.598558 0.393976 0.0384615 0.0506024
7 0.433894 0.396386 0.0264423 0.0409639
9 0.314904 0.483133 0.0865385 0.156627
9 0.514423 0.471084 0.0817308 0.113253
9 0.586538 0.462651 0.0528846 0.0963855
9 0.685096 0.487952 0.0817308 0.122892
11 0.323317 0.539759 0.0889423 0.260241
11 0.512019 0.539759 0.0913462 0.250602
11 0.6875 0.53012 0.0769231 0.192771
11 0.590144 0.492771 0.0504808 0.166265
