7 0.604567 0.266827 0.0600962 0.115385
7 0.376202 0.290865 0.0552885 0.0817308
7 0.536058 0.264423 0.0865385 0.139423
7 0.225962 0.252404 0.125 0.173077
0 0.305288 0.759615 0.0673077 0.0528846
0 0.414663 0.772837 0.0360577 0.0504808
0 0.584135 0.782452 0.0336538 0.0697115
0 0.685096 0.793269 0.0576923 0.0673077
5 0.34375 0.477163 0.0288462 0.0408654
9 0.491587 0.49399 0.170673 0.295673
9 0.377404 0.411058 0.0721154 0.149038
9 0.209135 0.518029 0.163462 0.396635
9 0.626202 0.433894 0.09375 0.209135
3 0.259615 0.265625 0.0528846 0.0600962
3 0.55649 0.266827 0.0456731 0.0576923
3 0.609375 0.257212 0.0504808 0.0384615
3 0.375 0.290865 0.0432692 0.0288462
11 0.490385 0.637019 0.173077 0.581731
11 0.627404 0.542067 0.100962 0.425481
