7 0.397837 0.393976 0.0745192 0.0795181
7 0.496394 0.427711 0.0408654 0.0650602
7 0.584135 0.409639 0.0528846 0.053012
7 0.686298 0.389157 0.0504808 0.0650602
7 0.644231 0.43012 0.0240385 0.0313253
3 0.495192 0.427711 0.0240385 0.026506
0 0.734375 0.787952 0.0408654 0.0674699
0 0.669471 0.796386 0.0600962 0.0650602
0 0.730769 0.887952 0.0528846 0.0506024
0 0.665865 0.879518 0.0721154 0.0433735
0 0.598558 0.755422 0.0240385 0.0554217
0 0.560096 0.749398 0.0336538 0.0626506
0 0.555288 0.919277 0.0288462 0.0457831
0 0.596154 0.922892 0.0336538 0.0481928
0 0.444712 0.9 0.0432692 0.0409639
0 0.385817 0.874699 0.03125 0.0578313
0 0.397837 0.780723 0.0360577 0.0433735
0 0.449519 0.773494 0.0336538 0.0481928
0 0.480769 0.696386 0.0384615 0.0289157
0 0.480769 0.980723 0.0288462 0.0385542
9 0.396635 0.495181 0.120192 0.156627
9 0.491587 0.49759 0.0793269 0.137349
9 0.584135 0.507229 0.100962 0.151807
9 0.699519 0.521687 0.110577 0.190361
11 0.694712 0.585542 0.0913462 0.318072
11 0.570913 0.573494 0.0793269 0.284337
11 0.389423 0.587952 0.100962 0.337349
