6 0.739759 0.411058 0.0385542 0.0384615
6 0.96506 0.411058 0.0361446 0.0432692
6 0.566265 0.485577 0.0337349 0.0432692
6 0.19759 0.486779 0.0433735 0.0504808
6 0.287952 0.46274 0.0409639 0.0408654
6 0.427711 0.481971 0.0313253 0.0360577
6 0.371084 0.445913 0.0240964 0.0360577
6 0.391566 0.449519 0.026506 0.0288462
6 0.10241 0.492788 0.0457831 0.0384615
6 0.0144578 0.46274 0.0289157 0.0456731
6 0.637349 0.516827 0.0361446 0.0384615
6 0.678313 0.515625 0.0409639 0.0600962
8 0.749398 0.467548 0.0819277 0.09375
8 0.940964 0.461538 0.0939759 0.0913462
8 0.371084 0.495192 0.0626506 0.0673077
8 0.203614 0.563702 0.0650602 0.09375
8 0.0963855 0.5625 0.0674699 0.105769
