2 0.487981 0.359375 0.0769231 0.0552885
2 0.814904 0.350962 0.0817308 0.0528846
3 0.251202 0.401442 0.0600962 0.0336538
3 0.372596 0.378606 0.0913462 0.0408654
5 0.75 0.348558 0.115385 0.0673077
5 0.701923 0.778846 0.0625 0.0721154
5 0.25601 0.450721 0.0552885 0.0600962
7 0.248798 0.395433 0.0889423 0.0841346
7 0.353365 0.384615 0.105769 0.144231
7 0.49399 0.358173 0.103365 0.115385
7 0.799279 0.362981 0.117788 0.139423
9 0.239183 0.475962 0.103365 0.100962
9 0.304087 0.585337 0.185096 0.252404
9 0.516827 0.536058 0.168269 0.245192
9 0.799279 0.554087 0.209135 0.262019
11 0.221154 0.481971 0.0576923 0.0889423
11 0.3125 0.688702 0.211538 0.463942
11 0.528846 0.66226 0.221154 0.507212
11 0.800481 0.665865 0.230769 0.490385
