6 0.780048 0.487952 0.03125 0.0313253
6 0.253606 0.518072 0.0360577 0.0385542
9 0.0889423 0.46747 0.0432692 0.0578313
11 0.610577 0.662651 0.110577 0.187952
6 0.771635 0.425301 0.0288462 0.0361446
9 0.758413 0.507229 0.0456731 0.0457831
6 0.579327 0.561446 0.0480769 0.0433735
9 0.758413 0.462651 0.0408654 0.0481928
6 0.498798 0.519277 0.0408654 0.0457831
6 0.0721154 0.425301 0.0336538 0.0313253
9 0.907452 0.507229 0.0745192 0.0650602
9 0.46274 0.537349 0.0504808 0.0481928
9 0.612981 0.619277 0.100962 0.106024
0 0.65024 0.693976 0.0360577 0.0240964
