5 0.382212 0.472356 0.0480769 0.0456731
5 0.442308 0.507212 0.0480769 0.0528846
6 0.700721 0.487981 0.137019 0.201923
6 0.86899 0.554087 0.112981 0.15625
7 0.262019 0.449519 0.0961538 0.115385
7 0.622596 0.5625 0.0673077 0.134615
7 0.972356 0.507212 0.0552885 0.149038
9 0.271635 0.622596 0.125 0.240385
9 0.594952 0.716346 0.09375 0.201923
9 0.707933 0.746394 0.175481 0.237981
9 0.879808 0.75 0.115385 0.206731
9 0.978365 0.671875 0.0432692 0.170673
11 0.271635 0.675481 0.129808 0.350962
11 0.59375 0.721154 0.0961538 0.216346
11 0.704327 0.746394 0.177885 0.242788
11 0.88101 0.746394 0.122596 0.209135
11 0.975962 0.661058 0.0480769 0.163462
