5 0.300481 0.0204327 0.0432692 0.0408654
2 0.0408654 0.461538 0.0769231 0.0384615
3 0.350962 0.467548 0.0913462 0.0360577
3 0.520433 0.427885 0.0600962 0.0288462
5 0.143029 0.777644 0.0360577 0.0504808
6 0.47476 0.475962 0.0745192 0.0913462
2 0.47476 0.473558 0.0697115 0.0336538
7 0.47476 0.478365 0.0745192 0.0913462
5 0.771635 0.0252404 0.0961538 0.0504808
6 0.637019 0.362981 0.100962 0.0817308
2 0.963942 0.391827 0.0480769 0.0432692
5 0.597356 0.669471 0.0745192 0.0649038
9 0.221154 0.617788 0.192308 0.197115
2 0.111779 0.472356 0.0649038 0.0360577
9 0.350962 0.612981 0.100962 0.197115
9 0.957933 0.56851 0.0841346 0.233173
3 0.475962 0.473558 0.0721154 0.0336538
5 0.426683 0.752404 0.0408654 0.0625
3 0.0408654 0.466346 0.0769231 0.0384615
2 0.649038 0.46274 0.100962 0.0360577
3 0.737981 0.396635 0.0528846 0.0336538
6 0.50601 0.408654 0.122596 0.115385
9 0.0721154 0.65625 0.144231 0.254808
2 0.350962 0.467548 0.0913462 0.0360577
6 0.963942 0.377404 0.0721154 0.149038
6 0.647837 0.448317 0.0985577 0.122596
9 0.65625 0.598558 0.149038 0.1875
6 0.316106 0.388221 0.09375 0.0985577
6 0.350962 0.455529 0.0913462 0.117788
6 0.111779 0.463942 0.0697115 0.115385
6 0.0408654 0.455529 0.0817308 0.132212
9 0.824519 0.56851 0.206731 0.237981
6 0.764423 0.38101 0.115385 0.137019
6 0.209135 0.456731 0.120192 0.139423
9 0.519231 0.659856 0.225962 0.247596
