2 0.401442 0.40625 0.0480769 0.0384615
2 0.69351 0.394231 0.0408654 0.0192308
3 0.692308 0.395433 0.0432692 0.0216346
5 0.771635 0.551683 0.0288462 0.0456731
5 0.695913 0.522837 0.0360577 0.03125
9 0.608173 0.46875 0.0336538 0.0528846
3 0.820913 0.378606 0.0504808 0.0216346
2 0.527644 0.396635 0.0360577 0.0192308
6 0.608173 0.432692 0.0288462 0.0336538
0 0.527644 0.703125 0.0360577 0.03125
0 0.646635 0.683894 0.0336538 0.0360577
3 0.319712 0.388221 0.0625 0.0216346
0 0.485577 0.65024 0.0480769 0.03125
5 0.88101 0.567308 0.03125 0.0480769
0 0.385817 0.698317 0.0360577 0.0360577
0 0.43149 0.697115 0.0456731 0.0288462
0 0.688702 0.679087 0.0456731 0.03125
6 0.485577 0.390625 0.0384615 0.0600962
0 0.341346 0.735577 0.0673077 0.0336538
0 0.790865 0.716346 0.0432692 0.0384615
0 0.292067 0.751202 0.0552885 0.0504808
6 0.69351 0.391827 0.0504808 0.0673077
6 0.52524 0.394231 0.0456731 0.0625
0 0.590144 0.704327 0.0600962 0.0336538
11 0.538462 0.555288 0.100962 0.259615
0 0.834135 0.739183 0.0432692 0.0504808
9 0.316106 0.489183 0.112981 0.132212
6 0.401442 0.405048 0.0528846 0.0649038
6 0.320913 0.387019 0.0649038 0.0721154
6 0.819712 0.377404 0.0576923 0.0769231
9 0.829327 0.469952 0.129808 0.117788
9 0.534856 0.479567 0.0985577 0.108173
9 0.407452 0.489183 0.0889423 0.112981
9 0.688702 0.479567 0.09375 0.112981
11 0.686298 0.542067 0.09375 0.242788
11 0.314904 0.570913 0.110577 0.300481
11 0.407452 0.558894 0.0841346 0.257212
11 0.829327 0.555288 0.129808 0.283654
0 0.290865 0.914663 0.0480769 0.0408654
0 0.342548 0.941106 0.0552885 0.0408654
0 0.387019 0.96875 0.0288462 0.0288462
0 0.43149 0.972356 0.0456731 0.0408654
0 0.526442 0.973558 0.0432692 0.0528846
0 0.592548 0.96875 0.0504808 0.0480769
0 0.641827 0.979567 0.0336538 0.0408654
0 0.688702 0.983173 0.0456731 0.0336538
0 0.792067 0.954327 0.0504808 0.0673077
0 0.830529 0.920673 0.0456731 0.0480769
