0 0.509615 0.646988 0.0480769 0.060241
0 0.448317 0.636145 0.0552885 0.0289157
0 0.364183 0.714458 0.0697115 0.0554217
0 0.620192 0.708434 0.0769231 0.0771084
2 0.52524 0.19759 0.0793269 0.0240964
3 0.75 0.238554 0.0576923 0.0433735
4 0.152644 0.654217 0.0504808 0.0650602
4 0.757212 0.559036 0.0625 0.0578313
5 0.194712 0.620482 0.0480769 0.0409639
5 0.290865 0.66747 0.0625 0.0771084
5 0.649038 0.489157 0.0480769 0.0722892
5 0.487981 0.46506 0.0384615 0.0481928
6 0.158654 0.457831 0.0865385 0.106024
6 0.230769 0.422892 0.0961538 0.113253
6 0.43149 0.272289 0.0745192 0.101205
6 0.536058 0.191566 0.105769 0.108434
6 0.762019 0.218072 0.115385 0.151807
9 0.354567 0.466265 0.132212 0.13253
9 0.453125 0.379518 0.09375 0.142169
9 0.614183 0.33012 0.185096 0.183133
9 0.888221 0.337349 0.15625 0.245783
