2 0.560096 0.398795 0.0673077 0.0409639
3 0.451923 0.387952 0.125 0.0481928
7 0.186298 0.392771 0.0745192 0.0674699
2 0.633413 0.380723 0.0985577 0.0337349
6 0.634615 0.383133 0.110577 0.125301
2 0.450721 0.389157 0.127404 0.0457831
3 0.0973558 0.321687 0.103365 0.0409639
3 0.557692 0.396386 0.0673077 0.0409639
7 0.555288 0.392771 0.0721154 0.120482
2 0.878606 0.378313 0.0889423 0.0433735
-1 0.379808 0.563855 0.264423 0.279518
5 0.449519 0.674699 0.0721154 0.0674699
5 0.763221 0.738554 0.0408654 0.0554217
6 0.55649 0.392771 0.0745192 0.120482
7 0.634615 0.383133 0.110577 0.13012
7 0.0973558 0.315663 0.122596 0.139759
9 0.108173 0.575904 0.216346 0.390361
5 0.376202 0.63253 0.0649038 0.0795181
9 0.91226 0.610843 0.175481 0.339759
7 0.451923 0.375904 0.129808 0.159036
11 0.108173 0.685542 0.216346 0.614458
6 0.891827 0.36506 0.139423 0.166265
9 0.669471 0.612048 0.28125 0.346988
