0 0.219952 0.686298 0.0841346 0.0985577
4 0.390625 0.47476 0.0456731 0.0600962
4 0.403846 0.627404 0.0625 0.0673077
4 0.633413 0.550481 0.0504808 0.0528846
4 0.722356 0.606971 0.0649038 0.0793269
4 0.58774 0.295673 0.0264423 0.0432692
4 0.453125 0.326923 0.0360577 0.0432692
4 0.941106 0.604567 0.0552885 0.0841346
3 0.746394 0.270433 0.0697115 0.0504808
3 0.90625 0.272837 0.0817308 0.0600962
3 0.367788 0.170673 0.0480769 0.0288462
6 0.388221 0.364183 0.108173 0.137019
6 0.766827 0.259615 0.134615 0.173077
6 0.360577 0.158654 0.0673077 0.0865385
6 0.617788 0.165865 0.0480769 0.0576923
6 0.554087 0.192308 0.03125 0.0432692
6 0.421875 0.155048 0.0408654 0.0504808
9 0.269231 0.414663 0.110577 0.141827
9 0.352163 0.248798 0.117788 0.0889423
9 0.778846 0.447115 0.0961538 0.216346
9 0.689904 0.413462 0.115385 0.144231
9 0.611779 0.239183 0.0745192 0.0889423
9 0.544471 0.25 0.0456731 0.0721154
