6 0.320913 0.542067 0.03125 0.0456731
9 0.100962 0.615385 0.0336538 0.0721154
11 0.225962 0.632212 0.0432692 0.134615
9 0.635817 0.610577 0.0408654 0.0721154
11 0.0540865 0.685096 0.0552885 0.197115
6 0.0961538 0.560096 0.0336538 0.0384615
9 0.771635 0.580529 0.0480769 0.0745192
6 0.769231 0.527644 0.0240385 0.03125
6 0.34375 0.554087 0.0240385 0.0360577
6 0.483173 0.542067 0.0336538 0.0408654
6 0.676683 0.550481 0.0360577 0.0336538
6 0.223558 0.551683 0.0240385 0.0408654
11 0.411058 0.66226 0.0625 0.146635
9 0.0564904 0.638221 0.0552885 0.112981
6 0.640625 0.55649 0.03125 0.0360577
9 0.475962 0.598558 0.0480769 0.0769231
6 0.0637019 0.569712 0.0408654 0.0432692
9 0.679087 0.597356 0.0456731 0.0649038
6 0.408654 0.569712 0.0384615 0.0432692
9 0.409856 0.632212 0.0600962 0.0769231
9 0.27524 0.600962 0.0504808 0.0721154
9 0.22476 0.602163 0.0408654 0.0697115
7 0.272837 0.554087 0.0264423 0.03125
9 0.340144 0.605769 0.0456731 0.0769231
11 0.27524 0.629808 0.0456731 0.120192
11 0.340144 0.628606 0.0456731 0.122596
11 0.478365 0.629808 0.0480769 0.139423
9 0.53125 0.61899 0.0336538 0.0504808
6 0.8125 0.526442 0.0240385 0.0240385
9 0.816106 0.570913 0.03125 0.0600962
