6 0.227163 0.174279 0.09375 0.0841346
6 0.225962 0.0901442 0.100962 0.0889423
6 0.552885 0.413462 0.0769231 0.0769231
6 0.728365 0.52524 0.0721154 0.0889423
6 0.798077 0.540865 0.0625 0.0576923
6 0.921875 0.645433 0.0456731 0.0552885
6 0.97476 0.65625 0.0504808 0.0528846
0 0.49399 0.796875 0.0600962 0.0408654
0 0.0456731 0.61899 0.0769231 0.0408654
0 0.185096 0.670673 0.0865385 0.0625
0 0.501202 0.935096 0.0745192 0.0480769
9 0.230769 0.300481 0.153846 0.182692
9 0.532452 0.528846 0.108173 0.139423
9 0.699519 0.643029 0.110577 0.161058
9 0.788462 0.621394 0.0673077 0.112981
9 0.894231 0.715144 0.0817308 0.09375
9 0.96274 0.721154 0.0745192 0.0817308
11 0.508413 0.610577 0.0649038 0.302885
11 0.682692 0.72476 0.0817308 0.329327
11 0.194712 0.415865 0.206731 0.370192
11 0.88101 0.792067 0.0552885 0.237981
11 0.774038 0.697115 0.0817308 0.254808
