7 0.681928 0.164663 0.0481928 0.0504808
6 0.546988 0.498798 0.0963855 0.108173
6 0.610843 0.364183 0.060241 0.0745192
6 0.481928 0.111779 0.0433735 0.0600962
6 0.437349 0.129808 0.0409639 0.0625
6 0.627711 0.0817308 0.0361446 0.0625
6 0.338554 0.490385 0.108434 0.153846
4 0.342169 0.679087 0.0481928 0.0697115
4 0.43253 0.66226 0.0409639 0.0504808
4 0.649398 0.234375 0.0361446 0.0360577
5 0.444578 0.22476 0.0361446 0.03125
9 0.227711 0.592548 0.142169 0.204327
9 0.618072 0.600962 0.0891566 0.149038
9 0.651807 0.441106 0.060241 0.0985577
9 0.696386 0.25 0.0481928 0.110577
4 0.639759 0.140625 0.026506 0.03125
4 0.63012 0.173077 0.026506 0.0240385
9 0.63494 0.16226 0.060241 0.0793269
9 0.445783 0.213942 0.0722892 0.100962
4 0.477108 0.603365 0.0289157 0.0336538
0 0.261446 0.93149 0.108434 0.117788
11 0.69759 0.28726 0.0506024 0.194712
