6 0.808894 0.540865 0.0793269 0.110577
6 0.967548 0.563702 0.0649038 0.103365
6 0.920673 0.491587 0.0432692 0.0504808
6 0.798077 0.477163 0.0384615 0.0408654
6 0.675481 0.465144 0.0240385 0.03125
6 0.640625 0.465144 0.0264423 0.03125
9 0.941106 0.659856 0.09375 0.127404
9 0.905048 0.575721 0.0552885 0.117788
9 0.78125 0.667067 0.149038 0.165865
9 0.671875 0.497596 0.0360577 0.0576923
9 0.632212 0.495192 0.0384615 0.0480769
11 0.63101 0.510817 0.0456731 0.0793269
11 0.665865 0.513221 0.0384615 0.0841346
11 0.782452 0.667067 0.151442 0.180288
11 0.908654 0.574519 0.0625 0.125
11 0.942308 0.674279 0.115385 0.151442
