5 0.361779 0.557831 0.0264423 0.0313253
3 0.53726 0.40241 0.03125 0.0144578
0 0.21274 0.666265 0.03125 0.0361446
6 0.168269 0.403614 0.0480769 0.0554217
6 0.705529 0.395181 0.0504808 0.0578313
0 0.463942 0.674699 0.0336538 0.0385542
5 0.222356 0.546988 0.0264423 0.0337349
0 0.543269 0.753012 0.0384615 0.0457831
0 0.387019 0.7 0.0480769 0.026506
0 0.15024 0.7 0.0504808 0.0313253
0 0.734375 0.683133 0.03125 0.0361446
5 0.471154 0.568675 0.0288462 0.0289157
5 0.604567 0.580723 0.03125 0.0337349
5 0.104567 0.556626 0.0264423 0.0337349
7 0.167067 0.403614 0.0456731 0.0554217
7 0.705529 0.395181 0.0504808 0.0578313
7 0.545673 0.401205 0.0576923 0.0650602
0 0.68149 0.710843 0.0408654 0.0385542
11 0.546875 0.577108 0.122596 0.291566
9 0.71274 0.490361 0.108173 0.127711
11 0.168269 0.553012 0.100962 0.253012
9 0.417067 0.5 0.103365 0.146988
7 0.405048 0.408434 0.0456731 0.0554217
9 0.169471 0.49759 0.103365 0.13253
11 0.415865 0.557831 0.105769 0.262651
11 0.710337 0.553012 0.108173 0.262651
9 0.545673 0.506024 0.125 0.149398
0 0.147837 0.96747 0.0504808 0.0457831
0 0.391827 0.96506 0.0528846 0.0409639
0 0.544471 0.914458 0.03125 0.0506024
0 0.680288 0.954217 0.0432692 0.0385542
