2 0.473558 0.516827 0.0336538 0.0240385
3 0.335337 0.5 0.0264423 0.0240385
3 0.206731 0.5 0.0336538 0.0240385
5 0.155048 0.664663 0.0360577 0.0360577
5 0.487981 0.585337 0.0384615 0.0264423
6 0.195913 0.497596 0.0600962 0.0769231
6 0.326923 0.491587 0.0480769 0.0600962
6 0.475962 0.504808 0.0480769 0.0576923
6 0.622596 0.520433 0.0480769 0.0504808
9 0.186298 0.580529 0.112981 0.132212
9 0.313702 0.581731 0.0793269 0.129808
9 0.473558 0.582933 0.0721154 0.117788
9 0.632212 0.611779 0.0817308 0.141827
11 0.182692 0.647837 0.110577 0.262019
11 0.311298 0.633413 0.0793269 0.242788
11 0.456731 0.644231 0.110577 0.240385
11 0.633413 0.65024 0.0745192 0.233173
