0 0.467548 0.596386 0.0408654 0.026506
6 0.600962 0.36988 0.0384615 0.0506024
9 0.491587 0.456627 0.0552885 0.108434
0 0.308894 0.631325 0.03125 0.0289157
5 0.260817 0.506024 0.0216346 0.0337349
5 0.811298 0.561446 0.03125 0.0337349
0 0.396635 0.643373 0.0336538 0.0289157
0 0.552885 0.656627 0.0288462 0.0313253
11 0.634615 0.53494 0.0961538 0.245783
6 0.497596 0.380723 0.0336538 0.053012
0 0.647837 0.681928 0.0408654 0.0433735
11 0.540865 0.520482 0.0817308 0.236145
0 0.498798 0.650602 0.0408654 0.0289157
0 0.796875 0.712048 0.0456731 0.0457831
9 0.633413 0.462651 0.09375 0.115663
0 0.203125 0.63494 0.03125 0.0313253
0 0.611779 0.66747 0.0552885 0.0385542
6 0.727163 0.385542 0.0408654 0.053012
0 0.74399 0.693976 0.0649038 0.0337349
6 0.425481 0.381928 0.0480769 0.060241
6 0.230769 0.371084 0.0480769 0.0578313
9 0.543269 0.460241 0.0817308 0.115663
11 0.328125 0.506024 0.0697115 0.207229
6 0.620192 0.389157 0.0480769 0.0650602
11 0.420673 0.508434 0.0769231 0.212048
6 0.329327 0.379518 0.0480769 0.0554217
6 0.536058 0.379518 0.0384615 0.060241
6 0.772837 0.375904 0.0552885 0.0771084
9 0.78125 0.484337 0.105769 0.159036
9 0.328125 0.451807 0.0745192 0.0939759
9 0.421875 0.457831 0.0793269 0.106024
9 0.221154 0.442169 0.0721154 0.103614
11 0.221154 0.501205 0.0817308 0.216867
11 0.78125 0.542169 0.110577 0.279518
0 0.231971 0.625301 0.0408654 0.0313253
5 0.647837 0.387952 0.0264423 0.0289157
5 0.588942 0.546988 0.0240385 0.0337349
0 0.609375 0.985542 0.0504808 0.0289157
0 0.646635 0.979518 0.0336538 0.0409639
0 0.74399 0.968675 0.0649038 0.0481928
0 0.796875 0.953012 0.0408654 0.060241
