9 0.584135 0.588942 0.225962 0.235577
3 0.211538 0.342548 0.0576923 0.03125
8 0.195913 0.43149 0.0985577 0.108173
6 0.210337 0.335337 0.0649038 0.09375
7 0.210337 0.335337 0.0649038 0.09375
3 0.436298 0.308894 0.127404 0.0504808
5 0.526442 0.546875 0.0673077 0.0600962
3 0.576923 0.376202 0.139423 0.0552885
5 0.686298 0.65024 0.0649038 0.0793269
11 0.617788 0.730769 0.307692 0.524038
8 0.391827 0.560096 0.235577 0.350962
6 0.436298 0.298077 0.132212 0.1875
6 0.576923 0.373798 0.139423 0.180288
11 0.387019 0.682692 0.245192 0.605769
