6 0.0600962 0.0288462 0.120192 0.0576923
3 0.0913462 0.290865 0.0432692 0.0432692
2 0.0913462 0.290865 0.0432692 0.0432692
6 0.201923 0.152644 0.0817308 0.151442
2 0.646635 0.25 0.0480769 0.0384615
0 0.588942 0.866587 0.0769231 0.0793269
5 0.177885 0.456731 0.0432692 0.0480769
0 0.210337 0.694712 0.0649038 0.0625
9 0.0552885 0.41226 0.110577 0.266827
5 0.407452 0.486779 0.03125 0.0504808
11 0.0516827 0.543269 0.103365 0.524038
11 0.679087 0.615385 0.189904 0.649038
9 0.204327 0.326923 0.139423 0.216346
6 0.508413 0.0408654 0.0745192 0.0817308
0 0.241587 0.663462 0.0600962 0.0432692
9 0.6875 0.439904 0.182692 0.293269
11 0.210337 0.423077 0.146635 0.403846
9 0.496394 0.376202 0.141827 0.21875
6 0.0588942 0.260817 0.112981 0.132212
6 0.508413 0.223558 0.0745192 0.105769
6 0.665865 0.219952 0.110577 0.175481
11 0.486779 0.478365 0.151442 0.418269
0 0.414663 0.723558 0.0360577 0.0721154
0 0.491587 0.711538 0.0408654 0.0625
3 0.204327 0.19351 0.0673077 0.03125
4 0.0949519 0.698317 0.0456731 0.0697115
