0 0.865385 0.796875 0.0288462 0.0264423
0 0.826923 0.778846 0.0288462 0.0288462
5 0.824519 0.706731 0.0240385 0.0288462
6 0.515625 0.625 0.03125 0.0336538
6 0.762019 0.615385 0.0240385 0.0288462
6 0.808894 0.604567 0.0264423 0.0264423
6 0.846154 0.620192 0.0288462 0.0336538
6 0.856971 0.609375 0.0264423 0.0360577
9 0.519231 0.661058 0.0384615 0.0480769
9 0.769231 0.646635 0.0288462 0.0480769
9 0.811298 0.644231 0.03125 0.0576923
9 0.853365 0.671875 0.0528846 0.0745192
11 0.520433 0.699519 0.0408654 0.129808
11 0.776442 0.675481 0.0432692 0.110577
11 0.810096 0.669471 0.0384615 0.108173
11 0.852163 0.715144 0.0552885 0.165865
