3 0.472356 0.496386 0.0456731 0.0578313
3 0.949519 0.445783 0.0721154 0.0433735
5 0.141827 0.227711 0.0673077 0.0698795
5 0.501202 0.340964 0.0456731 0.0554217
6 0.242788 0.461446 0.144231 0.161446
6 0.301683 0.715663 0.15625 0.178313
6 0.628606 0.581928 0.151442 0.13253
6 0.739183 0.440964 0.141827 0.144578
6 0.683894 0.320482 0.141827 0.149398
6 0.858173 0.278313 0.115385 0.171084
6 0.949519 0.410843 0.100962 0.166265
7 0.433894 0.483133 0.127404 0.113253
7 0.757212 0.662651 0.139423 0.144578
9 0.432692 0.586747 0.201923 0.228916
9 0.293269 0.827711 0.245192 0.0795181
9 0.805288 0.581928 0.134615 0.243373
9 0.840144 0.378313 0.175481 0.115663
9 0.516827 0.255422 0.163462 0.154217
9 0.778846 0.238554 0.173077 0.125301
9 0.930288 0.480723 0.139423 0.146988
9 0.799279 0.768675 0.180288 0.13494
11 0.524038 0.262651 0.177885 0.192771
11 0.782452 0.236145 0.161058 0.13012
11 0.832933 0.372289 0.161058 0.13253
11 0.796875 0.561446 0.151442 0.231325
11 0.929087 0.483133 0.141827 0.151807
11 0.795673 0.76506 0.177885 0.142169
11 0.432692 0.585542 0.216346 0.236145
11 0.28726 0.821687 0.247596 0.0819277
