5 0.567308 0.544578 0.0336538 0.0433735
4 0.706731 0.244578 0.0384615 0.0409639
6 0.0444712 0.725301 0.0360577 0.0481928
6 0.0492788 0.484337 0.0264423 0.0337349
6 0.140625 0.510843 0.03125 0.0385542
6 0.21274 0.522892 0.0408654 0.0481928
6 0.300481 0.437349 0.0480769 0.0506024
6 0.486779 0.473494 0.0649038 0.0746988
6 0.701923 0.290361 0.0625 0.0843373
9 0.0444712 0.791566 0.0504808 0.0795181
9 0.50601 0.566265 0.0889423 0.144578
9 0.269231 0.485542 0.0528846 0.0554217
9 0.174279 0.56506 0.0360577 0.0698795
9 0.771635 0.337349 0.0913462 0.101205
10 0.0444712 0.789157 0.0504808 0.0795181
10 0.173077 0.60241 0.0384615 0.125301
10 0.264423 0.543373 0.0673077 0.166265
10 0.484375 0.638554 0.127404 0.289157
10 0.78125 0.350602 0.0865385 0.156627
