0 0.367788 0.678313 0.0625 0.0409639
0 0.427885 0.707229 0.0673077 0.0409639
0 0.453125 0.644578 0.0504808 0.0361446
0 0.481971 0.684337 0.0697115 0.0385542
0 0.520433 0.76747 0.0456731 0.060241
0 0.592548 0.757831 0.0697115 0.0506024
0 0.659856 0.7 0.0408654 0.0409639
3 0.382212 0.293976 0.0384615 0.0240964
3 0.469952 0.315663 0.0360577 0.0240964
3 0.338942 0.33012 0.0336538 0.0240964
5 0.508413 0.362651 0.0504808 0.0361446
4 0.602163 0.306024 0.0504808 0.053012
4 0.65625 0.377108 0.0432692 0.0457831
4 0.680288 0.512048 0.0432692 0.0457831
6 0.330529 0.322892 0.0504808 0.0626506
6 0.469952 0.315663 0.0552885 0.0722892
7 0.383413 0.3 0.0552885 0.0650602
9 0.335337 0.408434 0.0697115 0.13253
9 0.390625 0.401205 0.0697115 0.151807
9 0.477163 0.414458 0.0841346 0.139759
9 0.605769 0.456627 0.100962 0.185542
9 0.69351 0.446988 0.0697115 0.175904
11 0.352163 0.468675 0.103365 0.272289
0 0.340144 0.615663 0.0552885 0.0313253
11 0.397837 0.515663 0.0793269 0.375904
11 0.47476 0.508434 0.0889423 0.342169
11 0.582933 0.550602 0.151442 0.392771
11 0.676683 0.524096 0.127404 0.339759
