0 0.387019 0.783654 0.0384615 0.0384615
3 0.379808 0.512019 0.0288462 0.0240385
4 0.308894 0.638221 0.0264423 0.0408654
4 0.40625 0.588942 0.0336538 0.0384615
4 0.608173 0.544471 0.0240385 0.0408654
6 0.632212 0.510817 0.0432692 0.0504808
6 0.737981 0.513221 0.0384615 0.0456731
6 0.877404 0.472356 0.0336538 0.0408654
7 0.383413 0.516827 0.0504808 0.0576923
9 0.385817 0.596154 0.0889423 0.125
9 0.634615 0.575721 0.0721154 0.0985577
9 0.736779 0.567308 0.0745192 0.0865385
9 0.86899 0.518029 0.0649038 0.0649038
11 0.383413 0.651442 0.108173 0.235577
11 0.634615 0.597356 0.0721154 0.146635
11 0.740385 0.574519 0.0817308 0.105769
11 0.873798 0.554087 0.0697115 0.132212
