5 0.528846 0.595181 0.0240385 0.0289157
5 0.658654 0.560241 0.0240385 0.026506
4 0.475962 0.60241 0.0240385 0.0240964
4 0.354567 0.584337 0.0264423 0.026506
6 0.372596 0.53012 0.0336538 0.0337349
6 0.461538 0.53012 0.0336538 0.0385542
6 0.520433 0.521687 0.03125 0.0457831
6 0.645433 0.475904 0.0360577 0.0409639
9 0.36899 0.566265 0.0456731 0.0433735
9 0.454327 0.562651 0.0480769 0.0409639
9 0.519231 0.560241 0.0576923 0.0457831
9 0.646635 0.521687 0.0480769 0.0506024
11 0.371394 0.586747 0.0552885 0.103614
11 0.453125 0.595181 0.0456731 0.0963855
11 0.514423 0.591566 0.0528846 0.113253
11 0.651442 0.559036 0.0625 0.115663
