6 0.138221 0.397837 0.0264423 0.0264423
6 0.355769 0.384615 0.0288462 0.0240385
6 0.490385 0.387019 0.0240385 0.0240385
6 0.512019 0.393029 0.0240385 0.0264423
6 0.546875 0.643029 0.0264423 0.0264423
6 0.764423 0.652644 0.0240385 0.0264423
9 0.141827 0.426683 0.0384615 0.0408654
9 0.350962 0.413462 0.0384615 0.0432692
9 0.483173 0.421875 0.0288462 0.0456731
9 0.524038 0.421875 0.0288462 0.0456731
9 0.569712 0.663462 0.0336538 0.0576923
9 0.848558 0.780048 0.0480769 0.0697115
9 0.774038 0.695913 0.0528846 0.0600962
11 0.143029 0.444712 0.0456731 0.0769231
11 0.350962 0.441106 0.0336538 0.09375
11 0.480769 0.439904 0.0384615 0.0865385
11 0.521635 0.438702 0.0336538 0.0745192
