9 0.978365 0.546875 0.0432692 0.300481
0 0.663462 0.769231 0.0528846 0.0480769
3 0.0985577 0.461538 0.0769231 0.0288462
3 0.543269 0.41226 0.0721154 0.0264423
0 0.706731 0.688702 0.0576923 0.0408654
6 0.0132212 0.520433 0.0264423 0.0793269
9 0.355769 0.552885 0.0721154 0.129808
2 0.956731 0.376202 0.0625 0.03125
9 0.418269 0.530048 0.0817308 0.122596
6 0.409856 0.453125 0.0456731 0.0504808
6 0.352163 0.472356 0.0456731 0.0552885
7 0.352163 0.472356 0.0456731 0.0552885
7 0.409856 0.453125 0.0456731 0.0504808
9 0.644231 0.514423 0.115385 0.173077
11 0.296875 0.629808 0.170673 0.302885
5 0.100962 0.719952 0.0480769 0.0552885
0 0.391827 0.790865 0.0769231 0.0384615
7 0.628606 0.403846 0.0697115 0.0673077
7 0.832933 0.403846 0.09375 0.0913462
7 0.75601 0.409856 0.0408654 0.0552885
11 0.584135 0.715144 0.177885 0.560096
9 0.838942 0.520433 0.149038 0.165865
9 0.274038 0.560096 0.129808 0.158654
7 0.956731 0.372596 0.0673077 0.0721154
7 0.0997596 0.463942 0.0889423 0.0865385
9 0.552885 0.543269 0.120192 0.197115
7 0.543269 0.413462 0.0769231 0.0817308
7 0.268029 0.449519 0.0600962 0.0673077
9 0.949519 0.483173 0.100962 0.158654
9 0.111779 0.597356 0.15625 0.199519
11 0.116587 0.728365 0.161058 0.471154
