6 0.257212 0.582933 0.0384615 0.0600962
6 0.358173 0.597356 0.0336538 0.0456731
6 0.5 0.585337 0.0288462 0.0408654
6 0.592548 0.575721 0.0360577 0.0456731
6 0.737981 0.585337 0.0384615 0.0600962
9 0.216346 0.616587 0.0721154 0.0552885
9 0.323317 0.620192 0.0456731 0.0432692
9 0.796875 0.605769 0.0745192 0.0528846
5 0.699519 0.664663 0.0240385 0.0264423
5 0.727163 0.673077 0.0264423 0.0336538
5 0.391827 0.665865 0.0240385 0.0240385
5 0.278846 0.683894 0.0240385 0.0264423
11 0.216346 0.66226 0.0817308 0.151442
10 0.798077 0.643029 0.0769231 0.132212
