0 0.828125 0.651807 0.0456731 0.026506
3 0.360577 0.377108 0.0384615 0.0361446
4 0.746394 0.56988 0.0264423 0.0361446
5 0.223558 0.318072 0.0336538 0.0433735
5 0.383413 0.23494 0.0504808 0.0313253
5 0.242788 0.408434 0.0528846 0.026506
5 0.421875 0.339759 0.0360577 0.053012
5 0.819712 0.508434 0.0288462 0.0385542
6 0.383413 0.371084 0.0697115 0.086747
6 0.66226 0.549398 0.0456731 0.0626506
6 0.705529 0.438554 0.0600962 0.0626506
9 0.210337 0.246988 0.117788 0.103614
9 0.396635 0.483133 0.100962 0.142169
9 0.763221 0.484337 0.0889423 0.086747
11 0.393029 0.50241 0.108173 0.190361
11 0.774038 0.53494 0.115385 0.187952
