6 0.792067 0.289157 0.0360577 0.0481928
6 0.866587 0.296386 0.0456731 0.053012
6 0.721154 0.26506 0.0576923 0.0578313
6 0.596154 0.253012 0.0384615 0.053012
6 0.497596 0.233735 0.0384615 0.0385542
6 0.496394 0.266265 0.0456731 0.0506024
0 0.762019 0.592771 0.0336538 0.0289157
0 0.46274 0.501205 0.0408654 0.0240964
5 0.973558 0.359036 0.0240385 0.0240964
0 0.80649 0.554217 0.0408654 0.0289157
9 0.497596 0.319277 0.0528846 0.060241
9 0.591346 0.307229 0.0480769 0.0746988
9 0.885817 0.356627 0.0889423 0.101205
9 0.728365 0.362651 0.0817308 0.146988
11 0.498798 0.377108 0.0841346 0.190361
11 0.590144 0.359036 0.0552885 0.187952
11 0.728365 0.420482 0.0865385 0.272289
11 0.885817 0.427711 0.127404 0.248193
9 0.793269 0.348193 0.0384615 0.0746988
