0 0.0769231 0.628606 0.0528846 0.0408654
0 0.0408654 0.748798 0.0817308 0.0456731
0 0.942308 0.762019 0.0817308 0.0913462
0 0.86899 0.808894 0.0985577 0.0504808
3 0.0661058 0.283654 0.0504808 0.0336538
3 0.895433 0.286058 0.0552885 0.0336538
4 0.116587 0.483173 0.0552885 0.0625
4 0.0576923 0.491587 0.0240385 0.03125
4 0.820913 0.328125 0.0552885 0.0552885
6 0.0516827 0.271635 0.0985577 0.110577
6 0.926683 0.271635 0.122596 0.129808
9 0.0336538 0.417067 0.0673077 0.185096
9 0.905048 0.439904 0.180288 0.206731
11 0.902644 0.545673 0.117788 0.408654
