0 0.206731 0.840144 0.0865385 0.0360577
0 0.310096 0.858173 0.0865385 0.0288462
5 0.151442 0.629808 0.0576923 0.0336538
5 0.289663 0.498798 0.03125 0.0264423
5 0.307692 0.652644 0.0528846 0.0456731
5 0.760817 0.633413 0.0697115 0.0408654
5 0.515625 0.608173 0.0360577 0.0240385
6 0.15024 0.46274 0.0889423 0.09375
6 0.257212 0.44351 0.0817308 0.0841346
6 0.481971 0.445913 0.0841346 0.0793269
6 0.651442 0.408654 0.100962 0.110577
9 0.147837 0.550481 0.108173 0.0913462
9 0.248798 0.5625 0.0985577 0.144231
9 0.453125 0.554087 0.0985577 0.122596
9 0.644231 0.575721 0.163462 0.213942
11 0.145433 0.653846 0.132212 0.283654
11 0.260817 0.653846 0.122596 0.331731
11 0.46875 0.664663 0.173077 0.362981
11 0.647837 0.680288 0.175481 0.413462
