6 0.223558 0.46747 0.0576923 0.0771084
6 0.290865 0.480723 0.0576923 0.0795181
6 0.376202 0.46988 0.0649038 0.0915663
6 0.485577 0.457831 0.0721154 0.0915663
6 0.63101 0.479518 0.0697115 0.101205
6 0.81851 0.438554 0.0793269 0.0963855
6 0.987981 0.485542 0.0240385 0.0795181
9 0.489183 0.589157 0.0985577 0.151807
9 0.623798 0.609639 0.0985577 0.139759
9 0.807692 0.560241 0.139423 0.122892
9 0.359375 0.606024 0.0889423 0.137349
9 0.272837 0.579518 0.0649038 0.122892
9 0.205529 0.577108 0.0552885 0.127711
11 0.49399 0.684337 0.122596 0.361446
11 0.626202 0.675904 0.103365 0.306024
11 0.8125 0.662651 0.134615 0.322892
11 0.364183 0.663855 0.103365 0.291566
11 0.272837 0.656627 0.0841346 0.257831
11 0.199519 0.655422 0.0865385 0.284337
