6 0.94351 0.404819 0.0264423 0.0289157
9 0.953125 0.438554 0.0456731 0.0481928
9 0.819712 0.387952 0.0384615 0.0433735
4 0.789663 0.622892 0.0360577 0.0313253
6 0.81851 0.521687 0.03125 0.0361446
6 0.740385 0.520482 0.0480769 0.0481928
9 0.461538 0.442169 0.0673077 0.0987952
6 0.0348558 0.527711 0.0600962 0.0578313
6 0.451923 0.385542 0.0480769 0.0578313
6 0.774038 0.554217 0.0480769 0.0578313
9 0.704327 0.56747 0.0913462 0.0795181
9 0.0408654 0.620482 0.0817308 0.142169
9 0.24399 0.407229 0.0264423 0.0385542
6 0.644231 0.391566 0.0240385 0.0313253
7 0.817308 0.351807 0.0240385 0.0289157
6 0.747596 0.428916 0.0240385 0.0240964
6 0.875 0.40241 0.0240385 0.0289157
