0 0.467548 0.990385 0.0793269 0.0192308
5 0.236779 0.569712 0.0264423 0.0336538
6 0.90024 0.421875 0.0360577 0.0552885
0 0.188702 0.736779 0.0504808 0.0360577
5 0.497596 0.683894 0.0432692 0.0504808
5 0.461538 0.689904 0.0384615 0.0480769
5 0.0252404 0.668269 0.0456731 0.0576923
5 0.676683 0.616587 0.0552885 0.0504808
11 0.189904 0.574519 0.0913462 0.254808
9 0.715144 0.524038 0.180288 0.235577
6 0.864183 0.43149 0.0408654 0.0552885
9 0.466346 0.582933 0.173077 0.233173
6 0.110577 0.421875 0.0865385 0.0985577
6 0.180288 0.423077 0.0480769 0.0576923
6 0.600962 0.435096 0.0817308 0.100962
9 0.189904 0.520433 0.0913462 0.141827
9 0.0805288 0.582933 0.161058 0.233173
6 0.692308 0.355769 0.0865385 0.105769
6 0.466346 0.413462 0.0865385 0.0961538
9 0.598558 0.578125 0.0865385 0.180288
5 0.623798 0.65024 0.0360577 0.0552885
9 0.896635 0.49399 0.0721154 0.0841346
