0 0.116587 0.692308 0.0793269 0.0865385
0 0.320913 0.688702 0.0504808 0.0985577
0 0.509615 0.667067 0.0480769 0.09375
0 0.551683 0.665865 0.0552885 0.100962
4 0.135817 0.579327 0.0408654 0.0384615
4 0.180288 0.439904 0.0384615 0.0336538
4 0.55649 0.520433 0.0408654 0.0408654
6 0.103365 0.427885 0.0673077 0.0673077
6 0.298077 0.436298 0.0673077 0.0697115
6 0.509615 0.407452 0.0576923 0.0649038
9 0.09375 0.512019 0.0865385 0.125
9 0.310096 0.520433 0.0769231 0.127404
9 0.510817 0.498798 0.0889423 0.141827
11 0.0949519 0.560096 0.0889423 0.221154
11 0.317308 0.554087 0.0913462 0.194712
11 0.518029 0.527644 0.122596 0.204327
