9 0.518072 0.610577 0.0626506 0.134615
4 0.616867 0.641827 0.0385542 0.0384615
2 0.589157 0.567308 0.0361446 0.0192308
4 0.971084 0.608173 0.0385542 0.0336538
9 0.571084 0.649038 0.0915663 0.139423
4 0.695181 0.608173 0.0409639 0.0336538
11 0.950602 0.711538 0.0987952 0.240385
11 0.696386 0.704327 0.139759 0.230769
9 0.712048 0.66226 0.103614 0.141827
6 0.586747 0.561298 0.0554217 0.0697115
6 0.956627 0.564904 0.0626506 0.0673077
6 0.707229 0.563702 0.060241 0.0649038
6 0.555422 0.530048 0.0506024 0.0552885
9 0.950602 0.664663 0.0939759 0.146635
6 0.322892 0.199519 0.0240964 0.0240385
