0 0.760817 0.818072 0.0408654 0.0506024
0 0.710337 0.815663 0.0456731 0.0409639
0 0.584135 0.808434 0.0384615 0.0409639
0 0.610577 0.810843 0.0336538 0.0409639
3 0.592548 0.473494 0.0408654 0.026506
3 0.715144 0.473494 0.0408654 0.0313253
5 0.558894 0.63253 0.03125 0.0409639
5 0.63101 0.560241 0.03125 0.0313253
5 0.740385 0.621687 0.0288462 0.0433735
5 0.78125 0.572289 0.0288462 0.0361446
6 0.59375 0.471084 0.0528846 0.0698795
6 0.715144 0.472289 0.0600962 0.0771084
9 0.588942 0.555422 0.115385 0.113253
8 0.730769 0.561446 0.120192 0.115663
11 0.582933 0.646988 0.103365 0.301205
11 0.733173 0.651807 0.115385 0.291566
