0 0.71274 0.0300481 0.0456731 0.0552885
5 0.638221 0.411058 0.0216346 0.0288462
4 0.846154 0.453125 0.0336538 0.0408654
5 0.846154 0.453125 0.0336538 0.0408654
6 0.502404 0.222356 0.0384615 0.0408654
9 0.644231 0.324519 0.0913462 0.110577
11 0.651442 0.390625 0.100962 0.247596
0 0.751202 0.522837 0.0456731 0.0360577
0 0.634615 0.536058 0.0432692 0.0336538
11 0.8125 0.389423 0.125 0.269231
0 0.854567 0.540865 0.0456731 0.0336538
9 0.789663 0.329327 0.0889423 0.153846
11 0.0588942 0.450721 0.117788 0.377404
6 0.899038 0.300481 0.0721154 0.0721154
0 0.677885 0.53125 0.0432692 0.0336538
4 0.41226 0.413462 0.0504808 0.0480769
0 0.8125 0.55649 0.0528846 0.0504808
6 0.0228365 0.222356 0.0456731 0.0889423
6 0.563702 0.230769 0.0360577 0.0384615
6 0.611779 0.236779 0.0408654 0.0408654
0 0.293269 0.688702 0.0721154 0.0600962
9 0.0528846 0.379808 0.105769 0.235577
11 0.290865 0.457933 0.134615 0.372596
6 0.842548 0.239183 0.0504808 0.0600962
6 0.796875 0.21875 0.0456731 0.0480769
6 0.592548 0.277644 0.0552885 0.0697115
6 0.717548 0.21875 0.0408654 0.0528846
9 0.28726 0.366587 0.117788 0.180288
6 0.314904 0.235577 0.0961538 0.115385
6 0.533654 0.284856 0.0576923 0.0697115
0 0.0985577 0.649038 0.0817308 0.129808
9 0.5625 0.361779 0.0913462 0.103365
9 0.487981 0.282452 0.0432692 0.0841346
6 0.316106 0.0384615 0.103365 0.0769231
6 0.501202 0.0252404 0.0456731 0.0504808
6 0.563702 0.0276442 0.0360577 0.0456731
6 0.612981 0.0228365 0.0432692 0.0456731
6 0.799279 0.0324519 0.0408654 0.0504808
