3 0.530048 0.440964 0.03125 0.0192771
7 0.228365 0.428916 0.0384615 0.0626506
3 0.391827 0.445783 0.0480769 0.0192771
3 0.198317 0.43012 0.0456731 0.0313253
4 0.644231 0.578313 0.0384615 0.0433735
3 0.454327 0.439759 0.0336538 0.0168675
7 0.0336538 0.468675 0.0576923 0.0650602
6 0.628606 0.426506 0.0600962 0.0674699
6 0.393029 0.446988 0.0504808 0.060241
7 0.0492788 0.431325 0.0456731 0.053012
5 0.513221 0.593976 0.0216346 0.0313253
7 0.300481 0.43012 0.0336538 0.0506024
6 0.455529 0.440964 0.0360577 0.0481928
5 0.0444712 0.555422 0.0360577 0.0361446
9 0.180288 0.553012 0.115385 0.180723
7 0.325721 0.433735 0.0408654 0.053012
9 0.387019 0.550602 0.0865385 0.156627
7 0.629808 0.426506 0.0576923 0.0674699
9 0.461538 0.543373 0.0625 0.156627
9 0.63101 0.538554 0.0889423 0.171084
7 0.1875 0.43253 0.0673077 0.0746988
7 0.692308 0.43494 0.0721154 0.0746988
9 0.311298 0.549398 0.0745192 0.163855
7 0.393029 0.446988 0.0504808 0.060241
7 0.540865 0.431325 0.0625 0.0722892
9 0.0564904 0.543373 0.108173 0.127711
9 0.710337 0.579518 0.09375 0.219277
9 0.551683 0.543373 0.0889423 0.171084
