3 0.760817 0.422892 0.0649038 0.0361446
3 0.015625 0.425301 0.03125 0.026506
2 0.0168269 0.422892 0.0336538 0.026506
9 0.896635 0.612048 0.192308 0.183133
3 0.804087 0.450602 0.0408654 0.0433735
9 0.664663 0.613253 0.237981 0.253012
7 0.0168269 0.422892 0.0336538 0.103614
2 0.387019 0.490361 0.129808 0.0457831
9 0.0408654 0.577108 0.0817308 0.204819
7 0.760817 0.414458 0.0745192 0.115663
2 0.155048 0.420482 0.0841346 0.0361446
9 0.140625 0.568675 0.117788 0.168675
2 0.676683 0.412048 0.112981 0.0481928
5 0.234375 0.720482 0.0889423 0.0626506
3 0.237981 0.446988 0.0961538 0.0361446
9 0.233173 0.596386 0.201923 0.185542
6 0.676683 0.403614 0.112981 0.161446
7 0.850962 0.443374 0.139423 0.168675
6 0.153846 0.418072 0.0865385 0.122892
9 0.423077 0.661446 0.173077 0.26747
7 0.387019 0.489157 0.129808 0.149398
7 0.237981 0.449398 0.0961538 0.127711
