0 0.448193 0.893029 0.0337349 0.03125
0 0.484337 0.896635 0.0289157 0.0336538
0 0.6 0.933894 0.0385542 0.0264423
0 0.646988 0.97476 0.0409639 0.0408654
5 0.407229 0.754808 0.0337349 0.0336538
5 0.0180723 0.69351 0.0361446 0.0456731
5 0.0445783 0.72476 0.026506 0.0360577
5 0.290361 0.723558 0.0313253 0.0432692
5 0.325301 0.691106 0.0578313 0.0600962
6 0.0313253 0.58774 0.0626506 0.0745192
6 0.0506024 0.504808 0.0819277 0.0817308
6 0.284337 0.498798 0.0819277 0.0985577
6 0.30241 0.58774 0.0554217 0.0745192
6 0.453012 0.632212 0.0337349 0.0528846
6 0.713253 0.457933 0.0771084 0.0889423
6 0.951807 0.465144 0.086747 0.0985577
4 0.603614 0.689904 0.0361446 0.0336538
4 0.577108 0.71875 0.0361446 0.0336538
9 0.107229 0.644231 0.118072 0.240385
9 0.237349 0.632212 0.0987952 0.225962
9 0.463855 0.701923 0.0795181 0.120192
9 0.639759 0.665865 0.0409639 0.0240385
9 0.60241 0.700721 0.106024 0.0552885
9 0.720482 0.592548 0.149398 0.213942
9 0.93012 0.602163 0.139759 0.237981
10 0.108434 0.725962 0.120482 0.427885
10 0.219277 0.723558 0.110843 0.427885
10 0.461446 0.760817 0.0939759 0.228365
10 0.610843 0.799279 0.122892 0.262019
10 0.737349 0.74399 0.187952 0.526442
10 0.924096 0.740385 0.151807 0.519231
11 0.0674699 0.865385 0.0674699 0.230769
11 0.273494 0.86899 0.0457831 0.237981
