3 0.788462 0.545673 0.0384615 0.0240385
3 0.697115 0.480769 0.0288462 0.0240385
3 0.665865 0.384615 0.0336538 0.0240385
3 0.5 0.459135 0.0432692 0.0240385
3 0.329327 0.475962 0.0336538 0.0240385
3 0.27524 0.483173 0.0264423 0.0240385
2 0.227163 0.504808 0.03125 0.0288462
5 0.793269 0.633413 0.0528846 0.0408654
5 0.776442 0.59976 0.0432692 0.0408654
5 0.651442 0.538462 0.0432692 0.0384615
5 0.640625 0.475962 0.0264423 0.0336538
5 0.520433 0.534856 0.0504808 0.0360577
5 0.236779 0.573317 0.0408654 0.0360577
5 0.277644 0.5 0.03125 0.0336538
9 0.856971 0.604567 0.122596 0.141827
9 0.729567 0.528846 0.0745192 0.0913462
9 0.679087 0.436298 0.103365 0.0889423
9 0.53125 0.509615 0.149038 0.0817308
9 0.191106 0.550481 0.103365 0.105769
9 0.269231 0.536058 0.0576923 0.100962
7 0.811298 0.512019 0.112981 0.100962
7 0.715144 0.459135 0.0793269 0.0721154
7 0.673077 0.365385 0.0769231 0.0817308
7 0.503606 0.444712 0.0793269 0.0673077
7 0.210337 0.484375 0.0649038 0.0841346
7 0.258413 0.457933 0.0552885 0.0889423
7 0.310096 0.454327 0.0384615 0.0625
11 0.862981 0.623798 0.144231 0.161058
11 0.728365 0.536058 0.0913462 0.120192
11 0.665865 0.459135 0.105769 0.149038
11 0.521635 0.515625 0.134615 0.108173
11 0.194712 0.561298 0.105769 0.132212
11 0.259615 0.527644 0.0817308 0.132212
