7 0.586538 0.475904 0.0288462 0.0457831
7 0.259615 0.490361 0.0336538 0.0506024
7 0.34375 0.512048 0.0384615 0.0506024
7 0.384615 0.480723 0.0336538 0.0457831
7 0.442308 0.498795 0.0288462 0.0433735
7 0.475962 0.495181 0.0288462 0.0409639
7 0.563702 0.504819 0.03125 0.0361446
0 0.449519 0.73494 0.0432692 0.0289157
0 0.331731 0.73253 0.0480769 0.0240964
0 0.40024 0.706024 0.0360577 0.0240964
0 0.247596 0.724096 0.0480769 0.026506
9 0.269231 0.562651 0.0528846 0.0939759
9 0.36899 0.574699 0.0552885 0.0843373
9 0.449519 0.560241 0.0432692 0.0746988
9 0.573317 0.568675 0.0360577 0.0915663
9 0.49399 0.549398 0.03125 0.0722892
11 0.280048 0.604819 0.0745192 0.183133
11 0.382212 0.616867 0.0913462 0.168675
11 0.449519 0.60241 0.0480769 0.163855
11 0.501202 0.591566 0.0504808 0.151807
11 0.576923 0.604819 0.0480769 0.163855
