4 0.194712 0.617788 0.0384615 0.0336538
4 0.239183 0.605769 0.0408654 0.0432692
4 0.350962 0.567308 0.0336538 0.0384615
6 0.16226 0.518029 0.0649038 0.0793269
6 0.361779 0.449519 0.0552885 0.0769231
6 0.561298 0.414663 0.0600962 0.0697115
6 0.733173 0.409856 0.0625 0.0649038
9 0.141827 0.580529 0.120192 0.137019
9 0.347356 0.53726 0.108173 0.151442
9 0.478365 0.546875 0.105769 0.165865
9 0.611779 0.497596 0.127404 0.120192
9 0.945913 0.503606 0.0985577 0.132212
11 0.151442 0.591346 0.144231 0.173077
11 0.347356 0.561298 0.127404 0.209135
11 0.475962 0.543269 0.120192 0.173077
11 0.614183 0.497596 0.132212 0.134615
11 0.941106 0.502404 0.103365 0.139423
