11 0.597356 0.542067 0.09375 0.252404
5 0.356971 0.774038 0.0504808 0.0865385
6 0.439904 0.402644 0.0528846 0.0600962
0 0.633413 0.682692 0.0456731 0.0432692
7 0.439904 0.402644 0.0528846 0.0600962
7 0.302885 0.365385 0.0528846 0.0817308
9 0.737981 0.536058 0.177885 0.307692
6 0.836538 0.378606 0.0384615 0.09375
0 0.573317 0.682692 0.0456731 0.0432692
5 0.47476 0.512019 0.0504808 0.0432692
9 0.90024 0.530048 0.141827 0.209135
11 0.445913 0.546875 0.103365 0.247596
0 0.438702 0.703125 0.0697115 0.0552885
0 0.483173 0.695913 0.0528846 0.0408654
7 0.155048 0.393029 0.0552885 0.0649038
6 0.598558 0.402644 0.0432692 0.0552885
9 0.444712 0.496394 0.100962 0.141827
9 0.600962 0.484375 0.0865385 0.127404
6 0.733173 0.344952 0.0961538 0.112981
9 0.229567 0.603365 0.189904 0.375
7 0.222356 0.346154 0.112981 0.139423
7 0.153846 0.0456731 0.0528846 0.0625
7 0.225962 0.104567 0.105769 0.132212
7 0.301683 0.0649038 0.0504808 0.0769231
7 0.438702 0.0384615 0.0504808 0.0673077
7 0.600962 0.0348558 0.0432692 0.0649038
7 0.882212 0.384615 0.0769231 0.0961538
6 0.731971 0.0961538 0.09375 0.125
6 0.832933 0.0637019 0.0456731 0.0841346
7 0.887019 0.0649038 0.0769231 0.0961538
0 0.442308 0.848558 0.0528846 0.0432692
0 0.483173 0.864183 0.0528846 0.0408654
0 0.570913 0.871394 0.0408654 0.0504808
0 0.635817 0.878606 0.0360577 0.0504808
