6 0.0432692 0.466265 0.0576923 0.0650602
6 0.110577 0.459036 0.0673077 0.0795181
5 0.129808 0.480723 0.0288462 0.026506
5 0.129808 0.649398 0.0288462 0.0313253
5 0.0564904 0.645783 0.0264423 0.0289157
5 0.277644 0.656627 0.0408654 0.0409639
5 0.862981 0.604819 0.0240385 0.0337349
6 0.334135 0.446988 0.0721154 0.0939759
6 0.50601 0.451807 0.0408654 0.060241
6 0.637019 0.491566 0.0384615 0.0674699
6 0.685096 0.463855 0.0673077 0.0698795
6 0.941106 0.5 0.0408654 0.0554217
6 0.903846 0.490361 0.0384615 0.0698795
6 0.867788 0.481928 0.0336538 0.0481928
0 0.522837 0.738554 0.0408654 0.026506
0 0.46274 0.731325 0.03125 0.0361446
9 0.03125 0.559036 0.0625 0.120482
9 0.0961538 0.555422 0.0817308 0.137349
9 0.30649 0.568675 0.0985577 0.178313
9 0.496394 0.524096 0.0697115 0.103614
9 0.634615 0.559036 0.0528846 0.0771084
9 0.69351 0.562651 0.0649038 0.122892
9 0.395433 0.53012 0.0408654 0.0626506
9 0.951923 0.573494 0.0576923 0.086747
9 0.893029 0.553012 0.0504808 0.0795181
6 0.413462 0.487952 0.0288462 0.0313253
11 0.0288462 0.619277 0.0576923 0.240964
11 0.0973558 0.638554 0.0841346 0.303614
11 0.30649 0.637349 0.0985577 0.33012
11 0.49399 0.595181 0.0745192 0.245783
11 0.632212 0.613253 0.0528846 0.180723
11 0.692308 0.618072 0.0673077 0.253012
11 0.951923 0.626506 0.0576923 0.19759
11 0.891827 0.601205 0.0528846 0.175904
