6 0.0408654 0.274699 0.0769231 0.0722892
6 0.31851 0.254217 0.0841346 0.0650602
6 0.21875 0.337349 0.120192 0.13494
6 0.472356 0.544578 0.09375 0.0963855
6 0.408654 0.49759 0.0576923 0.060241
4 0.436298 0.245783 0.0456731 0.0674699
8 0.317308 0.36506 0.0769231 0.161446
8 0.397837 0.572289 0.0552885 0.0939759
8 0.442308 0.686747 0.139423 0.183133
8 0.151442 0.521687 0.149038 0.214458
0 0.320913 0.766265 0.0889423 0.0578313
10 0.170673 0.621687 0.192308 0.419277
10 0.486779 0.710843 0.228365 0.236145
10 0.335337 0.5 0.112981 0.431325
10 0.0360577 0.531325 0.0721154 0.450602
8 0.0228365 0.386747 0.0456731 0.156627
