6 0.174279 0.0336538 0.103365 0.0673077
0 0.564904 0.772837 0.0432692 0.0456731
3 0.367788 0.360577 0.0576923 0.0240385
3 0.175481 0.358173 0.0721154 0.0288462
3 0.882212 0.385817 0.0865385 0.0264423
3 0.579327 0.408654 0.0576923 0.0240385
7 0.176683 0.358173 0.0793269 0.110577
2 0.88101 0.388221 0.0841346 0.0264423
11 0.361779 0.633413 0.146635 0.497596
11 0.174279 0.633413 0.185096 0.478365
9 0.897837 0.52524 0.165865 0.170673
5 0.265625 0.610577 0.0264423 0.0384615
9 0.176683 0.502404 0.189904 0.221154
11 0.579327 0.590144 0.139423 0.310096
7 0.580529 0.405048 0.0649038 0.09375
5 0.296875 0.584135 0.03125 0.0432692
6 0.176683 0.358173 0.0793269 0.110577
5 0.4375 0.555288 0.0336538 0.0480769
11 0.894231 0.713942 0.173077 0.557692
9 0.365385 0.480769 0.158654 0.163462
5 0.216346 0.563702 0.0721154 0.0504808
9 0.578125 0.50601 0.141827 0.141827
7 0.367788 0.360577 0.0625 0.0913462
7 0.882212 0.390625 0.0865385 0.103365
7 0.366587 0.0372596 0.0697115 0.0697115
