0 0.643029 0.714458 0.0841346 0.0457831
0 0.24399 0.725301 0.0697115 0.0433735
4 0.0612981 0.687952 0.0600962 0.0746988
4 0.668269 0.378313 0.0673077 0.0578313
6 0.0865385 0.381928 0.110577 0.108434
6 0.210337 0.301205 0.122596 0.101205
6 0.759615 0.362651 0.0961538 0.0891566
9 0.0504808 0.548193 0.0961538 0.253012
9 0.269231 0.46747 0.221154 0.26506
9 0.721154 0.531325 0.149038 0.233735
10 0.698317 0.546988 0.213942 0.274699
10 0.251202 0.56506 0.290865 0.474699
10 0.0841346 0.610843 0.168269 0.378313
