6 0.330529 0.16747 0.0408654 0.0554217
6 0.329327 0.3 0.0480769 0.0457831
6 0.423077 0.289157 0.0528846 0.0626506
6 0.63101 0.16747 0.0456731 0.0506024
6 0.727163 0.462651 0.0600962 0.0433735
6 0.811298 0.478313 0.0649038 0.060241
7 0.739183 0.224096 0.0360577 0.053012
7 0.794471 0.251807 0.03125 0.0506024
7 0.848558 0.3 0.0336538 0.0554217
7 0.046875 0.180723 0.03125 0.0433735
7 0.447115 0.174699 0.0384615 0.060241
7 0.479567 0.181928 0.0360577 0.0554217
7 0.518029 0.173494 0.0360577 0.0385542
7 0.294471 0.192771 0.0360577 0.0385542
9 0.501202 0.450602 0.0985577 0.144578
9 0.336538 0.396386 0.120192 0.127711
9 0.633413 0.528916 0.0889423 0.142169
9 0.61899 0.244578 0.0504808 0.0795181
9 0.550481 0.222892 0.0528846 0.0795181
9 0.489183 0.236145 0.0600962 0.0771084
9 0.739183 0.295181 0.0793269 0.113253
0 0.526442 0.638554 0.0673077 0.0626506
0 0.388221 0.587952 0.0600962 0.0915663
0 0.727163 0.781928 0.0649038 0.0698795
0 0.780048 0.827711 0.03125 0.0506024
10 0.512019 0.503614 0.0817308 0.240964
11 0.346154 0.443374 0.110577 0.240964
11 0.639423 0.6 0.0961538 0.26988
11 0.825721 0.651807 0.0985577 0.286747
11 0.72476 0.613253 0.108173 0.320482
11 0.622596 0.286747 0.0528846 0.168675
11 0.5625 0.26747 0.0721154 0.163855
