3 0.457933 0.254217 0.0600962 0.0361446
9 0.28726 0.350602 0.103365 0.0843373
6 0.0721154 0.0746988 0.0625 0.0819277
11 0.919471 0.577108 0.194712 0.46506
3 0.782452 0.424096 0.117788 0.0771084
9 0.638221 0.420482 0.141827 0.2
9 0.486779 0.328916 0.0985577 0.0939759
5 0.44351 0.33012 0.0456731 0.053012
5 0.770433 0.648193 0.103365 0.0722892
5 0.522837 0.53253 0.0600962 0.0626506
3 0.626202 0.257831 0.132212 0.0433735
9 0.0913462 0.325301 0.0913462 0.106024
4 0.552885 0.453012 0.0961538 0.0915663
6 0.271635 0.287952 0.0576923 0.0698795
6 0.0733173 0.242169 0.0552885 0.060241
6 0.814904 0.36747 0.240385 0.296386
6 0.626202 0.246988 0.132212 0.156627
6 0.457933 0.248193 0.0697115 0.086747
6 0.268029 0.0349398 0.0600962 0.0650602
6 0.460337 0.0662651 0.0697115 0.0987952
6 0.625 0.0771084 0.144231 0.149398
