6 0.34976 0.326923 0.112981 0.144231
6 0.52524 0.384615 0.0793269 0.100962
6 0.721154 0.40625 0.0673077 0.100962
6 0.798077 0.371394 0.110577 0.15625
6 0.88101 0.353365 0.0552885 0.0769231
9 0.336538 0.497596 0.129808 0.225962
9 0.522837 0.5 0.0985577 0.115385
9 0.698317 0.518029 0.0649038 0.117788
9 0.819712 0.546875 0.163462 0.204327
2 0.332933 0.344952 0.0600962 0.03125
2 0.713942 0.409856 0.0480769 0.03125
2 0.885817 0.350962 0.0360577 0.0240385
2 0.52524 0.40024 0.0649038 0.0264423
11 0.340144 0.677885 0.151442 0.596154
11 0.527644 0.621394 0.122596 0.362981
11 0.819712 0.721154 0.168269 0.557692
11 0.68149 0.620192 0.0985577 0.322115
1 0.518029 0.835337 0.0600962 0.0504808
1 0.655048 0.823317 0.0552885 0.0697115
5 0.879808 0.664663 0.0673077 0.0552885
5 0.657452 0.606971 0.0408654 0.0697115
5 0.496394 0.540865 0.0504808 0.0528846
1 0.71274 0.850962 0.0408654 0.0721154
3 0.776442 0.376202 0.0432692 0.0360577
