5 0.177885 0.677885 0.0432692 0.0432692
6 0.108173 0.4375 0.0961538 0.100962
6 0.223558 0.472356 0.0625 0.0697115
6 0.533654 0.480769 0.0576923 0.0576923
6 0.56851 0.340144 0.0408654 0.0552885
7 0.371394 0.242788 0.0649038 0.0817308
7 0.682692 0.324519 0.0384615 0.0625
9 0.0757212 0.604567 0.122596 0.252404
9 0.221154 0.539663 0.110577 0.0793269
9 0.362981 0.372596 0.144231 0.216346
9 0.53125 0.522837 0.0913462 0.0697115
9 0.563702 0.413462 0.09375 0.115385
9 0.691106 0.418269 0.127404 0.158654
11 0.0865385 0.739183 0.163462 0.521635
11 0.367788 0.444712 0.163462 0.370192
11 0.228365 0.573317 0.125 0.141827
11 0.542067 0.550481 0.127404 0.129808
11 0.566106 0.467548 0.0841346 0.204327
11 0.679087 0.473558 0.165865 0.264423
