11 0.664663 0.591566 0.209135 0.253012
5 0.155048 0.407229 0.0600962 0.0481928
9 0.379808 0.407229 0.144231 0.168675
11 0.19351 0.43012 0.151442 0.310843
9 0.216346 0.354217 0.105769 0.154217
11 0.362981 0.475904 0.173077 0.301205
0 0.0841346 0.60241 0.105769 0.0674699
4 0.563702 0.63494 0.0504808 0.060241
0 0.277644 0.715663 0.108173 0.0819277
0 0.163462 0.678313 0.120192 0.0746988
9 0.665865 0.590361 0.206731 0.250602
6 0.409856 0.280723 0.09375 0.108434
6 0.192308 0.239759 0.0865385 0.0987952
6 0.71274 0.396386 0.122596 0.142169
4 0.507212 0.550602 0.0384615 0.0554217
6 0.409856 0.0614458 0.09375 0.113253
6 0.191106 0.086747 0.0841346 0.110843
5 0.893029 0.604819 0.0264423 0.0385542
1 0.877404 0.795181 0.0432692 0.0481928
1 0.826923 0.76506 0.0480769 0.0506024
9 0.960337 0.543373 0.0793269 0.137349
11 0.930288 0.616867 0.139423 0.26506
1 0.829327 0.898795 0.0480769 0.0626506
1 0.878606 0.86747 0.0408654 0.0433735
4 0.328125 0.440964 0.0504808 0.0481928
4 0.24399 0.419277 0.0552885 0.0385542
6 0.563702 0.26747 0.03125 0.0337349
6 0.487981 0.255422 0.0288462 0.0385542
9 0.548077 0.312048 0.0576923 0.060241
