5 0.179087 0.576923 0.0264423 0.0288462
5 0.644231 0.625 0.0288462 0.0432692
4 0.459135 0.578125 0.0240385 0.0408654
0 0.311298 0.765625 0.0600962 0.0360577
2 0.53125 0.411058 0.0336538 0.0192308
5 0.459135 0.579327 0.0240385 0.0384615
0 0.129808 0.722356 0.0384615 0.0264423
0 0.328125 0.691106 0.03125 0.0360577
0 0.483173 0.0108173 0.0432692 0.0216346
0 0.764423 0.0216346 0.0865385 0.0432692
4 0.365385 0.590144 0.0288462 0.0408654
5 0.365385 0.590144 0.0288462 0.0408654
0 0.513221 0.694712 0.0408654 0.0336538
0 0.467548 0.670673 0.03125 0.0288462
8 0.475962 0.502404 0.0528846 0.125
8 0.520433 0.504808 0.0649038 0.120192
11 0.340144 0.570913 0.0552885 0.209135
3 0.585337 0.448317 0.0552885 0.0264423
0 0.0588942 0.59976 0.03125 0.0168269
11 0.475962 0.545673 0.0528846 0.206731
0 0.399038 0.0180288 0.0576923 0.0360577
5 0.665865 0.635817 0.0288462 0.0456731
0 0.532452 0.0168269 0.0456731 0.0336538
6 0.396635 0.413462 0.0576923 0.0817308
0 0.186298 0.709135 0.0600962 0.0336538
8 0.677885 0.50601 0.0913462 0.185096
5 0.798077 0.664663 0.0480769 0.0456731
0 0.453125 0.739183 0.0360577 0.03125
6 0.127404 0.4375 0.0528846 0.0673077
8 0.272837 0.52524 0.0889423 0.112981
8 0.13101 0.53726 0.108173 0.122596
0 0.38101 0.740385 0.0504808 0.0384615
6 0.342548 0.432692 0.0504808 0.0576923
6 0.528846 0.40625 0.0480769 0.0625
0 0.680288 0.0420673 0.0865385 0.0793269
8 0.33774 0.513221 0.0552885 0.0889423
6 0.0625 0.447115 0.0384615 0.0384615
6 0.274038 0.427885 0.0625 0.0625
8 0.586538 0.545673 0.105769 0.125
6 0.480769 0.41226 0.0432692 0.0552885
8 0.0576923 0.49399 0.0480769 0.0552885
11 0.592548 0.614183 0.09375 0.262019
8 0.405048 0.521635 0.09375 0.129808
8 0.75 0.555288 0.153846 0.177885
6 0.585337 0.445913 0.0600962 0.0793269
11 0.13101 0.586538 0.0985577 0.225962
6 0.677885 0.364183 0.0769231 0.09375
11 0.274038 0.600962 0.0865385 0.269231
6 0.758413 0.418269 0.0745192 0.0961538
11 0.408654 0.591346 0.0817308 0.269231
5 0.532452 0.627404 0.0264423 0.0480769
4 0.257212 0.466346 0.0288462 0.0384615
4 0.299279 0.463942 0.0264423 0.0384615
