6 0.197115 0.381928 0.0528846 0.0746988
6 0.382212 0.350602 0.0769231 0.0506024
7 0.304087 0.36988 0.0408654 0.0506024
7 0.592548 0.319277 0.0600962 0.0698795
0 0.509615 0.678313 0.0673077 0.0361446
0 0.426683 0.644578 0.0552885 0.026506
0 0.270433 0.607229 0.0360577 0.0240964
5 0.739183 0.518072 0.03125 0.0337349
5 0.259615 0.496386 0.0240385 0.0289157
8 0.129808 0.454217 0.0913462 0.142169
8 0.264423 0.433735 0.0625 0.101205
8 0.418269 0.421687 0.0721154 0.149398
8 0.515625 0.391566 0.108173 0.171084
8 0.705529 0.442169 0.0889423 0.0746988
11 0.128606 0.537349 0.09375 0.313253
11 0.265625 0.474699 0.0649038 0.187952
11 0.417067 0.479518 0.0745192 0.274699
11 0.514423 0.46747 0.105769 0.337349
11 0.733173 0.49759 0.149038 0.185542
