1 0.112981 0.713253 0.0480769 0.0289157
1 0.165865 0.708434 0.0528846 0.0240964
1 0.191106 0.681928 0.0360577 0.0240964
1 0.228365 0.681928 0.0336538 0.0433735
1 0.28726 0.681928 0.0360577 0.0289157
1 0.323317 0.675904 0.0360577 0.0313253
1 0.367788 0.669879 0.0336538 0.0240964
1 0.401442 0.662651 0.0336538 0.0240964
1 0.485577 0.669879 0.0384615 0.0337349
1 0.515625 0.657831 0.0360577 0.0289157
1 0.558894 0.655422 0.0264423 0.0385542
1 0.596154 0.663855 0.0336538 0.0313253
1 0.626202 0.640964 0.0264423 0.0289157
1 0.65625 0.666265 0.0384615 0.0361446
1 0.683894 0.679518 0.0360577 0.0240964
1 0.704327 0.649398 0.0288462 0.026506
1 0.736779 0.661446 0.0360577 0.0313253
1 0.762019 0.679518 0.0528846 0.0289157
1 0.8125 0.689157 0.0480769 0.0385542
3 0.754808 0.438554 0.0240385 0.0240964
3 0.713942 0.440964 0.0240385 0.0240964
3 0.667067 0.445783 0.0264423 0.0240964
3 0.575721 0.438554 0.03125 0.0240964
3 0.514423 0.431325 0.0240385 0.0240964
3 0.372596 0.436145 0.0240385 0.0240964
3 0.288462 0.426506 0.0336538 0.0240964
3 0.197115 0.436145 0.0432692 0.0240964
5 0.0829327 0.557831 0.03125 0.0409639
5 0.167067 0.563855 0.03125 0.0337349
5 0.230769 0.553012 0.0336538 0.026506
5 0.34375 0.543373 0.0240385 0.026506
5 0.405048 0.550602 0.0264423 0.026506
5 0.483173 0.546988 0.0336538 0.0337349
5 0.580529 0.486747 0.0360577 0.0385542
5 0.615385 0.544578 0.0336538 0.0337349
5 0.682692 0.559036 0.0384615 0.0289157
5 0.728365 0.528916 0.0384615 0.0313253
6 0.134615 0.415663 0.0480769 0.060241
6 0.195913 0.437349 0.0456731 0.0506024
6 0.295673 0.43012 0.0480769 0.0554217
6 0.379808 0.43494 0.0432692 0.0506024
6 0.413462 0.448193 0.0240385 0.0337349
6 0.481971 0.448193 0.03125 0.0385542
6 0.510817 0.438554 0.03125 0.053012
6 0.546875 0.440964 0.03125 0.0578313
6 0.576923 0.43012 0.0336538 0.0554217
6 0.668269 0.438554 0.0432692 0.0433735
6 0.716346 0.437349 0.0336538 0.0409639
6 0.762019 0.43494 0.0384615 0.0457831
9 0.111779 0.492771 0.0745192 0.113253
9 0.194712 0.492771 0.0961538 0.0795181
9 0.289663 0.489157 0.0793269 0.0771084
9 0.370192 0.474699 0.0769231 0.0722892
9 0.418269 0.486747 0.0432692 0.0626506
9 0.501202 0.492771 0.0793269 0.0698795
9 0.586538 0.489157 0.0721154 0.0626506
9 0.676683 0.508434 0.0600962 0.0819277
9 0.716346 0.498795 0.0528846 0.0674699
9 0.776442 0.50241 0.0769231 0.0795181
11 0.11899 0.574699 0.09375 0.248193
11 0.197115 0.556626 0.0913462 0.207229
11 0.294471 0.557831 0.0889423 0.224096
11 0.36899 0.545783 0.0841346 0.2
11 0.417067 0.528916 0.0360577 0.146988
11 0.495192 0.557831 0.0721154 0.2
11 0.581731 0.563855 0.0528846 0.19759
11 0.673077 0.548193 0.0576923 0.171084
11 0.72476 0.538554 0.0456731 0.151807
11 0.782452 0.551807 0.0649038 0.139759
11 0.867788 0.518072 0.0432692 0.0963855
8 0.873798 0.496386 0.03125 0.0385542
6 0.86899 0.453012 0.0264423 0.0337349
5 0.855769 0.506024 0.0240385 0.0240964
