0 0.597356 0.983173 0.0360577 0.0336538
6 0.608173 0.453125 0.0384615 0.0504808
6 0.169471 0.466346 0.0360577 0.0384615
6 0.453125 0.450721 0.03125 0.0456731
3 0.399038 0.438702 0.0480769 0.0168269
0 0.0901442 0.816106 0.03125 0.03125
0 0.207933 0.742788 0.0360577 0.0432692
3 0.68149 0.427885 0.0360577 0.0192308
7 0.609375 0.454327 0.0360577 0.0528846
9 0.657452 0.59976 0.0985577 0.108173
2 0.917067 0.424279 0.0456731 0.0216346
0 0.983173 0.721154 0.0336538 0.0384615
5 0.987981 0.536058 0.0240385 0.0336538
3 0.115385 0.469952 0.0432692 0.0216346
7 0.68149 0.425481 0.0456731 0.0625
2 0.981971 0.44351 0.0360577 0.0216346
5 0.700721 0.645433 0.0264423 0.0360577
7 0.258413 0.456731 0.0504808 0.0673077
0 0.263221 0.804087 0.0408654 0.0360577
3 0.260817 0.457933 0.0408654 0.0168269
5 0.164663 0.652644 0.0264423 0.0360577
6 0.40024 0.439904 0.0600962 0.0673077
9 0.259615 0.549279 0.0913462 0.146635
6 0.260817 0.456731 0.0504808 0.0673077
0 0.143029 0.792067 0.03125 0.0408654
3 0.526442 0.429087 0.0528846 0.0168269
11 0.407452 0.626202 0.0793269 0.319712
6 0.108173 0.472356 0.0721154 0.0649038
5 0.47476 0.63101 0.0264423 0.0408654
5 0.0901442 0.645433 0.03125 0.03125
7 0.527644 0.430288 0.0552885 0.0673077
11 0.254808 0.623798 0.100962 0.295673
6 0.917067 0.420673 0.0456731 0.0625
11 0.540865 0.617788 0.110577 0.3125
9 0.543269 0.53726 0.110577 0.146635
9 0.106971 0.576923 0.0985577 0.139423
6 0.980769 0.442308 0.0384615 0.0625
9 0.407452 0.542067 0.0793269 0.151442
11 0.108173 0.645433 0.110577 0.28125
7 0.326923 0.455529 0.0336538 0.0456731
11 0.331731 0.557692 0.0528846 0.153846
0 0.325721 0.663462 0.0408654 0.0288462
0 0.393029 0.813702 0.03125 0.0360577
0 0.456731 0.807692 0.0480769 0.0384615
0 0.522837 0.810096 0.0360577 0.0432692
0 0.0925481 0.848558 0.0360577 0.0336538
0 0.143029 0.867788 0.03125 0.0432692
0 0.207933 0.918269 0.03125 0.0384615
0 0.262019 0.84976 0.0336538 0.0360577
0 0.526442 0.860577 0.0336538 0.0384615
0 0.450721 0.850962 0.0504808 0.0336538
0 0.393029 0.846154 0.0360577 0.0384615
6 0.754808 0.453125 0.0240385 0.0264423
7 0.651442 0.477163 0.0528846 0.0649038
0 0.980769 0.93149 0.0336538 0.0408654
5 0.879808 0.552885 0.0240385 0.0288462
9 0.975962 0.532452 0.0480769 0.0985577
9 0.914663 0.503606 0.0793269 0.09375
9 0.757212 0.495192 0.0336538 0.0528846
