9 0.157452 0.0384615 0.175481 0.0769231
4 0.481971 0.588942 0.0360577 0.0480769
6 0.372596 0.265625 0.0192308 0.0216346
4 0.179087 0.355769 0.0360577 0.0432692
6 0.733173 0.305288 0.0240385 0.0336538
6 0.717548 0.271635 0.0264423 0.0336538
4 0.227163 0.379808 0.0360577 0.0480769
9 0.419471 0.509615 0.141827 0.139423
9 0.159856 0.33774 0.161058 0.146635
9 0.698317 0.326923 0.0745192 0.0625
11 0.170673 0.40625 0.177885 0.293269
6 0.158654 0.246394 0.115385 0.137019
6 0.387019 0.465144 0.0865385 0.103365
6 0.411058 0.289663 0.0240385 0.0360577
