0 0.179087 0.46274 0.0264423 0.0216346
4 0.992788 0.0252404 0.0144231 0.0456731
8 0.0661058 0.359375 0.0408654 0.0697115
6 0.375 0.316106 0.0384615 0.0600962
4 0.557692 0.432692 0.0432692 0.0432692
11 0.402644 0.53125 0.112981 0.331731
0 0.199519 0.46875 0.0240385 0.0192308
0 0.626202 0.686298 0.0408654 0.0456731
0 0.225962 0.485577 0.0336538 0.0192308
8 0.40625 0.448317 0.110577 0.165865
0 0.414663 0.722356 0.0600962 0.0456731
8 0.61899 0.441106 0.108173 0.151442
6 0.605769 0.334135 0.0625 0.0721154
6 0.421875 0.331731 0.0600962 0.0721154
11 0.617788 0.509615 0.110577 0.293269
8 0.182692 0.359375 0.0336538 0.0745192
9 0.21875 0.38101 0.0432692 0.0793269
9 0.0252404 0.390625 0.0360577 0.0745192
