0 0.311298 0.55649 0.0456731 0.0552885
0 0.393029 0.53726 0.0600962 0.0408654
0 0.77524 0.69351 0.108173 0.0841346
0 0.777644 0.643029 0.0456731 0.0456731
0 0.701923 0.415865 0.0288462 0.0528846
0 0.668269 0.418269 0.0336538 0.0528846
0 0.350962 0.370192 0.0288462 0.0432692
0 0.326923 0.367788 0.0240385 0.0432692
5 0.367788 0.591346 0.0384615 0.0480769
5 0.472356 0.514423 0.0360577 0.0288462
5 0.677885 0.677885 0.0480769 0.0625
6 0.402644 0.413462 0.0697115 0.100962
7 0.311298 0.242788 0.0264423 0.0336538
7 0.68149 0.270433 0.03125 0.0456731
7 0.677885 0.491587 0.0721154 0.0841346
9 0.335337 0.288462 0.0552885 0.0769231
9 0.335337 0.450721 0.0985577 0.103365
9 0.685096 0.311298 0.0528846 0.0793269
9 0.823317 0.480769 0.185096 0.100962
11 0.332933 0.311298 0.0552885 0.122596
11 0.342548 0.479567 0.151442 0.137019
11 0.823317 0.555288 0.213942 0.230769
11 0.688702 0.338942 0.0793269 0.129808
