3 0.457933 0.392771 0.0697115 0.0337349
3 0.192308 0.431325 0.0721154 0.0481928
2 0.699519 0.316867 0.0865385 0.0554217
4 0.0877404 0.739759 0.117788 0.101205
4 0.223558 0.696386 0.0865385 0.0626506
4 0.335337 0.660241 0.0697115 0.053012
5 0.439904 0.642169 0.0576923 0.0554217
5 0.522837 0.666265 0.0841346 0.0746988
5 0.739183 0.715663 0.127404 0.115663
6 0.177885 0.415663 0.105769 0.146988
6 0.455529 0.377108 0.103365 0.142169
6 0.717548 0.287952 0.165865 0.204819
9 0.0372596 0.612048 0.0745192 0.342169
9 0.182692 0.583133 0.225962 0.221687
9 0.466346 0.543373 0.163462 0.233735
9 0.78125 0.543373 0.269231 0.344578
11 0.0372596 0.609639 0.0745192 0.346988
11 0.182692 0.583133 0.230769 0.226506
11 0.477163 0.546988 0.199519 0.231325
11 0.782452 0.544578 0.290865 0.361446
