0 0.746394 0.425301 0.0456731 0.0313253
9 0.543269 0.714458 0.0721154 0.142169
4 0.865385 0.681928 0.0336538 0.0433735
0 0.850962 0.966265 0.105769 0.0674699
6 0.586538 0.26988 0.0625 0.0771084
9 0.840144 0.707229 0.0985577 0.13253
9 0.706731 0.586747 0.100962 0.146988
6 0.850962 0.613253 0.0625 0.0650602
11 0.709135 0.631325 0.115385 0.255422
6 0.715144 0.484337 0.0841346 0.0771084
6 0.534856 0.614458 0.0649038 0.0674699
6 0.59375 0.0578313 0.0721154 0.0819277
9 0.701923 0.0771084 0.134615 0.139759
9 0.709135 0.236145 0.134615 0.110843
