6 0.319277 0.736779 0.026506 0.0456731
6 0.381928 0.728365 0.0313253 0.0432692
6 0.5 0.741587 0.026506 0.0360577
6 0.527711 0.74399 0.0240964 0.0360577
6 0.445783 0.730769 0.0289157 0.0432692
9 0.53253 0.807692 0.0337349 0.0721154
9 0.501205 0.798077 0.053012 0.0721154
9 0.445783 0.778846 0.0289157 0.0625
9 0.383133 0.792067 0.0433735 0.108173
0 0.540964 0.926683 0.0313253 0.0264423
11 0.378313 0.825721 0.0481928 0.170673
11 0.448193 0.808894 0.0433735 0.137019
11 0.495181 0.824519 0.0409639 0.129808
11 0.53253 0.834135 0.0337349 0.115385
