7 0.394231 0.451807 0.0288462 0.0313253
7 0.450721 0.509639 0.03125 0.0506024
7 0.527644 0.504819 0.03125 0.0409639
7 0.63101 0.513253 0.0408654 0.0578313
7 0.731971 0.504819 0.0456731 0.060241
7 0.828125 0.549398 0.0649038 0.101205
7 0.540865 0.553012 0.0817308 0.0795181
7 0.378606 0.546988 0.0649038 0.0771084
7 0.269231 0.528916 0.0625 0.0650602
7 0.18149 0.518072 0.0552885 0.0626506
7 0.141827 0.509639 0.0240385 0.0457831
5 0.741587 0.633735 0.0264423 0.0385542
9 0.122596 0.580723 0.0336538 0.086747
9 0.165865 0.606024 0.0673077 0.122892
9 0.247596 0.627711 0.0961538 0.137349
9 0.360577 0.677108 0.120192 0.168675
9 0.496394 0.693976 0.15625 0.20241
9 0.640625 0.553012 0.0697115 0.0457831
9 0.739183 0.562651 0.0793269 0.060241
9 0.888221 0.661446 0.137019 0.161446
