4 0.352163 0.561446 0.0360577 0.0240964
4 0.579327 0.610843 0.0432692 0.0409639
4 0.53726 0.50241 0.03125 0.0313253
4 0.515625 0.479518 0.03125 0.0337349
4 0.585337 0.533735 0.0360577 0.0313253
4 0.645433 0.626506 0.03125 0.0289157
4 0.757212 0.666265 0.0576923 0.0409639
6 0.305288 0.548193 0.0384615 0.0361446
6 0.504808 0.516867 0.0576923 0.0506024
6 0.728365 0.554217 0.0817308 0.0722892
9 0.308894 0.589157 0.0408654 0.0554217
9 0.520433 0.612048 0.0456731 0.0915663
9 0.751202 0.609639 0.0841346 0.0578313
9 0.479567 0.577108 0.0456731 0.0795181
11 0.311298 0.609639 0.0600962 0.0963855
