2 0.605769 0.447115 0.0528846 0.0336538
9 0.950721 0.576923 0.0985577 0.221154
6 0.985577 0.429087 0.0288462 0.108173
3 0.605769 0.448317 0.0528846 0.03125
3 0.528846 0.364183 0.0528846 0.03125
5 0.0564904 0.40024 0.0649038 0.0504808
11 0.939904 0.719952 0.115385 0.521635
9 0.544471 0.524038 0.137019 0.25
11 0.674279 0.71875 0.228365 0.480769
9 0.673077 0.584135 0.1875 0.197115
5 0.427885 0.637019 0.0721154 0.0528846
5 0.284856 0.397837 0.0649038 0.0504808
6 0.551683 0.34976 0.112981 0.127404
6 0.63101 0.436298 0.122596 0.137019
4 0.544471 0.683894 0.0697115 0.0793269
