7 0.798077 0.344952 0.0721154 0.0745192
7 0.551683 0.379808 0.0504808 0.0625
7 0.40625 0.353365 0.0480769 0.0625
7 0.180288 0.340144 0.0961538 0.0985577
6 0.276442 0.372596 0.0769231 0.0721154
0 0.763221 0.735577 0.0600962 0.0336538
0 0.799279 0.765625 0.0745192 0.0360577
0 0.579327 0.723558 0.0336538 0.0384615
0 0.538462 0.71274 0.0528846 0.03125
0 0.453125 0.669471 0.0456731 0.0360577
0 0.395433 0.680288 0.03125 0.0336538
0 0.283654 0.746394 0.0625 0.0408654
5 0.27524 0.561298 0.0408654 0.0264423
5 0.59976 0.572115 0.03125 0.0336538
5 0.508413 0.563702 0.0264423 0.03125
9 0.163462 0.512019 0.139423 0.259615
9 0.269231 0.484375 0.0769231 0.146635
9 0.407452 0.448317 0.0841346 0.108173
9 0.550481 0.490385 0.0961538 0.144231
9 0.804087 0.473558 0.0889423 0.177885
11 0.16226 0.605769 0.141827 0.451923
11 0.272837 0.551683 0.0745192 0.295673
11 0.408654 0.519231 0.100962 0.254808
11 0.560096 0.550481 0.125 0.278846
11 0.807692 0.540865 0.125 0.322115
