2 0.646635 0.360577 0.0625 0.0336538
2 0.739183 0.311298 0.0697115 0.0360577
3 0.532452 0.348558 0.0552885 0.0336538
3 0.253606 0.383413 0.0600962 0.0264423
5 0.0733173 0.478365 0.0841346 0.0528846
5 0.348558 0.651442 0.0432692 0.0480769
5 0.475962 0.65625 0.0384615 0.0432692
5 0.643029 0.66226 0.0456731 0.0408654
5 0.855769 0.691106 0.0576923 0.0456731
6 0.263221 0.371394 0.0793269 0.122596
6 0.433894 0.394231 0.0889423 0.120192
6 0.548077 0.341346 0.0961538 0.134615
6 0.651442 0.358173 0.0769231 0.105769
6 0.753606 0.304087 0.117788 0.151442
9 0.251202 0.53125 0.170673 0.240385
9 0.405048 0.53726 0.141827 0.228365
9 0.572115 0.53726 0.197115 0.28125
9 0.69351 0.519231 0.0745192 0.230769
9 0.8125 0.532452 0.182692 0.329327
11 0.248798 0.616587 0.170673 0.40625
11 0.417067 0.623798 0.15625 0.401442
11 0.5625 0.608173 0.177885 0.427885
11 0.6875 0.610577 0.0865385 0.423077
11 0.8125 0.596154 0.1875 0.456731
