7 0.576923 0.436298 0.0528846 0.0649038
7 0.680288 0.425481 0.0576923 0.0721154
7 0.628606 0.44351 0.03125 0.0408654
7 0.873798 0.421875 0.0697115 0.0841346
7 0.979567 0.442308 0.0408654 0.0625
9 0.569712 0.513221 0.0673077 0.103365
9 0.683894 0.521635 0.112981 0.125
9 0.873798 0.53125 0.122596 0.144231
0 0.65024 0.766827 0.0552885 0.0480769
0 0.651442 0.860577 0.0480769 0.0528846
0 0.715144 0.735577 0.03125 0.0576923
0 0.71274 0.896635 0.03125 0.0480769
0 0.520433 0.727163 0.0456731 0.0408654
0 0.519231 0.902644 0.0432692 0.0408654
0 0.578125 0.729567 0.03125 0.0456731
0 0.579327 0.905048 0.0336538 0.0360577
0 0.949519 0.706731 0.0384615 0.0432692
0 0.949519 0.926683 0.0336538 0.0408654
11 0.679087 0.586538 0.0985577 0.25
11 0.560096 0.569712 0.0913462 0.225962
11 0.870192 0.621394 0.110577 0.314904
