0 0.71875 0.677108 0.0288462 0.0385542
0 0.834135 0.666265 0.0240385 0.0313253
6 0.647837 0.460241 0.0360577 0.0481928
0 0.731971 0.683133 0.0264423 0.0457831
0 0.913462 0.684337 0.0240385 0.0337349
0 0.96274 0.709639 0.0360577 0.0361446
11 0.933894 0.577108 0.0745192 0.180723
5 0.895433 0.581928 0.0264423 0.0313253
0 0.564904 0.674699 0.0240385 0.0337349
6 0.9375 0.46506 0.0432692 0.0578313
0 0.766827 0.720482 0.0336538 0.0289157
6 0.538462 0.457831 0.0384615 0.0433735
0 0.792067 0.708434 0.0264423 0.0337349
0 0.370192 0.708434 0.0288462 0.0385542
7 0.388221 0.454217 0.0408654 0.0554217
0 0.403846 0.714458 0.0288462 0.0361446
0 0.53726 0.683133 0.03125 0.0313253
11 0.788462 0.585542 0.0769231 0.19759
6 0.389423 0.454217 0.0432692 0.0554217
6 0.721154 0.480723 0.0384615 0.0457831
9 0.721154 0.553012 0.0625 0.0987952
11 0.604567 0.546988 0.0456731 0.139759
9 0.933894 0.540964 0.0745192 0.103614
6 0.78726 0.466265 0.0408654 0.0554217
9 0.651442 0.53494 0.0576923 0.110843
11 0.394231 0.583133 0.0673077 0.212048
9 0.788462 0.53494 0.0769231 0.0915663
11 0.652644 0.581928 0.0600962 0.209639
9 0.395433 0.53494 0.0793269 0.101205
9 0.604567 0.513253 0.0408654 0.0722892
6 0.608173 0.462651 0.0288462 0.0385542
5 0.366587 0.522892 0.0264423 0.0337349
5 0.427885 0.572289 0.0240385 0.0409639
5 0.514423 0.49759 0.0240385 0.0361446
5 0.581731 0.559036 0.0240385 0.0433735
5 0.829327 0.584337 0.0240385 0.0361446
9 0.545673 0.520482 0.0625 0.086747
11 0.546875 0.562651 0.0600962 0.171084
0 0.638221 0.692771 0.0264423 0.0361446
0 0.675481 0.696386 0.0288462 0.0337349
0 0.639423 0.96747 0.0288462 0.0361446
0 0.676683 0.96988 0.0264423 0.0361446
0 0.792067 0.957831 0.0264423 0.026506
0 0.764423 0.939759 0.0240385 0.0337349
0 0.913462 0.975904 0.0240385 0.0289157
0 0.965144 0.959036 0.03125 0.0337349
0 0.376202 0.954217 0.03125 0.0481928
0 0.403846 0.950602 0.0288462 0.0409639
0 0.538462 0.975904 0.0336538 0.0289157
0 0.569712 0.987952 0.0240385 0.0240964
0 0.723558 0.971084 0.0432692 0.0433735
