2 0.0625 0.420482 0.0432692 0.0409639
2 0.344952 0.381928 0.0504808 0.0409639
2 0.59375 0.410843 0.0576923 0.0361446
3 0.15024 0.455422 0.0552885 0.0289157
3 0.460337 0.409639 0.0600962 0.0385542
3 0.778846 0.440964 0.0528846 0.0240964
3 0.859375 0.392771 0.0552885 0.0337349
5 0.789663 0.539759 0.0600962 0.0481928
5 0.819712 0.615663 0.0528846 0.0506024
6 0.0528846 0.412048 0.105769 0.173494
6 0.134615 0.451807 0.100962 0.113253
6 0.316106 0.380723 0.127404 0.144578
6 0.370192 0.451807 0.0625 0.0795181
6 0.438702 0.406024 0.0985577 0.122892
6 0.588942 0.413253 0.0913462 0.113253
6 0.778846 0.427711 0.0769231 0.103614
6 0.902644 0.401205 0.137019 0.13253
9 0.123798 0.6 0.117788 0.183133
9 0.0504808 0.653012 0.100962 0.279518
9 0.289663 0.568675 0.15625 0.245783
9 0.442308 0.571084 0.120192 0.212048
9 0.609375 0.571084 0.15625 0.221687
9 0.923077 0.609639 0.153846 0.250602
11 0.292067 0.669879 0.189904 0.433735
11 0.447115 0.673494 0.153846 0.387952
11 0.605769 0.646988 0.149038 0.349398
11 0.783654 0.666265 0.125 0.359036
