7 0.623798 0.553012 0.0456731 0.0457831
5 0.304087 0.380723 0.0216346 0.0289157
6 0.622596 0.554217 0.0432692 0.0433735
9 0.74399 0.608434 0.09375 0.13253
9 0.731971 0.250602 0.09375 0.0963855
9 0.347356 0.350602 0.0649038 0.0891566
9 0.645433 0.615663 0.0889423 0.0987952
9 0.444712 0.690361 0.0721154 0.0795181
9 0.612981 0.650602 0.115385 0.0819277
6 0.341346 0.289157 0.0336538 0.0481928
6 0.44351 0.631325 0.0456731 0.0481928
6 0.55649 0.606024 0.0552885 0.0554217
6 0.745192 0.521687 0.0528846 0.0554217
6 0.341346 0.0301205 0.0384615 0.0409639
6 0.710337 0.13494 0.0504808 0.0578313
6 0.711538 0.179518 0.0480769 0.0457831
