6 0.013253 0.580529 0.026506 0.103365
6 0.373494 0.58774 0.115663 0.141827
6 0.446988 0.640625 0.0939759 0.127404
6 0.591566 0.633413 0.0939759 0.132212
2 0.460241 0.65625 0.0578313 0.0336538
3 0.380723 0.611779 0.0481928 0.0264423
3 0.589157 0.657452 0.0795181 0.0264423
8 0.0590361 0.793269 0.113253 0.341346
8 0.310843 0.788462 0.207229 0.269231
8 0.46747 0.831731 0.159036 0.269231
8 0.649398 0.842548 0.195181 0.290865
8 0.960241 0.842548 0.0795181 0.300481
5 0.375904 0.674279 0.0674699 0.0600962
5 0.456627 0.830529 0.0506024 0.0456731
5 0.53012 0.938702 0.0337349 0.0552885
5 0.662651 0.84375 0.0481928 0.0432692
