7 0.685096 0.242169 0.100962 0.103614
7 0.873798 0.336145 0.0793269 0.0891566
7 0.80649 0.372289 0.0649038 0.0650602
7 0.604567 0.285542 0.0793269 0.0987952
7 0.442308 0.310843 0.0721154 0.086747
7 0.977163 0.415663 0.0456731 0.060241
2 0.442308 0.309639 0.0625 0.0361446
2 0.867788 0.33494 0.0673077 0.0385542
3 0.586538 0.283133 0.0432692 0.0361446
3 0.66226 0.239759 0.0504808 0.0313253
5 0.394231 0.346988 0.0384615 0.0578313
5 0.59976 0.50241 0.0408654 0.0506024
5 0.58774 0.392771 0.03125 0.0385542
9 0.864183 0.460241 0.146635 0.149398
9 0.706731 0.378313 0.115385 0.168675
9 0.588942 0.410843 0.115385 0.156627
9 0.44351 0.404819 0.127404 0.120482
11 0.4375 0.533735 0.139423 0.378313
11 0.638221 0.519277 0.252404 0.450602
11 0.861779 0.580723 0.161058 0.404819
