6 0.127404 0.381928 0.0384615 0.0746988
2 0.534856 0.401205 0.0793269 0.0409639
0 0.375 0.814458 0.0576923 0.0433735
3 0.663462 0.377108 0.0769231 0.0361446
5 0.740385 0.654217 0.0480769 0.0650602
2 0.194712 0.425301 0.0432692 0.0361446
5 0.623798 0.737349 0.0600962 0.0626506
9 0.480769 0.596386 0.1875 0.301205
5 0.204327 0.655422 0.0384615 0.0578313
0 0.248798 0.76988 0.0504808 0.0409639
0 0.319712 0.793976 0.0576923 0.0457831
9 0.283654 0.533735 0.129808 0.171084
9 0.117788 0.562651 0.158654 0.214458
9 0.657452 0.528916 0.175481 0.224096
6 0.18149 0.410843 0.09375 0.113253
6 0.288462 0.412048 0.0817308 0.101205
6 0.658654 0.361446 0.0961538 0.13494
6 0.514423 0.36747 0.149038 0.180723
4 0.211538 0.606024 0.0288462 0.060241
