6 0.0673077 0.396386 0.120192 0.13253
6 0.292067 0.342169 0.127404 0.173494
6 0.487981 0.381928 0.100962 0.127711
6 0.680288 0.395181 0.105769 0.115663
6 0.897837 0.390361 0.127404 0.154217
2 0.496394 0.385542 0.0745192 0.0385542
9 0.489183 0.578313 0.204327 0.226506
9 0.6875 0.589157 0.144231 0.228916
9 0.242788 0.579518 0.134615 0.281928
9 0.0745192 0.592771 0.149038 0.212048
9 0.908654 0.590361 0.129808 0.20241
11 0.473558 0.69759 0.173077 0.46506
11 0.698317 0.690361 0.161058 0.440964
11 0.913462 0.691566 0.153846 0.414458
11 0.253606 0.673494 0.146635 0.455422
11 0.0685096 0.696386 0.137019 0.424096
