3 0.192308 0.422892 0.0288462 0.0216867
5 0.40625 0.577108 0.0288462 0.0457831
2 0.792067 0.40241 0.0552885 0.0289157
3 0.65024 0.426506 0.0504808 0.0240964
2 0.19351 0.424096 0.03125 0.0240964
9 0.65625 0.519277 0.115385 0.13253
0 0.489183 0.787952 0.0456731 0.0433735
5 0.0817308 0.663855 0.0336538 0.0457831
0 0.649038 0.783133 0.0432692 0.0385542
3 0.46274 0.421687 0.0552885 0.0240964
2 0.651442 0.426506 0.0480769 0.0240964
2 0.46274 0.421687 0.0552885 0.0240964
0 0.370192 0.8 0.0576923 0.0337349
6 0.784856 0.398795 0.103365 0.113253
0 0.574519 0.76988 0.0769231 0.0361446
9 0.465144 0.527711 0.122596 0.139759
11 0.646635 0.607229 0.125 0.313253
9 0.811298 0.555422 0.161058 0.233735
9 0.330529 0.545783 0.112981 0.142169
6 0.46274 0.418072 0.0600962 0.0843373
11 0.46875 0.603614 0.120192 0.296386
6 0.332933 0.433735 0.0649038 0.0915663
6 0.653846 0.415663 0.0673077 0.0987952
11 0.331731 0.624096 0.115385 0.298795
6 0.16226 0.418072 0.09375 0.108434
9 0.146635 0.560241 0.120192 0.180723
11 0.811298 0.621687 0.165865 0.351807
11 0.146635 0.666265 0.125 0.387952
0 0.325721 0.808434 0.0456731 0.0554217
0 0.430288 0.792771 0.0432692 0.053012
0 0.322115 0.856627 0.0480769 0.0457831
0 0.371394 0.86988 0.0456731 0.053012
0 0.430288 0.877108 0.0432692 0.0626506
0 0.490385 0.877108 0.0480769 0.0626506
0 0.569712 0.895181 0.0769231 0.060241
0 0.645433 0.881928 0.0456731 0.053012
