0 0.419471 0.801205 0.0360577 0.0506024
1 0.542067 0.809639 0.0552885 0.0578313
2 0.330529 0.337349 0.0552885 0.0626506
2 0.397837 0.407229 0.0649038 0.0433735
2 0.550481 0.356627 0.0769231 0.0481928
2 0.625 0.36747 0.0432692 0.0698795
3 0.0444712 0.386747 0.0889423 0.0457831
3 0.893029 0.374699 0.09375 0.0506024
3 0.484375 0.384337 0.0552885 0.0313253
3 0.353365 0.407229 0.0288462 0.0240964
5 0.447115 0.573494 0.0432692 0.053012
5 0.512019 0.601205 0.0480769 0.060241
5 0.626202 0.612048 0.0504808 0.0674699
5 0.853365 0.746988 0.0432692 0.0722892
7 0.0432692 0.39759 0.0865385 0.173494
7 0.284856 0.340964 0.127404 0.180723
7 0.353365 0.398795 0.0336538 0.0795181
7 0.394231 0.392771 0.0865385 0.110843
7 0.481971 0.383133 0.0649038 0.086747
7 0.55649 0.339759 0.0889423 0.13494
7 0.668269 0.349398 0.144231 0.154217
7 0.902644 0.368675 0.112981 0.13012
9 0.03125 0.649398 0.0625 0.359036
9 0.222356 0.6 0.290865 0.472289
9 0.408654 0.563855 0.173077 0.26988
9 0.581731 0.551807 0.182692 0.322892
9 0.769231 0.590361 0.264423 0.404819
9 0.932692 0.591566 0.134615 0.363855
11 0.0324519 0.645783 0.0649038 0.361446
11 0.223558 0.596386 0.298077 0.474699
11 0.405048 0.633735 0.175481 0.414458
11 0.576923 0.60241 0.182692 0.424096
11 0.768029 0.609639 0.262019 0.462651
11 0.935096 0.624096 0.144231 0.453012
