7 0.847356 0.442169 0.0889423 0.122892
7 0.558894 0.43012 0.0793269 0.113253
7 0.447115 0.36747 0.0480769 0.0506024
7 0.364183 0.36506 0.0600962 0.0795181
7 0.294471 0.419277 0.0697115 0.0963855
7 0.0612981 0.420482 0.122596 0.146988
3 0.0853365 0.431325 0.0697115 0.0385542
3 0.366587 0.368675 0.0456731 0.0289157
3 0.558894 0.436145 0.0600962 0.0385542
3 0.829327 0.456627 0.0480769 0.0361446
2 0.295673 0.421687 0.0673077 0.0433735
5 0.248798 0.743374 0.0456731 0.0361446
5 0.186298 0.679518 0.0841346 0.0578313
5 0.862981 0.644578 0.0528846 0.0554217
5 0.387019 0.548193 0.0384615 0.0457831
9 0.103365 0.650602 0.201923 0.318072
9 0.295673 0.555422 0.120192 0.175904
9 0.527644 0.572289 0.112981 0.214458
9 0.842548 0.640964 0.112981 0.26506
9 0.373798 0.508434 0.0841346 0.19759
9 0.427885 0.419277 0.0528846 0.086747
