0 0.305288 0.684337 0.129808 0.053012
5 0.33774 0.545783 0.0552885 0.060241
6 0.741587 0.0831325 0.141827 0.166265
3 0.266827 0.366265 0.105769 0.0385542
9 0.710337 0.415663 0.233173 0.257831
4 0.822115 0.472289 0.0769231 0.0722892
0 0.164663 0.7 0.0745192 0.0409639
9 0.254808 0.527711 0.197115 0.255422
5 0.822115 0.472289 0.0769231 0.0674699
3 0.735577 0.271084 0.129808 0.0409639
5 0.478365 0.26747 0.0769231 0.106024
6 0.736779 0.254217 0.137019 0.171084
6 0.266827 0.354217 0.120192 0.144578
5 0.480769 0.0614458 0.0673077 0.113253
