6 0.225962 0.49759 0.0288462 0.026506
6 0.311298 0.550602 0.03125 0.0361446
6 0.466346 0.633735 0.0384615 0.0337349
6 0.742788 0.607229 0.0432692 0.053012
6 0.840144 0.586747 0.0456731 0.0409639
6 0.375 0.679518 0.0384615 0.0385542
9 0.25601 0.509639 0.0408654 0.0409639
9 0.290865 0.545783 0.0432692 0.0409639
9 0.413462 0.689157 0.0576923 0.053012
9 0.475962 0.691566 0.0480769 0.0722892
9 0.534856 0.680723 0.0697115 0.060241
9 0.754808 0.66747 0.0528846 0.086747
9 0.840144 0.637349 0.0456731 0.0746988
11 0.258413 0.521687 0.0552885 0.0698795
11 0.290865 0.559036 0.0673077 0.0722892
11 0.407452 0.709639 0.0649038 0.0891566
11 0.473558 0.716867 0.0576923 0.13253
11 0.538462 0.70241 0.0817308 0.118072
11 0.757212 0.696386 0.0528846 0.149398
11 0.838942 0.669879 0.0480769 0.139759
