6 0.967548 0.426683 0.0456731 0.0889423
6 0.985577 0.367788 0.0288462 0.158654
6 0.780048 0.405048 0.09375 0.112981
6 0.661058 0.444712 0.0384615 0.0528846
6 0.455529 0.43149 0.0456731 0.0697115
6 0.55649 0.382212 0.0745192 0.105769
6 0.300481 0.373798 0.0865385 0.108173
6 0.147837 0.408654 0.0552885 0.0721154
6 0.365385 0.44351 0.0576923 0.0745192
6 0.109375 0.415865 0.03125 0.0480769
5 0.235577 0.394231 0.0336538 0.0673077
5 0.59976 0.606971 0.0456731 0.0504808
5 0.725962 0.58774 0.0432692 0.0456731
5 0.745192 0.65024 0.0384615 0.0600962
5 0.418269 0.610577 0.0288462 0.0384615
5 0.336538 0.490385 0.0240385 0.0769231
0 0.957933 0.739183 0.0456731 0.0360577
0 0.336538 0.774038 0.0336538 0.0336538
0 0.170673 0.719952 0.0336538 0.03125
0 0.692308 0.667067 0.0288462 0.0360577
