9 0.376202 0.607229 0.0889423 0.173494
8 0.581731 0.568675 0.0432692 0.0771084
3 0.396635 0.489157 0.0384615 0.0289157
11 0.382212 0.726506 0.100962 0.421687
7 0.729567 0.495181 0.0408654 0.0457831
3 0.487981 0.468675 0.0480769 0.0216867
3 0.68149 0.485542 0.0504808 0.0313253
11 0.272837 0.722892 0.108173 0.457831
9 0.0180288 0.613253 0.0360577 0.127711
7 0.0300481 0.525301 0.0504808 0.0674699
11 0.49399 0.708434 0.127404 0.433735
5 0.206731 0.718072 0.0384615 0.053012
5 0.786058 0.487952 0.0384615 0.060241
7 0.373798 0.493976 0.0697115 0.0771084
5 0.336538 0.677108 0.0384615 0.0578313
5 0.403846 0.672289 0.0384615 0.0433735
7 0.680288 0.485542 0.0528846 0.0650602
5 0.560096 0.645783 0.0288462 0.053012
11 0.703125 0.751807 0.122596 0.457831
7 0.485577 0.468675 0.0528846 0.0650602
9 0.703125 0.601205 0.117788 0.161446
9 0.496394 0.572289 0.117788 0.142169
11 0.126202 0.731325 0.165865 0.484337
9 0.266827 0.580723 0.0961538 0.163855
7 0.27524 0.460241 0.0745192 0.0819277
7 0.138221 0.440964 0.103365 0.106024
9 0.127404 0.591566 0.168269 0.2
