6 0.19351 0.420482 0.09375 0.122892
6 0.360577 0.420482 0.0913462 0.103614
6 0.510817 0.401205 0.0600962 0.0939759
6 0.626202 0.409639 0.09375 0.125301
6 0.730769 0.422892 0.100962 0.103614
3 0.620192 0.410843 0.0480769 0.0409639
9 0.609375 0.561446 0.127404 0.178313
9 0.777644 0.585542 0.127404 0.221687
9 0.38101 0.571084 0.127404 0.19759
9 0.501202 0.519277 0.0793269 0.127711
9 0.141827 0.584337 0.125 0.238554
9 0.235577 0.553012 0.0769231 0.161446
11 0.373798 0.650602 0.112981 0.361446
11 0.606971 0.677108 0.122596 0.433735
11 0.496394 0.609639 0.0889423 0.337349
11 0.78726 0.678313 0.122596 0.455422
11 0.141827 0.679518 0.134615 0.424096
