0 0.877404 0.796875 0.0625 0.0408654
0 0.701923 0.776442 0.0384615 0.0817308
0 0.652644 0.784856 0.0600962 0.0889423
0 0.378606 0.780048 0.0552885 0.0889423
0 0.31851 0.78125 0.0504808 0.0865385
0 0.116587 0.776442 0.03125 0.0576923
0 0.0516827 0.697115 0.0264423 0.0336538
4 0.364183 0.40024 0.0360577 0.0504808
4 0.397837 0.50601 0.0504808 0.0408654
4 0.637019 0.653846 0.0432692 0.0576923
4 0.875 0.663462 0.0384615 0.0336538
4 0.0757212 0.519231 0.03125 0.0480769
6 0.0504808 0.457933 0.0432692 0.0552885
6 0.147837 0.445913 0.0600962 0.0600962
6 0.155048 0.473558 0.0456731 0.0625
6 0.185096 0.479567 0.0240385 0.0552885
6 0.332933 0.44351 0.0504808 0.0600962
6 0.669471 0.473558 0.0600962 0.0769231
6 0.896635 0.486779 0.0576923 0.0745192
9 0.0625 0.524038 0.0625 0.105769
9 0.15024 0.569712 0.103365 0.153846
9 0.328125 0.544471 0.0793269 0.132212
9 0.682692 0.572115 0.0769231 0.163462
9 0.907452 0.604567 0.0793269 0.161058
11 0.0709135 0.581731 0.0793269 0.221154
11 0.15625 0.602163 0.125 0.257212
11 0.334135 0.617788 0.0913462 0.283654
11 0.679087 0.626202 0.09375 0.28125
11 0.908654 0.659856 0.0865385 0.271635
