0 0.469952 0.809639 0.0408654 0.0481928
11 0.377404 0.562651 0.115385 0.291566
0 0.419471 0.753012 0.0600962 0.0361446
5 0.513221 0.66747 0.0552885 0.0385542
5 0.629808 0.583133 0.0432692 0.0385542
2 0.575721 0.4 0.0649038 0.0337349
9 0.290865 0.487952 0.0673077 0.146988
3 0.830529 0.477108 0.0985577 0.0433735
0 0.360577 0.751807 0.0480769 0.0385542
9 0.576923 0.525301 0.120192 0.178313
9 0.471154 0.539759 0.0865385 0.163855
6 0.299279 0.391566 0.0456731 0.0554217
6 0.733173 0.425301 0.0432692 0.0554217
9 0.378606 0.50241 0.103365 0.156627
6 0.361779 0.383133 0.0697115 0.0819277
6 0.477163 0.416867 0.0745192 0.086747
9 0.6875 0.589157 0.163462 0.2
6 0.578125 0.385542 0.0841346 0.101205
6 0.68149 0.444578 0.09375 0.108434
9 0.875 0.616867 0.158654 0.192771
6 0.838942 0.454217 0.129808 0.137349
0 0.445913 0.786747 0.0456731 0.0313253
3 0.46875 0.427711 0.0480769 0.026506
