0 0.176683 0.710843 0.0745192 0.0674699
0 0.929087 0.662651 0.0697115 0.053012
4 0.813702 0.660241 0.0504808 0.053012
5 0.394231 0.208434 0.0336538 0.026506
6 0.204327 0.437349 0.0721154 0.0891566
6 0.358173 0.408434 0.0528846 0.0795181
6 0.846154 0.444578 0.0961538 0.103614
9 0.121394 0.479518 0.122596 0.106024
9 0.266827 0.424096 0.0865385 0.0915663
9 0.408654 0.2 0.0913462 0.13494
9 0.926683 0.512048 0.146635 0.122892
11 0.133413 0.536145 0.132212 0.262651
11 0.271635 0.456627 0.105769 0.156627
11 0.402644 0.257831 0.103365 0.279518
11 0.919471 0.551807 0.161058 0.20241
