9 0.0216346 0.453012 0.0432692 0.053012
5 0.6875 0.571084 0.0432692 0.0385542
9 0.191106 0.586747 0.137019 0.195181
3 0.21875 0.449398 0.0673077 0.026506
6 0.219952 0.448193 0.0745192 0.0915663
3 0.473558 0.439759 0.0528846 0.026506
7 0.219952 0.446988 0.0745192 0.0891566
3 0.418269 0.480723 0.0480769 0.0361446
7 0.472356 0.433735 0.0649038 0.0963855
3 0.685096 0.478313 0.0673077 0.0313253
5 0.524038 0.563855 0.0432692 0.053012
7 0.685096 0.477108 0.0721154 0.086747
7 0.395433 0.456627 0.103365 0.146988
7 0.015625 0.410843 0.0264423 0.0313253
9 0.295673 0.650602 0.274038 0.361446
