4 0.68149 0.558894 0.0360577 0.0360577
6 0.569712 0.498798 0.0625 0.0649038
9 0.56851 0.498798 0.0600962 0.0649038
10 0.739183 0.605769 0.137019 0.274038
5 0.557692 0.444712 0.0336538 0.0528846
2 0.771635 0.455529 0.0721154 0.03125
5 0.682692 0.558894 0.0384615 0.0408654
6 0.182692 0.508413 0.0528846 0.0504808
10 0.536058 0.634615 0.0961538 0.216346
11 0.737981 0.606971 0.139423 0.276442
9 0.533654 0.586538 0.0961538 0.125
9 0.739183 0.551683 0.137019 0.161058
6 0.771635 0.441106 0.0769231 0.09375
9 0.173077 0.58774 0.0721154 0.117788
4 0.725962 0.563702 0.0480769 0.0456731
4 0.25 0.546875 0.0384615 0.0600962
4 0.469952 0.570913 0.0456731 0.0504808
