6 0.197115 0.249398 0.153846 0.171084
6 0.336538 0.350602 0.0961538 0.0939759
6 0.652644 0.322892 0.0985577 0.144578
6 0.771635 0.284337 0.134615 0.154217
5 0.335337 0.640964 0.0360577 0.0433735
5 0.298077 0.642169 0.0432692 0.0457831
5 0.515625 0.433735 0.0456731 0.053012
5 0.625 0.513253 0.0817308 0.0337349
5 0.840144 0.704819 0.0600962 0.0795181
5 0.838942 0.960241 0.0576923 0.0650602
2 0.230769 0.253012 0.0576923 0.0385542
2 0.34375 0.345783 0.0625 0.0313253
2 0.645433 0.322892 0.0745192 0.0385542
2 0.739183 0.292771 0.0504808 0.0313253
9 0.180288 0.474699 0.177885 0.313253
9 0.316106 0.542169 0.127404 0.260241
9 0.621394 0.479518 0.141827 0.221687
9 0.78726 0.509639 0.15625 0.320482
11 0.146635 0.580723 0.245192 0.53494
11 0.317308 0.619277 0.134615 0.433735
11 0.627404 0.603614 0.192308 0.46988
11 0.816106 0.59759 0.21875 0.520482
5 0.699519 0.66747 0.0240385 0.0626506
