6 0.610577 0.0987952 0.110577 0.125301
4 0.610577 0.512048 0.0576923 0.060241
5 0.0889423 0.692771 0.0480769 0.0795181
6 0.364183 0.378313 0.0264423 0.0385542
9 0.348558 0.424096 0.0432692 0.0626506
4 0.0901442 0.692771 0.0504808 0.0795181
10 0.545673 0.53494 0.115385 0.212048
0 0.772837 0.773494 0.112981 0.0771084
0 0.71875 0.762651 0.0961538 0.060241
6 0.614183 0.245783 0.117788 0.149398
9 0.730769 0.374699 0.25 0.214458
9 0.078125 0.571084 0.127404 0.19759
6 0.53125 0.398795 0.0769231 0.0843373
6 0.0805288 0.425301 0.0889423 0.0987952
11 0.742788 0.493976 0.254808 0.457831
11 0.0925481 0.653012 0.15625 0.371084
4 0.0877404 0.96747 0.0456731 0.0650602
4 0.823317 0.490361 0.0649038 0.0891566
4 0.432692 0.531325 0.0336538 0.0409639
4 0.451923 0.43253 0.0480769 0.0554217
0 0.71274 0.891566 0.09375 0.0722892
0 0.78125 0.886747 0.0961538 0.0819277
