0 0.438702 0.656627 0.03125 0.0361446
2 0.390625 0.33253 0.0360577 0.0192771
5 0.557692 0.540964 0.0288462 0.0409639
0 0.359375 0.661446 0.0408654 0.0457831
0 0.798077 0.672289 0.0480769 0.0481928
9 0.402644 0.421687 0.0889423 0.13012
2 0.784856 0.328916 0.0504808 0.0216867
2 0.653846 0.327711 0.0480769 0.0240964
0 0.949519 0.76988 0.0480769 0.0457831
5 0.739183 0.555422 0.0360577 0.0457831
0 0.701923 0.76988 0.0528846 0.0506024
0 0.538462 0.709639 0.0384615 0.0409639
11 0.40024 0.498795 0.0889423 0.284337
11 0.801683 0.5 0.0889423 0.286747
5 0.611779 0.542169 0.0264423 0.0433735
0 0.61899 0.737349 0.0793269 0.0433735
0 0.90024 0.718072 0.0649038 0.0481928
0 0.459135 0.689157 0.0576923 0.0433735
9 0.510817 0.439759 0.117788 0.13253
9 0.950721 0.477108 0.0985577 0.168675
6 0.78726 0.322892 0.0697115 0.0722892
11 0.945913 0.557831 0.103365 0.33494
6 0.971154 0.351807 0.0576923 0.106024
6 0.396635 0.325301 0.0625 0.0819277
11 0.512019 0.525301 0.115385 0.313253
6 0.671875 0.316867 0.09375 0.0987952
9 0.804087 0.438554 0.0889423 0.159036
6 0.508413 0.336145 0.0745192 0.0843373
9 0.691106 0.448193 0.122596 0.173494
11 0.6875 0.549398 0.129808 0.375904
