0 0.362981 0.731971 0.0480769 0.03125
0 0.305288 0.746394 0.0288462 0.0360577
0 0.514423 0.747596 0.0576923 0.0384615
0 0.558894 0.763221 0.03125 0.0360577
0 0.475962 0.658654 0.0288462 0.0336538
0 0.627404 0.810096 0.0673077 0.0384615
1 0.793269 0.734375 0.0432692 0.03125
1 0.824519 0.742788 0.0384615 0.0288462
5 0.668269 0.628606 0.0384615 0.0360577
5 0.780048 0.53125 0.0360577 0.0288462
5 0.441106 0.554087 0.0360577 0.0360577
7 0.354567 0.447115 0.0504808 0.0528846
7 0.438702 0.472356 0.0408654 0.0456731
7 0.548077 0.450721 0.0625 0.0697115
7 0.63101 0.441106 0.0649038 0.0745192
7 0.802885 0.489183 0.0480769 0.0600962
9 0.338942 0.540865 0.100962 0.134615
9 0.441106 0.515625 0.0697115 0.0552885
9 0.538462 0.552885 0.0913462 0.158654
9 0.644231 0.545673 0.115385 0.144231
9 0.810096 0.554087 0.0673077 0.09375
11 0.326923 0.584135 0.0913462 0.211538
11 0.44351 0.55649 0.0697115 0.132212
11 0.542067 0.598558 0.0889423 0.240385
11 0.638221 0.602163 0.0985577 0.266827
11 0.810096 0.609375 0.0817308 0.189904
