7 0.651442 0.463855 0.0480769 0.0506024
6 0.769231 0.350602 0.0384615 0.0506024
9 0.679087 0.478313 0.103365 0.0891566
0 0.319712 0.577108 0.0384615 0.0313253
5 0.300481 0.428916 0.0192308 0.0337349
6 0.355769 0.286747 0.0528846 0.0578313
5 0.355769 0.436145 0.0240385 0.0385542
10 0.78726 0.454217 0.0745192 0.175904
0 0.350962 0.581928 0.0480769 0.0313253
6 0.543269 0.436145 0.0432692 0.0481928
9 0.34976 0.371084 0.0697115 0.106024
9 0.786058 0.409639 0.0721154 0.086747
11 0.350962 0.438554 0.0721154 0.240964
4 0.688702 0.553012 0.03125 0.0457831
4 0.653846 0.560241 0.0288462 0.0409639
4 0.84976 0.43012 0.0216346 0.0216867
4 0.513221 0.528916 0.03125 0.026506
4 0.551683 0.537349 0.0264423 0.0337349
10 0.680288 0.501205 0.100962 0.13494
10 0.545673 0.477108 0.0865385 0.0819277
