5 0.585337 0.453012 0.0456731 0.0385542
3 0.326923 0.428916 0.0384615 0.0192771
0 0.335337 0.980723 0.0649038 0.0385542
9 0.170673 0.578313 0.144231 0.207229
2 0.328125 0.428916 0.0360577 0.0192771
5 0.627404 0.655422 0.0336538 0.0481928
5 0.882212 0.43494 0.0480769 0.0506024
5 0.370192 0.585542 0.0384615 0.0385542
5 0.334135 0.607229 0.0384615 0.0385542
9 0.307692 0.559036 0.115385 0.178313
2 0.695913 0.379518 0.0504808 0.0313253
11 0.305288 0.654217 0.110577 0.368675
9 0.739183 0.539759 0.15625 0.231325
6 0.709135 0.372289 0.0961538 0.113253
6 0.540865 0.396386 0.0817308 0.0939759
11 0.170673 0.687952 0.139423 0.416867
6 0.313702 0.424096 0.0793269 0.0915663
6 0.19351 0.418072 0.0985577 0.118072
9 0.555288 0.548193 0.139423 0.214458
11 0.737981 0.613253 0.158654 0.359036
11 0.558894 0.620482 0.146635 0.363855
