6 0.121394 0.401205 0.0504808 0.0554217
6 0.402644 0.410843 0.0552885 0.0698795
6 0.5625 0.355422 0.0673077 0.0843373
6 0.674279 0.391566 0.108173 0.127711
6 0.844952 0.408434 0.0889423 0.103614
6 0.9375 0.342169 0.0625 0.0722892
4 0.0793269 0.427711 0.0673077 0.0506024
4 0.545673 0.481928 0.0384615 0.0481928
4 0.597356 0.53494 0.0408654 0.0626506
4 0.68149 0.669879 0.0456731 0.0481928
4 0.80649 0.622892 0.0456731 0.0554217
5 0.913462 0.591566 0.0384615 0.0554217
9 0.766827 0.528916 0.134615 0.146988
9 0.594952 0.455422 0.0504808 0.110843
9 0.450721 0.468675 0.0793269 0.103614
9 0.161058 0.445783 0.0673077 0.0819277
9 0.91226 0.507229 0.122596 0.146988
11 0.594952 0.513253 0.0600962 0.240964
