11 0.449519 0.608173 0.139423 0.418269
3 0.671875 0.335337 0.0360577 0.0456731
5 0.439904 0.453125 0.0336538 0.0456731
4 0.438702 0.454327 0.0360577 0.0432692
7 0.673077 0.33774 0.0384615 0.0504808
2 0.670673 0.340144 0.0384615 0.0408654
3 0.540865 0.360577 0.0576923 0.0240385
9 0.576923 0.504808 0.115385 0.230769
9 0.747596 0.674279 0.192308 0.34375
9 0.451923 0.475962 0.139423 0.158654
5 0.407452 0.542067 0.0360577 0.0456731
7 0.704327 0.335337 0.105769 0.117788
3 0.454327 0.367788 0.0625 0.0240385
7 0.772837 0.40625 0.151442 0.173077
7 0.549279 0.356971 0.0745192 0.0841346
7 0.455529 0.364183 0.0649038 0.0793269
