9 0.817308 0.429087 0.177885 0.15625
5 0.176683 0.502404 0.117788 0.105769
9 0.754808 0.695913 0.278846 0.608173
9 0.820913 0.53125 0.185096 0.370192
9 0.425481 0.736779 0.322115 0.478365
3 0.520433 0.466346 0.165865 0.0673077
8 0.751202 0.586538 0.276442 0.326923
9 0.421875 0.746394 0.338942 0.492788
4 0.364183 0.574519 0.0985577 0.0865385
3 0.825721 0.296875 0.117788 0.0456731
3 0.665865 0.384615 0.129808 0.0528846
11 0.758413 0.697115 0.28125 0.605769
6 0.665865 0.383413 0.129808 0.146635
6 0.825721 0.28726 0.117788 0.15625
6 0.520433 0.453125 0.170673 0.21875
