6 0.699519 0.442169 0.0336538 0.0361446
6 0.643029 0.461446 0.03125 0.0313253
6 0.592548 0.383133 0.03125 0.0240964
6 0.512019 0.326506 0.0384615 0.026506
6 0.25601 0.212048 0.03125 0.0240964
6 0.102163 0.190361 0.0360577 0.0240964
6 0.0492788 0.191566 0.0360577 0.026506
9 0.105769 0.221687 0.0480769 0.053012
9 0.584135 0.456627 0.0817308 0.0506024
9 0.539663 0.418072 0.0504808 0.0457831
9 0.6875 0.421687 0.0576923 0.0385542
8 0.0396635 0.23012 0.0456731 0.0506024
8 0.503606 0.36506 0.0456731 0.0506024
9 0.245192 0.239759 0.0336538 0.0457831
10 0.241587 0.255422 0.0360577 0.0722892
10 0.542067 0.427711 0.0552885 0.0843373
10 0.584135 0.478313 0.0673077 0.0795181
11 0.0420673 0.259036 0.0456731 0.113253
11 0.110577 0.250602 0.0673077 0.110843
11 0.50601 0.396386 0.0600962 0.127711
11 0.683894 0.437349 0.0600962 0.0795181
