6 0.471154 0.386747 0.0480769 0.0698795
3 0.472356 0.386747 0.0408654 0.026506
11 0.579327 0.615663 0.105769 0.325301
6 0.418269 0.395181 0.0625 0.0915663
7 0.258413 0.385542 0.0360577 0.0722892
0 0.802885 0.745783 0.0576923 0.0361446
7 0.222356 0.385542 0.0456731 0.0771084
9 0.230769 0.483133 0.120192 0.161446
0 0.479567 0.79759 0.0552885 0.0433735
7 0.580529 0.431325 0.0600962 0.0626506
7 0.471154 0.386747 0.0480769 0.0698795
3 0.698317 0.36506 0.0504808 0.0216867
5 0.258413 0.463855 0.0456731 0.0409639
3 0.581731 0.43012 0.0528846 0.0216867
5 0.855769 0.533735 0.0480769 0.0457831
0 0.741587 0.778313 0.0552885 0.0385542
11 0.408654 0.655422 0.139423 0.462651
7 0.418269 0.393976 0.0625 0.0891566
0 0.679087 0.76506 0.0552885 0.0313253
11 0.864183 0.566265 0.117788 0.327711
7 0.122596 0.36747 0.0961538 0.0987952
5 0.228365 0.650602 0.0480769 0.0578313
0 0.873798 0.744578 0.0456731 0.0433735
9 0.578125 0.540964 0.108173 0.175904
7 0.872596 0.373494 0.0625 0.0674699
9 0.112981 0.578313 0.144231 0.327711
9 0.405048 0.554217 0.151442 0.245783
7 0.700721 0.36506 0.0552885 0.0650602
9 0.865385 0.484337 0.120192 0.163855
11 0.706731 0.578313 0.125 0.371084
9 0.703125 0.498795 0.122596 0.20241
11 0.112981 0.654217 0.153846 0.484337
0 0.876202 0.924096 0.0408654 0.0457831
0 0.811298 0.928916 0.0408654 0.0506024
0 0.745192 0.893976 0.0528846 0.0433735
0 0.682692 0.907229 0.0528846 0.0457831
