1 0.103365 0.808434 0.0817308 0.0457831
1 0.183894 0.710843 0.0504808 0.0385542
1 0.21274 0.690361 0.0360577 0.0361446
1 0.265625 0.757831 0.0408654 0.0506024
1 0.329327 0.754217 0.0432692 0.0433735
1 0.375 0.655422 0.0336538 0.0240964
1 0.394231 0.66506 0.0288462 0.0240964
1 0.451923 0.737349 0.0480769 0.0337349
1 0.510817 0.744578 0.0504808 0.0337349
1 0.5625 0.789157 0.0625 0.0361446
3 0.0360577 0.413253 0.0576923 0.026506
3 0.0985577 0.431325 0.0432692 0.0240964
3 0.144231 0.426506 0.0432692 0.0240964
3 0.277644 0.421687 0.0408654 0.0240964
3 0.478365 0.440964 0.0384615 0.0240964
3 0.598558 0.412048 0.0576923 0.0240964
5 0.0132212 0.646988 0.0264423 0.0698795
5 0.13101 0.618072 0.0264423 0.0361446
5 0.15625 0.603614 0.0240385 0.0361446
5 0.161058 0.561446 0.0288462 0.0240964
5 0.235577 0.596386 0.0240385 0.0361446
5 0.344952 0.596386 0.0360577 0.0457831
5 0.415865 0.553012 0.0240385 0.026506
5 0.472356 0.572289 0.0552885 0.0409639
5 0.59375 0.593976 0.0528846 0.0457831
5 0.706731 0.56747 0.0336538 0.0409639
6 0.0120192 0.438554 0.0240385 0.0626506
6 0.0420673 0.413253 0.0504808 0.0891566
6 0.0973558 0.428916 0.0360577 0.0722892
6 0.146635 0.427711 0.0432692 0.0650602
6 0.237981 0.436145 0.0480769 0.0481928
6 0.282452 0.420482 0.0456731 0.0650602
6 0.373798 0.43494 0.0360577 0.060241
6 0.546875 0.444578 0.0264423 0.0457831
6 0.602163 0.418072 0.0600962 0.0843373
6 0.668269 0.440964 0.0384615 0.0578313
6 0.854567 0.319277 0.137019 0.171084
5 0.78125 0.446988 0.0384615 0.0554217
8 0.0528846 0.526506 0.105769 0.142169
8 0.15024 0.498795 0.0552885 0.0963855
8 0.284856 0.509639 0.0889423 0.103614
8 0.382212 0.49759 0.0528846 0.0843373
8 0.478365 0.512048 0.0769231 0.108434
8 0.540865 0.491566 0.0336538 0.0674699
8 0.602163 0.514458 0.103365 0.127711
8 0.673077 0.504819 0.0528846 0.0939759
8 0.873798 0.580723 0.204327 0.4
9 0.216346 0.504819 0.0528846 0.0987952
11 0.0625 0.644578 0.125 0.373494
11 0.155048 0.575904 0.0649038 0.255422
11 0.21875 0.56988 0.0576923 0.233735
11 0.288462 0.596386 0.105769 0.286747
11 0.384615 0.553012 0.0673077 0.195181
11 0.477163 0.587952 0.0985577 0.260241
11 0.536058 0.537349 0.0336538 0.168675
11 0.602163 0.621687 0.103365 0.356627
11 0.685096 0.561446 0.0576923 0.221687
11 0.871394 0.606024 0.209135 0.450602
1 0.6875 0.680723 0.0288462 0.0409639
