9 0.992771 0.572115 0.0144578 0.0721154
0 0.560241 0.284856 0.0216867 0.03125
0 0.56747 0.834135 0.0650602 0.0336538
11 0.393976 0.52524 0.0939759 0.223558
9 0.531325 0.165865 0.0795181 0.110577
11 0.533735 0.195913 0.0939759 0.170673
0 0.428916 0.658654 0.053012 0.0384615
7 0.180723 0.585337 0.0289157 0.0600962
6 0.513253 0.102163 0.0481928 0.0456731
5 0.668675 0.659856 0.026506 0.0264423
9 0.390361 0.477163 0.0674699 0.108173
9 0.645783 0.569712 0.0674699 0.110577
6 0.492771 0.527644 0.0554217 0.0552885
6 0.374699 0.399038 0.0506024 0.0528846
11 0.519277 0.683894 0.0939759 0.266827
6 0.59759 0.504808 0.0578313 0.0625
9 0.513253 0.609375 0.0819277 0.108173
4 0.227711 0.686298 0.0409639 0.0216346
0 0.487952 0.842548 0.060241 0.0264423
