6 0.0588942 0.391566 0.0841346 0.113253
6 0.248798 0.409639 0.103365 0.13012
6 0.492788 0.422892 0.0528846 0.118072
6 0.677885 0.462651 0.0961538 0.101205
6 0.805288 0.418072 0.120192 0.142169
6 0.956731 0.43494 0.0865385 0.122892
7 0.144231 0.408434 0.0961538 0.151807
7 0.432692 0.416867 0.0961538 0.139759
2 0.663462 0.46988 0.0528846 0.0337349
2 0.439904 0.419277 0.0817308 0.0385542
3 0.169471 0.391566 0.0504808 0.0361446
3 0.77524 0.416867 0.0456731 0.0289157
9 0.424279 0.610843 0.194712 0.228916
9 0.252404 0.613253 0.125 0.243373
9 0.109375 0.625301 0.151442 0.228916
9 0.668269 0.621687 0.125 0.212048
9 0.822115 0.610843 0.168269 0.219277
11 0.418269 0.715663 0.192308 0.457831
11 0.670673 0.704819 0.120192 0.383133
11 0.816106 0.718072 0.165865 0.428916
11 0.247596 0.703614 0.120192 0.424096
11 0.105769 0.728916 0.144231 0.445783
