6 0.157452 0.228916 0.0408654 0.053012
9 0.576923 0.484337 0.0384615 0.0626506
9 0.0745192 0.320482 0.105769 0.0963855
3 0.901442 0.360241 0.163462 0.060241
9 0.222356 0.346988 0.0649038 0.086747
3 0.643029 0.527711 0.0745192 0.0385542
3 0.862981 0.363855 0.0865385 0.0481928
4 0.600962 0.651807 0.0817308 0.0843373
6 0.0384615 0.260241 0.0480769 0.053012
5 0.811298 0.736145 0.0985577 0.0939759
9 0.424279 0.503614 0.0552885 0.086747
6 0.326923 0.445783 0.0384615 0.0337349
9 0.483173 0.510843 0.0673077 0.106024
4 0.590144 0.70241 0.0649038 0.0409639
6 0.582933 0.444578 0.0408654 0.0409639
9 0.919471 0.560241 0.161058 0.257831
9 0.75601 0.598795 0.213942 0.171084
6 0.419471 0.445783 0.0408654 0.0433735
6 0.25601 0.293976 0.0456731 0.0626506
6 0.504808 0.449398 0.0432692 0.0457831
6 0.90024 0.351807 0.170673 0.19759
6 0.653846 0.514458 0.115385 0.127711
