3 0.861779 0.293976 0.0793269 0.0963855
4 0.421875 0.443374 0.0360577 0.0337349
4 0.169471 0.726506 0.0504808 0.0650602
4 0.486779 0.437349 0.0408654 0.0313253
5 0.728365 0.527711 0.0240385 0.0289157
6 0.876202 0.298795 0.247596 0.231325
6 0.737981 0.426506 0.0576923 0.0578313
7 0.331731 0.466265 0.0769231 0.0795181
7 0.447115 0.416867 0.0625 0.0674699
7 0.792067 0.393976 0.0649038 0.0554217
9 0.295673 0.601205 0.177885 0.228916
9 0.427885 0.526506 0.120192 0.190361
9 0.711538 0.495181 0.110577 0.137349
9 0.816106 0.490361 0.0985577 0.171084
9 0.966346 0.610843 0.0673077 0.445783
11 0.292067 0.661446 0.185096 0.349398
11 0.430288 0.575904 0.129808 0.279518
11 0.711538 0.560241 0.110577 0.26747
11 0.813702 0.539759 0.108173 0.26506
11 0.96274 0.612048 0.0745192 0.457831
