6 0.758413 0.409639 0.0360577 0.0289157
6 0.948317 0.637349 0.0552885 0.0506024
6 0.563702 0.620482 0.0408654 0.0506024
6 0.362981 0.486747 0.0384615 0.0433735
6 0.490385 0.418072 0.0240385 0.0361446
6 0.522837 0.428916 0.0264423 0.0289157
6 0.246394 0.471084 0.03125 0.0313253
6 0.133413 0.589157 0.0456731 0.0313253
6 0.0721154 0.489157 0.0288462 0.0289157
6 0.102163 0.426506 0.0264423 0.0385542
6 0.134615 0.403614 0.0336538 0.0361446
6 0.188702 0.384337 0.03125 0.0361446
7 0.15625 0.612048 0.0480769 0.0481928
9 0.96274 0.710843 0.0745192 0.110843
9 0.555288 0.674699 0.0865385 0.0915663
5 0.596154 0.731325 0.0288462 0.0361446
5 0.375 0.606024 0.0240385 0.0313253
9 0.396635 0.560241 0.0625 0.0409639
9 0.361779 0.525301 0.0600962 0.0674699
9 0.24399 0.503614 0.0600962 0.0578313
9 0.153846 0.678313 0.0673077 0.0843373
9 0.0745192 0.53494 0.0576923 0.0626506
9 0.108173 0.455422 0.0432692 0.0481928
9 0.134615 0.436145 0.0336538 0.0578313
9 0.191106 0.40241 0.03125 0.0481928
9 0.486779 0.436145 0.03125 0.0337349
9 0.740385 0.436145 0.0625 0.053012
11 0.96274 0.743374 0.0745192 0.180723
11 0.555288 0.728916 0.105769 0.175904
11 0.393029 0.593976 0.0600962 0.127711
11 0.356971 0.556626 0.0504808 0.13012
11 0.16226 0.720482 0.0745192 0.168675
11 0.078125 0.560241 0.0697115 0.122892
11 0.25 0.537349 0.0480769 0.13012
11 0.194712 0.425301 0.0336538 0.0891566
11 0.103365 0.479518 0.0432692 0.101205
11 0.143029 0.468675 0.0408654 0.0746988
