0 0.329327 0.792067 0.0384615 0.0360577
0 0.393029 0.789663 0.0360577 0.0360577
0 0.484375 0.776442 0.03125 0.0336538
0 0.524038 0.741587 0.0288462 0.0360577
0 0.623798 0.741587 0.0264423 0.03125
0 0.122596 0.709135 0.0240385 0.0288462
1 0.141827 0.808894 0.0336538 0.03125
1 0.239183 0.753606 0.0360577 0.03125
1 0.21875 0.71875 0.0288462 0.0288462
3 0.146635 0.478365 0.0432692 0.0240385
3 0.390625 0.447115 0.0456731 0.0240385
3 0.504808 0.439904 0.0384615 0.0240385
3 0.66226 0.450721 0.03125 0.0264423
5 0.200721 0.641827 0.0264423 0.0240385
5 0.152644 0.50601 0.0360577 0.0408654
5 0.262019 0.594952 0.0288462 0.0264423
5 0.317308 0.626202 0.0288462 0.0264423
5 0.460337 0.61899 0.03125 0.03125
5 0.5625 0.610577 0.0336538 0.0288462
5 0.669471 0.533654 0.03125 0.0240385
5 0.697115 0.53125 0.0240385 0.0288462
6 0.236779 0.47476 0.0552885 0.0600962
6 0.316106 0.461538 0.0456731 0.0528846
6 0.383413 0.445913 0.0745192 0.0745192
6 0.504808 0.44351 0.0576923 0.0649038
6 0.94351 0.473558 0.0552885 0.0576923
7 0.146635 0.483173 0.0673077 0.0625
7 0.652644 0.454327 0.0504808 0.0528846
7 0.840144 0.463942 0.0600962 0.0576923
9 0.147837 0.578125 0.112981 0.117788
9 0.239183 0.555288 0.0841346 0.105769
9 0.377404 0.539663 0.115385 0.117788
9 0.508413 0.530048 0.103365 0.117788
9 0.653846 0.534856 0.0961538 0.117788
9 0.846154 0.551683 0.0769231 0.122596
9 0.736779 0.532452 0.0456731 0.0841346
11 0.147837 0.661058 0.117788 0.283654
11 0.234375 0.605769 0.0745192 0.216346
11 0.372596 0.615385 0.110577 0.269231
11 0.50601 0.58774 0.117788 0.233173
11 0.65024 0.602163 0.0889423 0.252404
11 0.842548 0.603365 0.0793269 0.235577
11 0.950721 0.614183 0.0985577 0.237981
9 0.948317 0.55649 0.0985577 0.117788
