6 0.469952 0.439904 0.0360577 0.0480769
6 0.543269 0.433894 0.0336538 0.0456731
6 0.598558 0.408654 0.0625 0.0865385
6 0.653846 0.413462 0.0384615 0.0528846
6 0.735577 0.389423 0.0817308 0.100962
6 0.804087 0.43149 0.0408654 0.0552885
6 0.850962 0.433894 0.0576923 0.0793269
6 0.907452 0.447115 0.0745192 0.0865385
6 0.264423 0.417067 0.0721154 0.0841346
6 0.0733173 0.444712 0.0745192 0.0913462
5 0.133413 0.652644 0.0408654 0.0360577
5 0.590144 0.570913 0.0360577 0.0408654
5 0.71274 0.617788 0.0504808 0.0528846
0 0.171875 0.850962 0.0360577 0.0432692
0 0.265625 0.856971 0.0552885 0.0360577
0 0.316106 0.840144 0.0264423 0.0408654
0 0.576923 0.828125 0.0480769 0.0456731
0 0.65625 0.78125 0.0288462 0.0480769
0 0.893029 0.817308 0.0456731 0.0336538
0 0.861779 0.766827 0.03125 0.0384615
9 0.0769231 0.584135 0.110577 0.177885
9 0.265625 0.544471 0.108173 0.15625
9 0.733173 0.548077 0.120192 0.201923
9 0.908654 0.567308 0.100962 0.153846
9 0.471154 0.5 0.0384615 0.0673077
9 0.604567 0.539663 0.108173 0.175481
11 0.0973558 0.661058 0.15625 0.331731
11 0.27524 0.629808 0.132212 0.331731
11 0.605769 0.615385 0.115385 0.331731
11 0.740385 0.620192 0.139423 0.350962
11 0.917067 0.652644 0.127404 0.334135
