0 0.586538 0.81851 0.0625 0.0552885
0 0.671875 0.84375 0.09375 0.0576923
4 0.496394 0.441106 0.0456731 0.0408654
4 0.204327 0.478365 0.0288462 0.0576923
5 0.50601 0.419471 0.0552885 0.0504808
5 0.902644 0.61899 0.0504808 0.0456731
5 0.644231 0.582933 0.0576923 0.0600962
6 0.430288 0.385817 0.0673077 0.103365
6 0.55649 0.569712 0.0889423 0.100962
6 0.78726 0.425481 0.0745192 0.100962
7 0.356971 0.326923 0.0793269 0.0961538
9 0.270433 0.413462 0.108173 0.168269
9 0.382212 0.501202 0.100962 0.165865
9 0.74399 0.548077 0.112981 0.149038
9 0.528846 0.645433 0.129808 0.09375
