6 0.245192 0.416867 0.0817308 0.0915663
6 0.308894 0.463855 0.0408654 0.060241
6 0.441106 0.385542 0.0456731 0.0626506
6 0.538462 0.392771 0.0576923 0.0819277
6 0.710337 0.237349 0.117788 0.113253
6 0.688702 0.315663 0.0745192 0.0819277
6 0.711538 0.0891566 0.125 0.110843
6 0.6875 0.0240964 0.0817308 0.0481928
4 0.0625 0.477108 0.0480769 0.0433735
4 0.231971 0.56506 0.0360577 0.0409639
4 0.742788 0.525301 0.0528846 0.0481928
4 0.832933 0.489157 0.0600962 0.053012
4 0.448317 0.453012 0.0360577 0.0385542
4 0.512019 0.508434 0.0336538 0.0481928
9 0.598558 0.453012 0.0961538 0.0963855
9 0.838942 0.372289 0.177885 0.209639
9 0.15024 0.463855 0.112981 0.146988
0 0.207933 0.679518 0.0745192 0.120482
0 0.0420673 0.715663 0.0697115 0.13494
0 0.0480769 0.936145 0.0625 0.127711
0 0.206731 0.956627 0.0817308 0.0626506
