0 0.492771 0.758413 0.0554217 0.0264423
0 0.436145 0.762019 0.0289157 0.0288462
6 0.451807 0.370192 0.060241 0.0769231
6 0.359036 0.361779 0.0626506 0.0841346
5 0.533735 0.564904 0.026506 0.0432692
8 0.455422 0.49399 0.0915663 0.137019
5 0.344578 0.456731 0.0385542 0.0384615
4 0.391566 0.578125 0.0313253 0.0456731
8 0.33494 0.473558 0.101205 0.158654
8 0.0325301 0.465144 0.060241 0.170673
11 0.33253 0.555288 0.106024 0.322115
11 0.456627 0.566106 0.108434 0.290865
0 0.346988 0.764423 0.053012 0.0432692
