11 0.935096 0.575721 0.0673077 0.161058
7 0.926683 0.477163 0.0456731 0.0504808
11 0.554087 0.606971 0.0649038 0.213942
11 0.498798 0.597356 0.0504808 0.209135
11 0.447115 0.576923 0.0480769 0.168269
0 0.460337 0.683894 0.0408654 0.03125
6 0.925481 0.475962 0.0432692 0.0480769
9 0.550481 0.555288 0.0528846 0.115385
9 0.448317 0.527644 0.0456731 0.0793269
9 0.394231 0.544471 0.0721154 0.112981
7 0.4375 0.469952 0.0288462 0.0408654
7 0.542067 0.477163 0.0456731 0.0649038
11 0.395433 0.605769 0.0793269 0.230769
7 0.409856 0.469952 0.0408654 0.0504808
6 0.762019 0.471154 0.0961538 0.115385
9 0.935096 0.53726 0.0625 0.0889423
3 0.409856 0.473558 0.0360577 0.0240385
3 0.4375 0.473558 0.0288462 0.0240385
7 0.5 0.47476 0.0384615 0.0504808
5 0.489183 0.533654 0.03125 0.0384615
9 0.501202 0.538462 0.0552885 0.0913462
