2 0.528846 0.413253 0.0865385 0.0361446
5 0.546875 0.584337 0.0504808 0.0650602
3 0.747596 0.339759 0.0673077 0.0385542
3 0.527644 0.415663 0.0841346 0.0313253
6 0.429087 0.481928 0.0456731 0.053012
9 0.536058 0.542169 0.134615 0.183133
9 0.233173 0.371084 0.0576923 0.0771084
11 0.536058 0.619277 0.134615 0.337349
6 0.258413 0.324096 0.0360577 0.0457831
6 0.528846 0.403614 0.0865385 0.113253
6 0.771635 0.336145 0.120192 0.156627
7 0.925481 0.333735 0.149038 0.190361
9 0.885817 0.573494 0.233173 0.303614
5 0.442308 0.612048 0.0288462 0.0433735
