4 0.460337 0.573317 0.0360577 0.0408654
4 0.298077 0.574519 0.0432692 0.0432692
6 0.151442 0.324519 0.0480769 0.0576923
6 0.396635 0.46274 0.0576923 0.0841346
6 0.46274 0.373798 0.0456731 0.0697115
6 0.585337 0.389423 0.0456731 0.0817308
6 0.626202 0.332933 0.0504808 0.0697115
6 0.699519 0.362981 0.0576923 0.0817308
9 0.171875 0.414663 0.117788 0.137019
9 0.387019 0.473558 0.0961538 0.0913462
9 0.498798 0.456731 0.09375 0.125
9 0.600962 0.487981 0.0769231 0.144231
9 0.688702 0.479567 0.0793269 0.141827
9 0.638221 0.384615 0.0504808 0.0721154
10 0.173077 0.507212 0.134615 0.317308
10 0.383413 0.521635 0.108173 0.197115
10 0.603365 0.550481 0.105769 0.283654
11 0.497596 0.518029 0.0961538 0.237981
11 0.689904 0.545673 0.0961538 0.288462
