0 0.329327 0.725301 0.0288462 0.0240964
0 0.176683 0.487952 0.0504808 0.0313253
0 0.461538 0.673494 0.0240385 0.026506
0 0.501202 0.671084 0.03125 0.0313253
0 0.59375 0.653012 0.0240385 0.0240964
0 0.643029 0.660241 0.03125 0.0240964
0 0.674279 0.662651 0.03125 0.0289157
0 0.737981 0.678313 0.0336538 0.0313253
0 0.895433 0.761446 0.0649038 0.0289157
0 0.842548 0.738554 0.0600962 0.026506
0 0.772837 0.683133 0.0408654 0.026506
4 0.241587 0.566265 0.0360577 0.0337349
4 0.28726 0.583133 0.03125 0.0240964
4 0.451923 0.459036 0.0288462 0.0361446
4 0.61899 0.566265 0.0264423 0.0289157
4 0.782452 0.591566 0.0264423 0.026506
4 0.533654 0.586747 0.0288462 0.026506
4 0.569712 0.533735 0.0240385 0.0313253
5 0.905048 0.63253 0.0408654 0.0361446
6 0.120192 0.253012 0.0576923 0.0626506
6 0.320913 0.5 0.0600962 0.0506024
6 0.516827 0.493976 0.0432692 0.053012
6 0.580529 0.492771 0.0360577 0.0409639
6 0.65024 0.487952 0.0456731 0.0457831
6 0.757212 0.485542 0.0528846 0.0506024
6 0.862981 0.491566 0.0721154 0.053012
9 0.317308 0.566265 0.0721154 0.086747
9 0.49399 0.542169 0.0504808 0.0819277
9 0.157452 0.308434 0.09375 0.0626506
9 0.645433 0.540964 0.0600962 0.0650602
9 0.746394 0.539759 0.0697115 0.0626506
9 0.848558 0.559036 0.0817308 0.0722892
11 0.31851 0.593976 0.0697115 0.142169
11 0.487981 0.56747 0.0673077 0.13253
11 0.585337 0.561446 0.0552885 0.106024
11 0.65625 0.562651 0.0673077 0.113253
11 0.75601 0.574699 0.0745192 0.127711
11 0.84976 0.618072 0.0889423 0.190361
