6 0.740385 0.321687 0.0480769 0.0457831
6 0.691106 0.545783 0.0456731 0.0457831
6 0.590144 0.361446 0.0408654 0.0578313
6 0.514423 0.518072 0.0480769 0.053012
6 0.442308 0.484337 0.0528846 0.0481928
6 0.451923 0.53494 0.0528846 0.0578313
7 0.308894 0.506024 0.03125 0.0385542
9 0.30649 0.575904 0.0408654 0.0819277
9 0.575721 0.451807 0.0552885 0.108434
9 0.435096 0.620482 0.0480769 0.122892
9 0.766827 0.390361 0.0528846 0.101205
10 0.307692 0.603614 0.0480769 0.137349
11 0.74399 0.409639 0.0985577 0.144578
11 0.586538 0.49759 0.0817308 0.204819
0 0.331731 0.703614 0.0288462 0.0240964
0 0.30649 0.707229 0.0264423 0.026506
