6 0.753606 0.405048 0.09375 0.132212
6 0.894231 0.365385 0.0865385 0.0961538
6 0.875 0.25 0.0673077 0.0721154
6 0.956731 0.239183 0.0721154 0.0841346
6 0.670673 0.252404 0.0769231 0.115385
6 0.473558 0.308894 0.0961538 0.117788
6 0.629808 0.758413 0.125 0.117788
6 0.0300481 0.385817 0.0600962 0.151442
6 0.215144 0.240385 0.0600962 0.0769231
6 0.276442 0.21274 0.0576923 0.0745192
6 0.674279 0.09375 0.0841346 0.115385
6 0.872596 0.0889423 0.0625 0.0865385
6 0.957933 0.0961538 0.0697115 0.100962
6 0.63101 0.897837 0.127404 0.117788
6 0.21875 0.106971 0.0576923 0.0745192
6 0.27524 0.125 0.0456731 0.0769231
6 0.469952 0.0516827 0.0985577 0.09375
3 0.49399 0.316106 0.0504808 0.0360577
3 0.668269 0.265625 0.0625 0.0456731
5 0.637019 0.331731 0.0528846 0.0384615
5 0.632212 0.376202 0.0432692 0.0408654
9 0.771635 0.617788 0.134615 0.230769
9 0.905048 0.52524 0.108173 0.161058
10 0.77524 0.682692 0.146635 0.384615
9 0.432692 0.435096 0.0817308 0.139423
