0 0.94351 0.629808 0.0552885 0.0336538
3 0.942308 0.235577 0.0336538 0.0288462
0 0.878606 0.616587 0.0600962 0.0408654
7 0.584135 0.316106 0.0769231 0.0697115
4 0.685096 0.453125 0.0336538 0.0504808
4 0.97476 0.451923 0.0360577 0.0480769
6 0.585337 0.317308 0.0745192 0.0673077
9 0.627404 0.394231 0.0961538 0.115385
0 0.706731 0.632212 0.0432692 0.0336538
0 0.786058 0.611779 0.0576923 0.0408654
9 0.774038 0.328125 0.105769 0.175481
0 0.481971 0.668269 0.0600962 0.0288462
9 0.88101 0.325721 0.103365 0.180288
5 0.721154 0.403846 0.0336538 0.0480769
5 0.939904 0.405048 0.0336538 0.0456731
11 0.635817 0.469952 0.0985577 0.266827
6 0.396635 0.598558 0.0336538 0.0384615
6 0.0552885 0.429087 0.0432692 0.0456731
11 0.774038 0.40625 0.100962 0.326923
6 0.288462 0.427885 0.0432692 0.0480769
11 0.472356 0.453125 0.0985577 0.396635
9 0.292067 0.50601 0.0793269 0.112981
9 0.451923 0.323317 0.0721154 0.141827
9 0.0504808 0.504808 0.0817308 0.110577
6 0.723558 0.219952 0.0769231 0.09375
11 0.0504808 0.561298 0.0817308 0.223558
11 0.289663 0.561298 0.0841346 0.223558
6 0.936298 0.221154 0.0745192 0.0961538
11 0.88101 0.408654 0.103365 0.326923
6 0.466346 0.248798 0.0721154 0.0745192
