0 0.359375 0.640625 0.0504808 0.0456731
0 0.328125 0.674279 0.0408654 0.0408654
0 0.415865 0.640625 0.0288462 0.0360577
0 0.453125 0.638221 0.0456731 0.0408654
0 0.615385 0.664663 0.0384615 0.0408654
0 0.663462 0.668269 0.0576923 0.0432692
0 0.721154 0.633413 0.0384615 0.0360577
0 0.760817 0.645433 0.0264423 0.0264423
0 0.564904 0.564904 0.0288462 0.0240385
0 0.28726 0.605769 0.0264423 0.0240385
3 0.433894 0.372596 0.03125 0.0240385
3 0.338942 0.384615 0.0336538 0.0288462
3 0.649038 0.360577 0.0240385 0.0240385
3 0.581731 0.365385 0.0240385 0.0240385
5 0.399038 0.528846 0.0288462 0.0240385
5 0.469952 0.507212 0.0264423 0.0288462
5 0.685096 0.543269 0.0288462 0.0288462
5 0.542067 0.473558 0.0264423 0.0240385
5 0.233173 0.371394 0.0240385 0.03125
7 0.326923 0.382212 0.0528846 0.0528846
7 0.252404 0.379808 0.0240385 0.0288462
7 0.286058 0.384615 0.0384615 0.0480769
7 0.420673 0.373798 0.0480769 0.0552885
7 0.574519 0.366587 0.0480769 0.0408654
7 0.632212 0.360577 0.0625 0.0673077
7 0.706731 0.40625 0.0528846 0.0528846
9 0.322115 0.47476 0.0865385 0.127404
9 0.421875 0.460337 0.0889423 0.117788
9 0.620192 0.461538 0.100962 0.129808
9 0.72476 0.467548 0.09375 0.0889423
11 0.329327 0.521635 0.100962 0.211538
11 0.432692 0.509615 0.100962 0.206731
11 0.623798 0.510817 0.108173 0.233173
11 0.735577 0.516827 0.100962 0.182692
