7 0.730769 0.475962 0.0625 0.0721154
7 0.552885 0.477163 0.0432692 0.0697115
7 0.483173 0.487981 0.0480769 0.0625
7 0.340144 0.460337 0.0504808 0.0745192
7 0.304087 0.442308 0.0360577 0.0576923
7 0.258413 0.478365 0.0504808 0.0528846
7 0.0348558 0.463942 0.0552885 0.0576923
7 0.387019 0.473558 0.0336538 0.0528846
7 0.408654 0.463942 0.0336538 0.0384615
9 0.489183 0.572115 0.0745192 0.129808
9 0.742788 0.585337 0.0865385 0.141827
9 0.552885 0.558894 0.0480769 0.0985577
9 0.235577 0.557692 0.0528846 0.0913462
9 0.329327 0.552885 0.0865385 0.129808
0 0.497596 0.776442 0.0480769 0.0336538
0 0.564904 0.746394 0.0336538 0.0360577
0 0.498798 0.966346 0.0552885 0.0384615
0 0.234375 0.774038 0.0649038 0.0288462
0 0.015625 0.737981 0.03125 0.0384615
0 0.233173 0.967548 0.0576923 0.03125
0 0.325721 0.784856 0.0600962 0.03125
0 0.324519 0.959135 0.0625 0.0384615
0 0.414663 0.715144 0.0408654 0.0408654
0 0.375 0.721154 0.0336538 0.0432692
11 0.485577 0.629808 0.0721154 0.254808
11 0.314904 0.609375 0.0673077 0.252404
11 0.233173 0.634615 0.0528846 0.245192
