6 0.859375 0.53726 0.0360577 0.0408654
6 0.769231 0.532452 0.0432692 0.0408654
6 0.689904 0.557692 0.0336538 0.0384615
6 0.572115 0.548077 0.0384615 0.0432692
6 0.49399 0.572115 0.0408654 0.0432692
6 0.385817 0.570913 0.0360577 0.0456731
6 0.274038 0.570913 0.0384615 0.0456731
6 0.185096 0.584135 0.0432692 0.0432692
6 0.0120192 0.604567 0.0240385 0.0456731
9 0.841346 0.582933 0.0480769 0.0697115
9 0.752404 0.576923 0.0480769 0.0721154
9 0.663462 0.596154 0.0432692 0.0673077
9 0.540865 0.59375 0.0528846 0.0817308
9 0.475962 0.620192 0.0528846 0.0769231
9 0.367788 0.623798 0.0576923 0.0841346
9 0.25601 0.629808 0.0552885 0.0961538
9 0.159856 0.639423 0.0600962 0.0817308
9 0.0120192 0.66226 0.0240385 0.0841346
10 0.74399 0.610577 0.0697115 0.144231
10 0.664663 0.63101 0.0600962 0.137019
10 0.473558 0.640625 0.0576923 0.127404
10 0.0120192 0.691106 0.0240385 0.146635
11 0.158654 0.668269 0.0769231 0.139423
11 0.254808 0.658654 0.0625 0.153846
11 0.360577 0.652644 0.0721154 0.137019
11 0.532452 0.626202 0.0745192 0.15625
11 0.830529 0.615385 0.0745192 0.139423
