3 0.188702 0.4 0.0552885 0.0289157
3 0.0961538 0.442169 0.0576923 0.026506
3 0.497596 0.350602 0.0961538 0.0457831
3 0.705529 0.255422 0.0697115 0.0481928
5 0.323317 0.436145 0.09375 0.13012
5 0.716346 0.591566 0.115385 0.0746988
5 0.640625 0.818072 0.0649038 0.0891566
6 0.520433 0.342169 0.15625 0.178313
6 0.748798 0.250602 0.185096 0.192771
6 0.194712 0.380723 0.0865385 0.0963855
6 0.0901442 0.421687 0.0889423 0.101205
8 0.0805288 0.56988 0.132212 0.204819
8 0.216346 0.53494 0.149038 0.221687
8 0.507212 0.596386 0.25 0.359036
8 0.778846 0.551807 0.245192 0.404819
