0 0.344952 0.427885 0.0216346 0.0288462
11 0.676683 0.439904 0.0841346 0.134615
4 0.175481 0.5 0.0192308 0.0240385
5 0.737981 0.40024 0.0240385 0.0360577
11 0.213942 0.377404 0.0576923 0.105769
0 0.240385 0.439904 0.0288462 0.0240385
7 0.167067 0.430288 0.0360577 0.0432692
6 0.188702 0.317308 0.0264423 0.0336538
0 0.780048 0.516827 0.0408654 0.0384615
9 0.317308 0.367788 0.0576923 0.0769231
0 0.692308 0.522837 0.0384615 0.0264423
4 0.197115 0.50601 0.0192308 0.0264423
0 0.604567 0.5 0.0456731 0.0336538
0 0.216346 0.463942 0.0336538 0.0336538
9 0.798077 0.411058 0.0673077 0.0913462
9 0.902644 0.647837 0.112981 0.151442
6 0.860577 0.549279 0.0673077 0.0841346
6 0.790865 0.352163 0.0480769 0.0408654
10 0.795673 0.429087 0.0721154 0.132212
9 0.121394 0.460337 0.0697115 0.0745192
6 0.634615 0.389423 0.0432692 0.0480769
9 0.21274 0.355769 0.0552885 0.0673077
9 0.677885 0.408654 0.0769231 0.0721154
11 0.126202 0.490385 0.0745192 0.120192
