11 0.762019 0.680723 0.120192 0.484337
9 0.217548 0.585542 0.0985577 0.231325
3 0.777644 0.387952 0.0600962 0.0240964
7 0.776442 0.387952 0.0673077 0.0963855
9 0.441106 0.566265 0.122596 0.216867
9 0.944712 0.724096 0.110577 0.551807
5 0.338942 0.645783 0.0480769 0.053012
9 0.875 0.519277 0.197115 0.310843
7 0.961538 0.256627 0.0769231 0.243373
7 0.320913 0.416867 0.0841346 0.101205
5 0.734375 0.63253 0.0456731 0.0650602
7 0.895433 0.274699 0.0793269 0.159036
7 0.469952 0.425301 0.0600962 0.0843373
7 0.247596 0.43494 0.0625 0.0698795
7 0.538462 0.404819 0.0769231 0.0963855
9 0.555288 0.577108 0.177885 0.26747
9 0.311298 0.580723 0.165865 0.236145
11 0.307692 0.675904 0.177885 0.436145
11 0.552885 0.657831 0.177885 0.428916
0 0.213942 0.879518 0.0384615 0.0433735
0 0.430288 0.879518 0.0625 0.0289157
5 0.372596 0.562651 0.0528846 0.0361446
3 0.831731 0.33253 0.0817308 0.115663
3 0.518029 0.4 0.0408654 0.0192771
3 0.25 0.440964 0.0480769 0.0240964
2 0.324519 0.422892 0.0673077 0.026506
2 0.460337 0.427711 0.0649038 0.0168675
