0 0.215144 0.828125 0.0552885 0.03125
3 0.528846 0.46274 0.0384615 0.0168269
5 0.552885 0.444712 0.0240385 0.0432692
3 0.450721 0.457933 0.0408654 0.0168269
3 0.252404 0.460337 0.0288462 0.0168269
3 0.329327 0.461538 0.0384615 0.0192308
0 0.927885 0.776442 0.0288462 0.0288462
7 0.328125 0.463942 0.0456731 0.0576923
0 0.882212 0.765625 0.0528846 0.0264423
0 0.235577 0.792067 0.0480769 0.0264423
5 0.223558 0.638221 0.0288462 0.0360577
0 0.397837 0.758413 0.0360577 0.0216346
11 0.22476 0.637019 0.0889423 0.3125
0 0.280048 0.764423 0.0264423 0.0240385
7 0.449519 0.459135 0.0432692 0.0480769
7 0.530048 0.457933 0.0456731 0.0552885
0 0.520433 0.771635 0.0649038 0.0288462
0 0.44351 0.747596 0.0456731 0.0192308
0 0.335337 0.751202 0.0504808 0.0168269
11 0.314904 0.604567 0.0865385 0.237981
9 0.909856 0.567308 0.0745192 0.120192
7 0.901442 0.477163 0.0528846 0.0552885
9 0.539663 0.532452 0.0697115 0.09375
9 0.227163 0.551683 0.0841346 0.151442
11 0.438702 0.603365 0.0841346 0.25
9 0.442308 0.53125 0.0817308 0.100962
7 0.242788 0.453125 0.0576923 0.0697115
9 0.314904 0.544471 0.0817308 0.108173
11 0.540865 0.610577 0.0721154 0.25
11 0.909856 0.625 0.0745192 0.235577
4 0.521635 0.754808 0.0673077 0.0192308
