0 0.585337 0.72476 0.0408654 0.0408654
0 0.727163 0.688702 0.0504808 0.0408654
5 0.513221 0.28726 0.0264423 0.0456731
6 0.367788 0.341346 0.0480769 0.0673077
3 0.627404 0.328125 0.0528846 0.03125
3 0.548077 0.310096 0.0480769 0.0288462
7 0.633413 0.330529 0.0745192 0.0841346
6 0.228365 0.323317 0.0336538 0.0456731
6 0.263221 0.335337 0.0408654 0.0649038
5 0.659856 0.491587 0.0360577 0.0504808
0 0.145433 0.673077 0.0649038 0.0384615
0 0.515625 0.71875 0.0456731 0.0336538
2 0.0973558 0.338942 0.0552885 0.0240385
6 0.633413 0.330529 0.0745192 0.0841346
5 0.719952 0.496394 0.03125 0.0504808
6 0.292067 0.317308 0.03125 0.0480769
5 0.0288462 0.512019 0.0240385 0.0384615
0 0.615385 0.762019 0.0817308 0.0432692
0 0.436298 0.747596 0.0889423 0.0480769
6 0.436298 0.316106 0.0697115 0.0793269
5 0.487981 0.521635 0.0336538 0.0432692
9 0.100962 0.426683 0.105769 0.117788
6 0.0961538 0.334135 0.0625 0.0769231
11 0.543269 0.518029 0.120192 0.34375
6 0.545673 0.305288 0.0625 0.0865385
9 0.414663 0.424279 0.09375 0.146635
9 0.543269 0.430288 0.115385 0.168269
11 0.100962 0.514423 0.105769 0.293269
9 0.264423 0.427885 0.100962 0.125
11 0.414663 0.52524 0.09375 0.362981
9 0.647837 0.432692 0.09375 0.144231
3 0.262019 0.336538 0.0336538 0.0240385
3 0.361779 0.344952 0.03125 0.0216346
10 0.647837 0.520433 0.09375 0.334135
10 0.266827 0.521635 0.105769 0.331731
