0 0.676683 0.703614 0.103365 0.120482
9 0.686298 0.46747 0.204327 0.173494
6 0.700721 0.33253 0.122596 0.125301
6 0.379808 0.259036 0.110577 0.137349
9 0.356971 0.418072 0.228365 0.219277
0 0.405048 0.780723 0.0889423 0.0722892
0 0.409856 0.866265 0.0889423 0.0987952
0 0.677885 0.951807 0.0913462 0.0963855
4 0.365385 0.527711 0.0865385 0.0722892
4 0.63101 0.503614 0.0985577 0.0722892
4 0.570913 0.577108 0.0552885 0.060241
6 0.377404 0.0722892 0.110577 0.144578
3 0.396635 0.280723 0.0817308 0.0313253
3 0.69351 0.351807 0.103365 0.0385542
