6 0.920673 0.506024 0.0384615 0.0385542
6 0.772837 0.487952 0.0408654 0.0506024
6 0.685096 0.477108 0.0480769 0.053012
6 0.533654 0.492771 0.0576923 0.0554217
6 0.28125 0.485542 0.0480769 0.0554217
4 0.879808 0.53253 0.0240385 0.0240964
4 0.822115 0.527711 0.0240385 0.0240964
4 0.695913 0.531325 0.0264423 0.0313253
9 0.603365 0.545783 0.100962 0.13253
9 0.967548 0.543373 0.0649038 0.0987952
9 0.816106 0.533735 0.0889423 0.0843373
6 0.415865 0.489157 0.0384615 0.053012
8 0.33774 0.549398 0.122596 0.110843
8 0.455529 0.53012 0.0793269 0.0674699
8 0.715144 0.533735 0.0985577 0.0891566
