6 0.612981 0.481971 0.0769231 0.108173
6 0.850962 0.490385 0.0673077 0.100962
6 0.40024 0.745192 0.0697115 0.0913462
6 0.402644 0.919471 0.0697115 0.0889423
6 0.0649038 0.501202 0.0625 0.0841346
7 0.307692 0.463942 0.0721154 0.0865385
7 0.407452 0.487981 0.0504808 0.0673077
7 0.530048 0.507212 0.0456731 0.0576923
7 0.735577 0.504808 0.0480769 0.0576923
7 0.668269 0.5 0.0336538 0.0480769
7 0.233173 0.504808 0.0480769 0.0625
3 0.526442 0.504808 0.0384615 0.0240385
3 0.414663 0.487981 0.0408654 0.0240385
3 0.319712 0.46875 0.0480769 0.0288462
3 0.603365 0.492788 0.0576923 0.0336538
0 0.0913462 0.805288 0.0625 0.0528846
0 0.0889423 0.861779 0.0576923 0.0504808
9 0.628606 0.620192 0.165865 0.177885
9 0.836538 0.634615 0.144231 0.197115
9 0.748798 0.590144 0.0889423 0.127404
9 0.314904 0.585337 0.163462 0.141827
9 0.0540865 0.594952 0.0745192 0.132212
9 0.503606 0.61899 0.09375 0.137019
11 0.620192 0.717548 0.120192 0.353365
11 0.504808 0.697115 0.0769231 0.259615
11 0.308894 0.709135 0.0985577 0.389423
11 0.834135 0.704327 0.100962 0.317308
11 0.0552885 0.657452 0.0673077 0.257212
