9 0.877404 0.638554 0.245192 0.279518
6 0.740385 0.372289 0.0769231 0.0795181
7 0.0745192 0.373494 0.105769 0.120482
5 0.460337 0.544578 0.0360577 0.0385542
11 0.46274 0.562651 0.137019 0.306024
9 0.723558 0.496386 0.110577 0.178313
7 0.741587 0.373494 0.0745192 0.0819277
5 0.530048 0.501205 0.03125 0.0385542
7 0.883413 0.421687 0.127404 0.139759
7 0.469952 0.381928 0.0600962 0.0795181
9 0.0769231 0.577108 0.153846 0.310843
9 0.459135 0.486747 0.134615 0.149398
0 0.709135 0.779518 0.0817308 0.0409639
0 0.710337 0.89759 0.0841346 0.0457831
