4 0.09375 0.645783 0.0288462 0.0481928
6 0.159856 0.427711 0.09375 0.0795181
6 0.348558 0.483133 0.0576923 0.060241
6 0.453125 0.416867 0.0264423 0.0240964
6 0.460337 0.63012 0.0456731 0.0361446
6 0.735577 0.601205 0.0480769 0.0409639
7 0.811298 0.628916 0.03125 0.0289157
9 0.163462 0.589157 0.245192 0.214458
9 0.346154 0.56988 0.120192 0.127711
9 0.471154 0.671084 0.0769231 0.0650602
9 0.820913 0.680723 0.0552885 0.0650602
9 0.451923 0.43494 0.0336538 0.0313253
8 0.737981 0.661446 0.0625 0.0987952
11 0.736779 0.7 0.0649038 0.166265
11 0.472356 0.709639 0.0649038 0.127711
11 0.817308 0.707229 0.0673077 0.122892
11 0.454327 0.444578 0.0432692 0.0457831
