6 0.111779 0.477108 0.103365 0.13012
7 0.21875 0.495181 0.0961538 0.118072
7 0.435096 0.490361 0.0673077 0.0891566
7 0.590144 0.472289 0.0649038 0.0771084
7 0.669471 0.498795 0.0552885 0.0722892
7 0.777644 0.509639 0.0697115 0.0843373
7 0.844952 0.498795 0.0360577 0.0674699
7 0.884615 0.493976 0.0528846 0.0771084
5 0.125 0.796386 0.0625 0.0795181
5 0.390625 0.714458 0.0456731 0.0795181
5 0.504808 0.671084 0.0288462 0.0554217
5 0.701923 0.674699 0.0288462 0.0674699
5 0.870192 0.642169 0.0480769 0.0409639
5 0.739183 0.668675 0.0552885 0.0361446
9 0.420673 0.598795 0.0961538 0.156627
9 0.59375 0.579518 0.100962 0.146988
9 0.923077 0.607229 0.0961538 0.125301
9 0.176683 0.66506 0.127404 0.216867
11 0.591346 0.669879 0.115385 0.327711
11 0.417067 0.678313 0.0985577 0.310843
11 0.811298 0.70241 0.0793269 0.296386
11 0.915865 0.66747 0.0961538 0.279518
