7 0.0709135 0.399038 0.0649038 0.0913462
7 0.246394 0.399038 0.0552885 0.0865385
7 0.290865 0.402644 0.0384615 0.0697115
7 0.41226 0.401442 0.0600962 0.0769231
7 0.515625 0.408654 0.0504808 0.0625
7 0.621394 0.417067 0.0552885 0.0697115
7 0.723558 0.425481 0.0480769 0.0625
7 0.765625 0.418269 0.0408654 0.0673077
7 0.884615 0.382212 0.0336538 0.0528846
9 0.395433 0.507212 0.0841346 0.163462
9 0.50601 0.492788 0.0793269 0.115385
9 0.620192 0.502404 0.0913462 0.105769
9 0.71274 0.491587 0.0600962 0.0793269
9 0.778846 0.484375 0.0721154 0.0793269
9 0.877404 0.435096 0.0528846 0.0721154
9 0.0540865 0.522837 0.103365 0.122596
0 0.485577 0.753606 0.0480769 0.03125
0 0.524038 0.74399 0.0432692 0.0360577
0 0.373798 0.772837 0.0600962 0.0408654
0 0.600962 0.746394 0.0336538 0.0408654
0 0.653846 0.74399 0.0528846 0.0408654
0 0.704327 0.719952 0.0480769 0.0360577
11 0.501202 0.573317 0.0697115 0.271635
11 0.391827 0.574519 0.0721154 0.302885
11 0.612981 0.557692 0.0721154 0.240385
11 0.707933 0.570913 0.0504808 0.233173
11 0.778846 0.563702 0.0721154 0.228365
11 0.0480769 0.603365 0.0865385 0.274038
11 0.235577 0.588942 0.100962 0.298077
