0 0.358173 0.643373 0.0528846 0.0337349
0 0.407452 0.643373 0.03125 0.0337349
0 0.460337 0.575904 0.0456731 0.0240964
0 0.485577 0.568675 0.0336538 0.0240964
0 0.558894 0.556626 0.03125 0.0240964
0 0.533654 0.551807 0.0336538 0.0240964
0 0.77524 0.654217 0.0456731 0.026506
4 0.414663 0.526506 0.03125 0.0313253
5 0.730769 0.396386 0.0240385 0.026506
5 0.63101 0.616867 0.0504808 0.0385542
5 0.555288 0.471084 0.0240385 0.026506
6 0.365385 0.372289 0.0432692 0.060241
6 0.41226 0.392771 0.0264423 0.0433735
6 0.47476 0.401205 0.0408654 0.0457831
6 0.530048 0.4 0.03125 0.0337349
6 0.634615 0.439759 0.0817308 0.0843373
7 0.768029 0.389157 0.0456731 0.0554217
9 0.384615 0.446988 0.0721154 0.113253
9 0.46274 0.455422 0.0456731 0.086747
9 0.533654 0.445783 0.0528846 0.0771084
9 0.697115 0.521687 0.149038 0.137349
9 0.764423 0.446988 0.0769231 0.0891566
11 0.387019 0.513253 0.0769231 0.245783
11 0.469952 0.490361 0.0600962 0.156627
11 0.536058 0.471084 0.0721154 0.13253
11 0.695913 0.550602 0.161058 0.209639
11 0.762019 0.457831 0.0865385 0.159036
