11 0.584135 0.61899 0.110577 0.266827
11 0.713942 0.629808 0.125 0.365385
9 0.435096 0.557692 0.115385 0.168269
9 0.706731 0.542067 0.115385 0.189904
9 0.584135 0.558894 0.105769 0.141827
6 0.451923 0.454327 0.0817308 0.0817308
6 0.573317 0.466346 0.0504808 0.0576923
6 0.680288 0.423077 0.0769231 0.0817308
6 0.436298 0.626202 0.117788 0.305288
0 0.442308 0.817308 0.0865385 0.0336538
0 0.466346 0.771635 0.0576923 0.0240385
0 0.711538 0.822115 0.0817308 0.0384615
5 0.606971 0.546875 0.0216346 0.03125
