1 0.552885 0.583133 0.0384615 0.0722892
1 0.526442 0.585542 0.0384615 0.0626506
1 0.300481 0.56506 0.0576923 0.0457831
1 0.320913 0.526506 0.0408654 0.0313253
0 0.728365 0.73494 0.0625 0.0674699
3 0.53125 0.373494 0.0336538 0.0240964
3 0.465144 0.344578 0.0456731 0.0289157
5 0.844952 0.573494 0.0552885 0.053012
5 0.479567 0.56988 0.0408654 0.0409639
5 0.283654 0.338554 0.0384615 0.0457831
4 0.510817 0.433735 0.0408654 0.0385542
4 0.586538 0.53253 0.0384615 0.0481928
4 0.605769 0.574699 0.0432692 0.0554217
6 0.439904 0.326506 0.0913462 0.108434
6 0.533654 0.366265 0.0480769 0.0674699
6 0.668269 0.327711 0.0913462 0.106024
6 0.90024 0.246988 0.170673 0.161446
9 0.277644 0.237349 0.132212 0.180723
9 0.423077 0.498795 0.139423 0.245783
9 0.532452 0.424096 0.103365 0.101205
9 0.524038 0.507229 0.0865385 0.0650602
9 0.689904 0.4 0.153846 0.13012
9 0.903846 0.409639 0.192308 0.207229
11 0.526442 0.521687 0.0817308 0.0939759
11 0.276442 0.349398 0.129808 0.409639
10 0.418269 0.595181 0.139423 0.462651
10 0.882212 0.572289 0.235577 0.522892
10 0.705529 0.491566 0.170673 0.318072
10 0.534856 0.421687 0.103365 0.106024
