2 0.302885 0.36747 0.0528846 0.026506
2 0.582933 0.425301 0.0456731 0.026506
3 0.489183 0.356627 0.0456731 0.0337349
3 0.700721 0.416867 0.03125 0.0240964
5 0.304087 0.485542 0.03125 0.0457831
5 0.302885 0.507229 0.0625 0.0313253
5 0.419471 0.554217 0.0360577 0.0481928
5 0.53125 0.551807 0.0432692 0.053012
5 0.530048 0.608434 0.03125 0.0409639
5 0.63101 0.590361 0.03125 0.0481928
6 0.56851 0.419277 0.0745192 0.0819277
7 0.22476 0.371084 0.09375 0.0963855
7 0.296875 0.363855 0.0697115 0.0915663
7 0.477163 0.360241 0.0649038 0.0795181
7 0.706731 0.396386 0.0673077 0.0795181
9 0.215144 0.489157 0.0985577 0.163855
9 0.302885 0.445783 0.0961538 0.086747
9 0.465144 0.451807 0.117788 0.13253
9 0.584135 0.513253 0.0913462 0.106024
9 0.721154 0.501205 0.0961538 0.149398
11 0.219952 0.592771 0.103365 0.371084
11 0.46875 0.551807 0.120192 0.313253
11 0.590144 0.587952 0.117788 0.255422
11 0.71274 0.580723 0.108173 0.308434
