11 0.413253 0.591346 0.26747 0.471154
3 0.592771 0.53726 0.110843 0.0552885
5 0.0614458 0.522837 0.0891566 0.108173
5 0.277108 0.518029 0.0819277 0.09375
5 0.26747 0.665865 0.115663 0.110577
3 0.945783 0.55649 0.108434 0.103365
9 0.768675 0.804087 0.462651 0.391827
9 0.410843 0.463942 0.291566 0.264423
3 0.644578 0.543269 0.253012 0.0769231
6 0.945783 0.546875 0.108434 0.271635
3 0.43494 0.247596 0.156627 0.0673077
6 0.436145 0.239183 0.154217 0.237981
6 0.644578 0.534856 0.257831 0.247596
5 0.0795181 0.657452 0.115663 0.103365
