6 0.09375 0.423077 0.0528846 0.0865385
6 0.15625 0.426683 0.0769231 0.112981
6 0.384615 0.449519 0.0721154 0.149038
6 0.608173 0.375 0.105769 0.120192
6 0.84976 0.429087 0.0697115 0.0889423
6 0.965144 0.395433 0.0504808 0.117788
6 0.772837 0.408654 0.0552885 0.0865385
6 0.719952 0.425481 0.03125 0.0480769
5 0.28125 0.604567 0.0384615 0.0600962
5 0.163462 0.717548 0.0384615 0.0360577
5 0.460337 0.555288 0.0456731 0.0384615
5 0.793269 0.591346 0.0240385 0.0336538
9 0.157452 0.59375 0.103365 0.206731
9 0.0697115 0.545673 0.0576923 0.173077
9 0.372596 0.658654 0.0961538 0.221154
9 0.606971 0.600962 0.151442 0.302885
9 0.86899 0.542067 0.0793269 0.132212
9 0.769231 0.501202 0.0528846 0.122596
9 0.957933 0.558894 0.0504808 0.194712
