0 0.252404 0.990385 0.0432692 0.0192308
9 0.280048 0.52524 0.0793269 0.117788
0 0.679087 0.990385 0.0552885 0.0192308
0 0.55649 0.991587 0.0745192 0.0168269
0 0.347356 0.72476 0.0408654 0.03125
5 0.46274 0.50601 0.0456731 0.0793269
0 0.405048 0.721154 0.0504808 0.0288462
9 0.0360577 0.633413 0.0721154 0.34375
11 0.379808 0.582933 0.0865385 0.237981
6 0.38101 0.436298 0.0456731 0.0697115
9 0.379808 0.52524 0.0865385 0.117788
5 0.580529 0.729567 0.0456731 0.0552885
6 0.286058 0.4375 0.0432692 0.0673077
9 0.158654 0.586538 0.197115 0.235577
6 0.0384615 0.391827 0.0769231 0.144231
6 0.503606 0.399038 0.0985577 0.139423
6 0.737981 0.413462 0.115385 0.144231
6 0.959135 0.439904 0.0817308 0.100962
9 0.520433 0.603365 0.194712 0.283654
9 0.769231 0.621394 0.197115 0.300481
6 0.189904 0.411058 0.0913462 0.144231
9 0.9375 0.606971 0.125 0.21875
11 0.938702 0.6875 0.122596 0.389423
11 0.768029 0.734375 0.194712 0.526442
11 0.283654 0.591346 0.0817308 0.240385
