6 0.783654 0.273494 0.0913462 0.108434
6 0.258413 0.313253 0.0745192 0.086747
6 0.0829327 0.314458 0.103365 0.127711
6 0.158654 0.338554 0.0528846 0.0650602
7 0.569712 0.357831 0.0721154 0.0843373
3 0.575721 0.348193 0.0408654 0.0313253
0 0.526442 0.780723 0.0528846 0.0578313
0 0.598558 0.774699 0.0576923 0.060241
0 0.34976 0.740964 0.0408654 0.0409639
0 0.276442 0.766265 0.0288462 0.0337349
0 0.151442 0.833735 0.0865385 0.0385542
0 0.15625 0.916867 0.0865385 0.0361446
0 0.524038 0.963855 0.0528846 0.0481928
0 0.598558 0.972289 0.0576923 0.0554217
0 0.739183 0.96747 0.103365 0.0506024
0 0.824519 0.909639 0.0673077 0.0650602
0 0.823317 0.846988 0.0600962 0.0746988
0 0.736779 0.795181 0.09375 0.0433735
0 0.941106 0.714458 0.0649038 0.0554217
0 0.269231 0.992771 0.0480769 0.0240964
9 0.27524 0.454217 0.122596 0.190361
9 0.563702 0.479518 0.137019 0.173494
9 0.817308 0.438554 0.153846 0.212048
9 0.971154 0.437349 0.0576923 0.146988
9 0.0961538 0.5 0.177885 0.243373
6 0.920673 0.566265 0.0673077 0.0674699
11 0.560096 0.568675 0.125 0.346988
11 0.807692 0.545783 0.168269 0.426506
11 0.286058 0.53012 0.139423 0.351807
