3 0.448193 0.376202 0.0481928 0.0264423
0 0.00843373 0.757212 0.0168675 0.0480769
5 0.389157 0.573317 0.026506 0.0456731
5 0.343374 0.449519 0.0361446 0.0336538
4 0.389157 0.573317 0.026506 0.0456731
3 0.357831 0.375 0.060241 0.0240385
7 0.356627 0.365385 0.0626506 0.0913462
0 0.489157 0.763221 0.0433735 0.03125
5 0.531325 0.563702 0.026506 0.0360577
0 0.439759 0.764423 0.0409639 0.0336538
0 0.339759 0.75601 0.053012 0.0504808
11 0.0289157 0.558894 0.0578313 0.329327
6 0.356627 0.365385 0.0626506 0.0913462
8 0.0289157 0.469952 0.0578313 0.151442
6 0.449398 0.372596 0.060241 0.0817308
8 0.33253 0.46875 0.115663 0.158654
11 0.460241 0.574519 0.115663 0.322115
8 0.459036 0.49399 0.113253 0.161058
11 0.33253 0.55649 0.115663 0.329327
5 0.445783 0.475962 0.0289157 0.0384615
