6 0.316106 0.273494 0.0552885 0.0506024
6 0.31851 0.0578313 0.0504808 0.0578313
6 0.592548 0.427711 0.0504808 0.060241
6 0.441106 0.646988 0.0504808 0.0409639
6 0.205529 0.610843 0.0552885 0.0554217
4 0.560096 0.561446 0.0336538 0.0337349
4 0.292067 0.349398 0.0408654 0.0385542
0 0.677885 0.690361 0.0625 0.0698795
0 0.63101 0.680723 0.0504808 0.0891566
0 0.671875 0.978313 0.0360577 0.0433735
0 0.63101 0.983133 0.0456731 0.0337349
9 0.215144 0.681928 0.0985577 0.0915663
9 0.430288 0.724096 0.0961538 0.0891566
9 0.383413 0.312048 0.0985577 0.0987952
9 0.628606 0.5 0.103365 0.0891566
