0 0.240385 0.61899 0.0721154 0.0456731
0 0.614183 0.573317 0.0456731 0.0360577
2 0.40625 0.496394 0.0625 0.0264423
4 0.122596 0.534856 0.0432692 0.0408654
4 0.663462 0.418269 0.0336538 0.0384615
4 0.641827 0.409856 0.0288462 0.03125
6 0.158654 0.449519 0.0673077 0.0721154
6 0.413462 0.47476 0.0769231 0.108173
6 0.66226 0.341346 0.0552885 0.0817308
6 0.514423 0.430288 0.0336538 0.0336538
6 0.560096 0.365385 0.0336538 0.0288462
8 0.216346 0.490385 0.100962 0.0961538
8 0.408654 0.536058 0.0817308 0.0673077
8 0.625 0.399038 0.0576923 0.120192
8 0.533654 0.454327 0.0528846 0.0480769
9 0.558894 0.405048 0.0456731 0.0600962
11 0.638221 0.460337 0.0889423 0.194712
