3 0.360577 0.420673 0.0336538 0.0240385
3 0.46875 0.4375 0.0384615 0.0288462
3 0.782452 0.492788 0.0408654 0.0432692
5 0.484375 0.622596 0.0456731 0.0528846
5 0.46274 0.516827 0.0360577 0.0240385
5 0.420673 0.504808 0.0240385 0.0288462
7 0.8125 0.472356 0.105769 0.0985577
7 0.679087 0.444712 0.0552885 0.0769231
7 0.627404 0.475962 0.110577 0.115385
7 0.472356 0.436298 0.0456731 0.0504808
7 0.370192 0.417067 0.0528846 0.0552885
7 0.173077 0.44351 0.0769231 0.0841346
7 0.25 0.451923 0.0769231 0.0865385
7 0.356971 0.507212 0.122596 0.115385
9 0.0949519 0.540865 0.103365 0.158654
9 0.209135 0.594952 0.153846 0.228365
9 0.338942 0.699519 0.197115 0.307692
9 0.635817 0.670673 0.209135 0.302885
9 0.875 0.655048 0.182692 0.305288
9 0.757212 0.52524 0.0625 0.0793269
9 0.705529 0.492788 0.0600962 0.0865385
9 0.484375 0.483173 0.0889423 0.0817308
9 0.370192 0.461538 0.0865385 0.0625
11 0.110577 0.546875 0.129808 0.175481
11 0.210337 0.629808 0.161058 0.3125
11 0.334135 0.699519 0.206731 0.302885
11 0.622596 0.680288 0.235577 0.346154
11 0.859375 0.639423 0.204327 0.302885
11 0.758413 0.521635 0.0697115 0.0865385
11 0.706731 0.490385 0.0576923 0.0961538
11 0.480769 0.481971 0.100962 0.09375
11 0.366587 0.460337 0.0889423 0.0697115
