0 0.346154 0.824096 0.0769231 0.0433735
0 0.463942 0.754217 0.0432692 0.0674699
0 0.480769 0.681928 0.0240385 0.0337349
0 0.563702 0.679518 0.0360577 0.0337349
0 0.628606 0.660241 0.0360577 0.0337349
0 0.694712 0.610843 0.0240385 0.0361446
0 0.671875 0.609639 0.0264423 0.0337349
4 0.387019 0.666265 0.0480769 0.0457831
4 0.322115 0.609639 0.0336538 0.0337349
4 0.508413 0.562651 0.0360577 0.0361446
4 0.4375 0.551807 0.0240385 0.0337349
4 0.576923 0.550602 0.0240385 0.0313253
4 0.622596 0.557831 0.0336538 0.0361446
4 0.716346 0.527711 0.0240385 0.0240964
4 0.661058 0.510843 0.0240385 0.0289157
6 0.373798 0.433735 0.0889423 0.0963855
6 0.469952 0.422892 0.0456731 0.0698795
6 0.600962 0.416867 0.0528846 0.0626506
6 0.68149 0.439759 0.0360577 0.0409639
9 0.378606 0.559036 0.0889423 0.173494
9 0.466346 0.508434 0.0625 0.120482
9 0.600962 0.50241 0.0721154 0.122892
9 0.682692 0.493976 0.0576923 0.0722892
11 0.469952 0.545783 0.0745192 0.2
11 0.604567 0.545783 0.0793269 0.185542
11 0.682692 0.516867 0.0576923 0.118072
