6 0.324519 0.33774 0.125 0.170673
6 0.534856 0.397837 0.103365 0.141827
6 0.640625 0.405048 0.103365 0.122596
6 0.788462 0.388221 0.100962 0.122596
6 0.9375 0.367788 0.0865385 0.115385
6 0.128606 0.367788 0.0793269 0.0913462
6 0.237981 0.341346 0.0432692 0.115385
6 0.0324519 0.389423 0.0649038 0.134615
3 0.534856 0.40625 0.0841346 0.0384615
3 0.93149 0.376202 0.0600962 0.0264423
2 0.0324519 0.395433 0.0600962 0.0360577
2 0.149038 0.372596 0.0336538 0.0240385
2 0.336538 0.34976 0.100962 0.0456731
2 0.655048 0.403846 0.0745192 0.0240385
5 0.614183 0.59375 0.0745192 0.0480769
5 0.703125 0.59375 0.0697115 0.0961538
5 0.115385 0.694712 0.0336538 0.0576923
5 0.399038 0.647837 0.0673077 0.0985577
2 0.808894 0.379808 0.0504808 0.0288462
9 0.336538 0.591346 0.173077 0.307692
9 0.542067 0.608173 0.127404 0.269231
9 0.792067 0.540865 0.108173 0.182692
9 0.939904 0.52524 0.100962 0.189904
9 0.0420673 0.573317 0.0841346 0.237981
