7 0.388221 0.316867 0.0745192 0.137349
7 0.444712 0.313253 0.0480769 0.086747
7 0.519231 0.324096 0.0528846 0.0698795
7 0.168269 0.321687 0.120192 0.137349
7 0.862981 0.391566 0.129808 0.122892
2 0.450721 0.320482 0.0456731 0.0289157
3 0.526442 0.321687 0.0336538 0.0361446
0 0.560096 0.727711 0.0673077 0.0481928
0 0.492788 0.731325 0.0480769 0.0650602
0 0.46274 0.777108 0.0745192 0.0313253
0 0.418269 0.791566 0.0576923 0.0313253
0 0.457933 0.89759 0.0745192 0.0506024
0 0.421875 0.86988 0.0408654 0.0481928
0 0.492788 0.928916 0.0384615 0.0409639
0 0.566106 0.93494 0.0745192 0.0481928
8 0.879808 0.575904 0.197115 0.260241
9 0.120192 0.543373 0.197115 0.344578
9 0.359375 0.506024 0.141827 0.274699
9 0.527644 0.450602 0.117788 0.187952
11 0.353365 0.638554 0.105769 0.481928
11 0.127404 0.651807 0.158654 0.489157
