9 0.0961538 0.554217 0.153846 0.192771
9 0.207933 0.533735 0.0889423 0.166265
9 0.483173 0.504819 0.120192 0.166265
9 0.762019 0.508434 0.105769 0.120482
9 0.94351 0.472289 0.0889423 0.115663
5 0.528846 0.616867 0.0576923 0.0481928
9 0.594952 0.512048 0.0793269 0.146988
9 0.379808 0.483133 0.0480769 0.0650602
6 0.0853365 0.384337 0.122596 0.142169
6 0.206731 0.403614 0.0721154 0.0939759
6 0.463942 0.371084 0.0913462 0.115663
6 0.584135 0.4 0.0769231 0.0915663
6 0.763221 0.403614 0.0745192 0.118072
6 0.949519 0.375904 0.0673077 0.0915663
3 0.112981 0.381928 0.0625 0.0361446
3 0.209135 0.410843 0.0480769 0.0313253
3 0.447115 0.375904 0.0432692 0.0337349
3 0.760817 0.415663 0.0552885 0.0361446
3 0.951923 0.373494 0.0432692 0.0337349
2 0.572115 0.40241 0.0384615 0.0337349
6 0.371394 0.436145 0.0360577 0.0433735
6 0.276442 0.450602 0.0336538 0.0385542
0 0.379808 0.759036 0.0576923 0.0337349
0 0.573317 0.780723 0.0456731 0.0289157
0 0.61899 0.790361 0.0408654 0.0481928
0 0.365385 0.620482 0.0336538 0.026506
9 0.295673 0.490361 0.0480769 0.0506024
11 0.0973558 0.685542 0.15625 0.450602
11 0.207933 0.644578 0.09375 0.392771
11 0.483173 0.59759 0.125 0.351807
11 0.596154 0.583133 0.0865385 0.289157
11 0.764423 0.591566 0.110577 0.286747
11 0.941106 0.553012 0.09375 0.286747
11 0.38101 0.515663 0.0504808 0.13012
