6 0.254808 0.26988 0.0769231 0.101205
6 0.620192 0.418072 0.0384615 0.0554217
6 0.75 0.39759 0.0384615 0.053012
6 0.258413 0.0686747 0.0793269 0.113253
3 0.254808 0.277108 0.0576923 0.0289157
0 0.353365 0.819277 0.0625 0.0337349
0 0.242788 0.819277 0.0528846 0.0337349
0 0.347356 0.848193 0.0600962 0.0240964
0 0.245192 0.853012 0.0625 0.0240964
8 0.264423 0.416867 0.134615 0.216867
8 0.617788 0.498795 0.0625 0.0915663
8 0.758413 0.46506 0.0600962 0.086747
11 0.271635 0.554217 0.173077 0.448193
11 0.616587 0.545783 0.0649038 0.185542
11 0.758413 0.514458 0.0649038 0.180723
