0 0.372596 0.793976 0.0625 0.0650602
0 0.441106 0.771084 0.0745192 0.0481928
0 0.480769 0.712048 0.0625 0.0409639
0 0.532452 0.744578 0.03125 0.0481928
0 0.584135 0.737349 0.0480769 0.053012
0 0.657452 0.753012 0.0649038 0.0506024
0 0.691106 0.803614 0.0552885 0.0554217
2 0.557692 0.404819 0.0480769 0.0289157
2 0.694712 0.43012 0.0384615 0.026506
3 0.100962 0.393976 0.0528846 0.0361446
3 0.237981 0.408434 0.0625 0.0361446
3 0.864183 0.361446 0.0504808 0.0385542
3 0.393029 0.406024 0.0408654 0.0313253
5 0.0480769 0.73253 0.0721154 0.0626506
5 0.286058 0.606024 0.0432692 0.0554217
5 0.358173 0.650602 0.0384615 0.0337349
5 0.574519 0.553012 0.0432692 0.060241
5 0.706731 0.657831 0.0384615 0.0289157
6 0.198317 0.4 0.112981 0.120482
6 0.0637019 0.375904 0.127404 0.144578
6 0.36899 0.4 0.0841346 0.106024
6 0.436298 0.393976 0.0600962 0.0843373
6 0.549279 0.395181 0.0697115 0.0819277
6 0.721154 0.425301 0.0817308 0.0843373
6 0.919471 0.343374 0.161058 0.146988
9 0.0709135 0.56988 0.141827 0.228916
9 0.230769 0.531325 0.149038 0.137349
9 0.375 0.544578 0.115385 0.154217
9 0.545673 0.518072 0.105769 0.159036
9 0.709135 0.553012 0.120192 0.161446
9 0.905048 0.562651 0.189904 0.262651
11 0.228365 0.63253 0.134615 0.339759
11 0.377404 0.603614 0.129808 0.291566
11 0.544471 0.566265 0.112981 0.255422
11 0.701923 0.615663 0.105769 0.277108
11 0.895433 0.651807 0.180288 0.445783
