6 0.826923 0.0829327 0.182692 0.165865
11 0.31851 0.77524 0.223558 0.377404
8 0.538462 0.634615 0.259615 0.350962
3 0.280048 0.533654 0.122596 0.0336538
8 0.0300481 0.729567 0.0600962 0.137019
8 0.31851 0.703125 0.223558 0.233173
6 0.824519 0.293269 0.182692 0.211538
6 0.278846 0.514423 0.129808 0.153846
6 0.0324519 0.614183 0.0649038 0.103365
8 0.112981 0.777644 0.168269 0.223558
6 0.102163 0.628606 0.0985577 0.117788
3 0.522837 0.385817 0.15625 0.0360577
8 0.834135 0.578125 0.331731 0.305288
6 0.521635 0.373798 0.158654 0.21875
4 0.921875 0.409856 0.0793269 0.0841346
4 0.61899 0.445913 0.0552885 0.0793269
4 0.358173 0.578125 0.0528846 0.0600962
