9 0.180288 0.518072 0.25 0.308434
4 0.441106 0.66747 0.15625 0.154217
5 0.4375 0.669879 0.153846 0.154217
8 0.612981 0.624096 0.177885 0.149398
6 0.355769 0.373494 0.192308 0.226506
3 0.385817 0.510843 0.117788 0.0578313
9 0.848558 0.631325 0.302885 0.351807
6 0.748798 0.407229 0.21875 0.183133
6 0.385817 0.501205 0.122596 0.159036
6 0.360577 0.0650602 0.168269 0.13494
4 0.442308 0.922892 0.149038 0.13012
5 0.487981 0.412048 0.0721154 0.0819277
5 0.491587 0.328916 0.0745192 0.0843373
5 0.49399 0.0650602 0.0745192 0.0915663
3 0.598558 0.492771 0.0817308 0.0313253
