3 0.140625 0.46988 0.0360577 0.0240964
3 0.237981 0.481928 0.0336538 0.0240964
3 0.331731 0.496386 0.0240385 0.0240964
3 0.402644 0.491566 0.03125 0.0240964
3 0.469952 0.486747 0.0264423 0.0240964
3 0.536058 0.493976 0.0288462 0.0240964
3 0.615385 0.479518 0.0336538 0.0240964
3 0.695913 0.491566 0.0264423 0.0240964
3 0.788462 0.489157 0.0240385 0.0240964
5 0.15024 0.616867 0.0264423 0.0337349
5 0.305288 0.63253 0.0240385 0.0313253
5 0.375 0.638554 0.0240385 0.0240964
5 0.574519 0.63012 0.0240385 0.026506
5 0.834135 0.621687 0.0240385 0.0337349
1 0.111779 0.79759 0.0456731 0.0385542
1 0.159856 0.781928 0.0456731 0.0409639
1 0.201923 0.785542 0.0432692 0.0337349
1 0.240385 0.773494 0.0480769 0.0337349
1 0.300481 0.76747 0.0336538 0.0361446
1 0.335337 0.762651 0.0456731 0.0313253
1 0.382212 0.760241 0.0336538 0.0313253
1 0.417067 0.757831 0.0408654 0.0409639
1 0.451923 0.750602 0.0288462 0.0409639
1 0.479567 0.756626 0.0360577 0.0385542
1 0.513221 0.744578 0.0360577 0.0385542
1 0.555288 0.746988 0.0432692 0.0337349
1 0.598558 0.743374 0.0336538 0.0361446
1 0.635817 0.740964 0.0456731 0.0361446
1 0.677885 0.740964 0.0336538 0.0361446
1 0.711538 0.739759 0.0384615 0.0337349
1 0.782452 0.739759 0.03125 0.0433735
1 0.817308 0.738554 0.0432692 0.0457831
7 0.138221 0.46988 0.0504808 0.0578313
7 0.233173 0.483133 0.0480769 0.0506024
7 0.324519 0.495181 0.0432692 0.0506024
7 0.399038 0.492771 0.0384615 0.0506024
7 0.467548 0.486747 0.0360577 0.053012
7 0.53726 0.493976 0.0360577 0.0481928
7 0.612981 0.472289 0.0384615 0.053012
7 0.69351 0.490361 0.0360577 0.0457831
7 0.784856 0.481928 0.0408654 0.0433735
9 0.135817 0.559036 0.0985577 0.139759
9 0.228365 0.574699 0.0961538 0.156627
9 0.319712 0.578313 0.0769231 0.13494
9 0.395433 0.577108 0.0649038 0.137349
9 0.46274 0.560241 0.0745192 0.113253
9 0.532452 0.566265 0.0745192 0.110843
9 0.610577 0.544578 0.0769231 0.101205
9 0.691106 0.566265 0.0889423 0.115663
9 0.790865 0.556626 0.0817308 0.120482
11 0.133413 0.63253 0.103365 0.277108
11 0.229567 0.633735 0.09375 0.274699
11 0.317308 0.633735 0.0817308 0.236145
11 0.395433 0.63012 0.0697115 0.243373
11 0.466346 0.619277 0.0673077 0.240964
11 0.534856 0.619277 0.0793269 0.216867
11 0.608173 0.609639 0.0865385 0.240964
11 0.694712 0.613253 0.0769231 0.228916
11 0.789663 0.610843 0.0985577 0.228916
