6 0.264423 0.413462 0.0576923 0.0865385
6 0.411058 0.435096 0.0576923 0.0769231
6 0.469952 0.394231 0.0504808 0.0721154
6 0.564904 0.330529 0.0673077 0.0793269
6 0.664663 0.373798 0.0600962 0.0793269
6 0.760817 0.564904 0.0697115 0.0721154
6 0.34375 0.252404 0.0576923 0.0721154
0 0.183894 0.659856 0.0552885 0.03125
0 0.558894 0.664663 0.0504808 0.0360577
0 0.507212 0.671875 0.0576923 0.0552885
0 0.430288 0.635817 0.0384615 0.0600962
0 0.675481 0.602163 0.0336538 0.0408654
0 0.604567 0.592548 0.0408654 0.03125
5 0.225962 0.527644 0.0288462 0.0504808
5 0.177885 0.569712 0.0288462 0.0432692
5 0.641827 0.502404 0.0240385 0.0384615
5 0.663462 0.512019 0.0240385 0.0336538
0 0.310096 0.55649 0.0288462 0.0360577
8 0.721154 0.659856 0.0673077 0.141827
8 0.159856 0.454327 0.0985577 0.115385
8 0.538462 0.433894 0.0961538 0.146635
9 0.341346 0.325721 0.0817308 0.112981
9 0.399038 0.501202 0.0769231 0.0745192
9 0.674279 0.439904 0.0889423 0.0769231
11 0.340144 0.391827 0.0889423 0.254808
11 0.536058 0.49399 0.0961538 0.262019
11 0.169471 0.50601 0.127404 0.233173
