1 0.456731 0.672289 0.0576923 0.0433735
1 0.405048 0.687952 0.0600962 0.0506024
1 0.299279 0.731325 0.0697115 0.0506024
1 0.308894 0.703614 0.0600962 0.0578313
3 0.533654 0.424096 0.0336538 0.0240964
3 0.453125 0.398795 0.0264423 0.026506
3 0.0120192 0.413253 0.0240385 0.0313253
5 0.170673 0.643373 0.0480769 0.0481928
5 0.0264423 0.63494 0.0336538 0.0506024
5 0.25601 0.524096 0.0264423 0.026506
5 0.473558 0.480723 0.0336538 0.0409639
5 0.498798 0.536145 0.0360577 0.0409639
6 0.0120192 0.408434 0.0240385 0.0746988
6 0.120192 0.366265 0.110577 0.120482
6 0.299279 0.389157 0.0697115 0.0843373
6 0.433894 0.387952 0.0504808 0.0674699
6 0.543269 0.418072 0.0528846 0.0650602
9 0.0949519 0.527711 0.151442 0.240964
9 0.28125 0.475904 0.0769231 0.122892
9 0.430288 0.461446 0.0817308 0.0939759
9 0.545673 0.484337 0.0817308 0.0915663
11 0.282452 0.56747 0.0793269 0.301205
11 0.425481 0.539759 0.0673077 0.240964
10 0.117788 0.628916 0.230769 0.438554
10 0.540865 0.53012 0.0865385 0.178313
