0 0.460337 0.46506 0.03125 0.0240964
0 0.5 0.498795 0.0240385 0.0240964
4 0.538462 0.73012 0.0240385 0.0240964
4 0.504808 0.413253 0.0240385 0.026506
4 0.449519 0.408434 0.0240385 0.026506
6 0.388221 0.622892 0.0360577 0.0313253
6 0.534856 0.654217 0.0360577 0.0361446
6 0.450721 0.36506 0.0264423 0.0313253
6 0.522837 0.395181 0.0264423 0.0240964
9 0.435096 0.390361 0.0432692 0.0433735
9 0.521635 0.422892 0.0288462 0.0361446
9 0.390625 0.66506 0.0504808 0.0578313
9 0.540865 0.7 0.0432692 0.0457831
10 0.393029 0.7 0.0504808 0.113253
10 0.549279 0.727711 0.0600962 0.101205
