0 0.288462 0.681928 0.0961538 0.0433735
0 0.197115 0.666265 0.0817308 0.0457831
0 0.694712 0.681928 0.0769231 0.0481928
4 0.4375 0.33012 0.0576923 0.0674699
4 0.415865 0.554217 0.0384615 0.0240964
5 0.579327 0.409639 0.0528846 0.0385542
5 0.675481 0.406024 0.0673077 0.0361446
6 0.33774 0.266265 0.0841346 0.0987952
6 0.362981 0.527711 0.0528846 0.0626506
6 0.698317 0.236145 0.108173 0.115663
9 0.262019 0.359036 0.105769 0.19759
9 0.783654 0.360241 0.144231 0.156627
11 0.247596 0.450602 0.110577 0.356627
11 0.780048 0.46747 0.165865 0.342169
11 0.96274 0.583133 0.0456731 0.110843
9 0.96274 0.554217 0.0504808 0.0578313
