0 0.21274 0.744578 0.0264423 0.0289157
0 0.0841346 0.749398 0.0336538 0.0289157
0 0.241587 0.804819 0.0264423 0.0385542
0 0.608173 0.790361 0.0240385 0.0289157
5 0.138221 0.649398 0.0264423 0.0457831
5 0.0757212 0.657831 0.0264423 0.0481928
5 0.225962 0.683133 0.0240385 0.0313253
5 0.302885 0.701205 0.0240385 0.0433735
5 0.364183 0.592771 0.0264423 0.0240964
5 0.5625 0.683133 0.0288462 0.0361446
5 0.640625 0.669879 0.03125 0.0385542
6 0.272837 0.573494 0.0552885 0.0674699
6 0.222356 0.571084 0.0360577 0.0433735
6 0.104567 0.571084 0.0360577 0.0481928
6 0.414663 0.56747 0.0408654 0.0457831
6 0.598558 0.562651 0.0384615 0.0506024
9 0.104567 0.625301 0.0456731 0.0650602
9 0.247596 0.638554 0.0625 0.0771084
9 0.40625 0.627711 0.0528846 0.0698795
9 0.591346 0.627711 0.0625 0.0795181
11 0.105769 0.655422 0.0625 0.120482
11 0.25601 0.7 0.0649038 0.2
11 0.40625 0.674699 0.0576923 0.163855
11 0.591346 0.671084 0.0721154 0.175904
