6 0.125 0.669879 0.0528846 0.053012
6 0.219952 0.671084 0.0504808 0.0506024
6 0.647837 0.639759 0.0649038 0.0746988
6 0.4375 0.701205 0.0528846 0.0626506
6 0.497596 0.695181 0.0576923 0.0650602
6 0.596154 0.70241 0.0625 0.0650602
6 0.46875 0.507229 0.0336538 0.0457831
6 0.504808 0.539759 0.0384615 0.053012
6 0.576923 0.614458 0.0432692 0.0626506
6 0.538462 0.607229 0.0480769 0.053012
6 0.4375 0.440964 0.0288462 0.0433735
6 0.394231 0.462651 0.0288462 0.0337349
6 0.288462 0.357831 0.0288462 0.0457831
6 0.21875 0.195181 0.0288462 0.0385542
6 0.927885 0.761446 0.0817308 0.0915663
6 0.932692 0.9 0.0817308 0.103614
6 0.0180288 0.690361 0.03125 0.0506024
6 0.981971 0.719277 0.0360577 0.0698795
6 0.984375 0.948193 0.03125 0.0554217
7 0.796875 0.716867 0.0600962 0.0650602
7 0.794471 0.950602 0.0504808 0.0650602
4 0.257212 0.239759 0.0240385 0.0313253
9 0.512019 0.822892 0.0865385 0.171084
9 0.628606 0.826506 0.117788 0.183133
9 0.804087 0.796386 0.0600962 0.146988
9 0.575721 0.696386 0.0600962 0.120482
9 0.263221 0.821687 0.0841346 0.101205
9 0.34375 0.737349 0.0576923 0.115663
9 0.341346 0.910843 0.0625 0.106024
9 0.424279 0.787952 0.0841346 0.101205
9 0.271635 0.387952 0.0384615 0.0481928
