0 0.580529 0.790361 0.0552885 0.0578313
0 0.604567 0.715663 0.0456731 0.0337349
0 0.316106 0.785542 0.0456731 0.0385542
3 0.814904 0.468675 0.0384615 0.026506
3 0.520433 0.466265 0.0408654 0.026506
3 0.456731 0.457831 0.0528846 0.0240964
5 0.697115 0.546988 0.0721154 0.0674699
5 0.929087 0.739759 0.0552885 0.0819277
5 0.539663 0.661446 0.0360577 0.0650602
5 0.396635 0.671084 0.0480769 0.0554217
5 0.342548 0.636145 0.03125 0.0481928
7 0.205529 0.483133 0.0649038 0.0843373
7 0.278846 0.472289 0.0625 0.0722892
7 0.459135 0.466265 0.0769231 0.0939759
7 0.524038 0.468675 0.0576923 0.0746988
7 0.844952 0.473494 0.127404 0.0987952
9 0.210337 0.580723 0.117788 0.120482
9 0.298077 0.573494 0.0865385 0.144578
9 0.456731 0.562651 0.144231 0.127711
9 0.865385 0.604819 0.201923 0.163855
9 0.560096 0.539759 0.0673077 0.086747
11 0.217548 0.678313 0.122596 0.310843
11 0.454327 0.681928 0.163462 0.371084
11 0.870192 0.70241 0.197115 0.349398
