1 0.173077 0.835337 0.0432692 0.0745192
1 0.237981 0.831731 0.0576923 0.0625
3 0.171875 0.411058 0.0408654 0.0336538
3 0.0492788 0.405048 0.0456731 0.03125
3 0.481971 0.332933 0.0649038 0.0360577
3 0.649038 0.352163 0.0480769 0.0360577
5 0.0925481 0.524038 0.0360577 0.0384615
5 0.0408654 0.534856 0.0480769 0.0504808
5 0.126202 0.661058 0.0360577 0.0576923
5 0.237981 0.634615 0.0432692 0.0528846
5 0.917067 0.376202 0.0841346 0.117788
5 0.760817 0.50601 0.0456731 0.0456731
7 0.161058 0.413462 0.0769231 0.105769
7 0.0372596 0.407452 0.0697115 0.09375
7 0.466346 0.334135 0.120192 0.139423
7 0.610577 0.344952 0.139423 0.161058
7 0.753606 0.367788 0.0697115 0.0865385
7 0.866587 0.396635 0.0745192 0.0769231
9 0.177885 0.558894 0.115385 0.161058
9 0.0564904 0.545673 0.0985577 0.201923
9 0.614183 0.543269 0.21875 0.230769
9 0.450721 0.504808 0.185096 0.259615
9 0.867788 0.501202 0.0721154 0.161058
9 0.789663 0.487981 0.117788 0.153846
