2 0.412048 0.293269 0.0626506 0.0336538
2 0.759036 0.219952 0.0674699 0.0552885
3 0.361446 0.259615 0.0433735 0.0336538
3 0.533735 0.290865 0.0457831 0.0432692
3 0.691566 0.241587 0.0674699 0.0360577
3 0.631325 0.27524 0.053012 0.03125
5 0.242169 0.432692 0.0506024 0.0432692
5 0.46747 0.497596 0.0337349 0.0625
5 0.639759 0.567308 0.0554217 0.0673077
1 0.349398 0.715144 0.0578313 0.0504808
1 0.439759 0.697115 0.0506024 0.0576923
1 0.555422 0.903846 0.113253 0.0625
1 0.656627 0.859375 0.0650602 0.0745192
1 0.707229 0.753606 0.0795181 0.0408654
1 0.743374 0.788462 0.0746988 0.0480769
7 0.361446 0.260817 0.053012 0.0745192
7 0.415663 0.289663 0.0795181 0.0841346
7 0.568675 0.272837 0.110843 0.0985577
7 0.627711 0.268029 0.0698795 0.0985577
7 0.693976 0.242788 0.086747 0.0961538
7 0.807229 0.207933 0.154217 0.175481
7 0.975904 0.198317 0.0481928 0.170673
9 0.401205 0.372596 0.122892 0.163462
9 0.514458 0.346154 0.0650602 0.100962
9 0.615663 0.415865 0.190361 0.206731
9 0.733735 0.361779 0.118072 0.165865
9 0.822892 0.426683 0.185542 0.334135
9 0.957831 0.423077 0.0843373 0.326923
11 0.4 0.487981 0.13494 0.394231
11 0.515663 0.442308 0.0722892 0.293269
11 0.596386 0.59375 0.185542 0.557692
11 0.737349 0.53125 0.101205 0.495192
11 0.830121 0.643029 0.2 0.709135
11 0.959036 0.626202 0.0819277 0.747596
