2 0.895433 0.411058 0.0552885 0.0336538
3 0.165865 0.408654 0.0576923 0.0288462
3 0.324519 0.420673 0.0528846 0.0384615
3 0.445913 0.383413 0.0600962 0.0264423
3 0.629808 0.403846 0.0432692 0.0432692
5 0.19351 0.596154 0.0504808 0.0432692
5 0.171875 0.629808 0.0360577 0.0240385
5 0.475962 0.486779 0.110577 0.0889423
5 0.632212 0.610577 0.0528846 0.0528846
5 0.88101 0.514423 0.0456731 0.0432692
7 0.165865 0.40625 0.0817308 0.105769
7 0.296875 0.421875 0.103365 0.127404
7 0.436298 0.388221 0.0841346 0.0985577
7 0.653846 0.408654 0.105769 0.125
7 0.905048 0.389423 0.0889423 0.100962
9 0.170673 0.569712 0.1875 0.235577
9 0.329327 0.628606 0.177885 0.290865
9 0.688702 0.614183 0.213942 0.295673
9 0.921875 0.545673 0.141827 0.221154
