6 0.744578 0.34976 0.139759 0.189904
6 0.921687 0.34976 0.146988 0.189904
6 0.355422 0.294471 0.113253 0.15625
6 0.46747 0.207933 0.0722892 0.112981
7 0.272289 0.519231 0.120482 0.144231
7 0.506024 0.441106 0.106024 0.161058
7 0.0674699 0.515625 0.125301 0.141827
3 0.504819 0.435096 0.0843373 0.0528846
3 0.273494 0.521635 0.0891566 0.0480769
3 0.36506 0.311298 0.0698795 0.03125
3 0.46988 0.21875 0.053012 0.0432692
3 0.739759 0.372596 0.0963855 0.0625
8 0.33253 0.454327 0.187952 0.216346
8 0.0373494 0.445913 0.0746988 0.194712
9 0.543373 0.620192 0.233735 0.278846
9 0.312048 0.692308 0.214458 0.25
9 0.0674699 0.676683 0.120482 0.237981
9 0.785542 0.59375 0.13494 0.298077
9 0.915663 0.582933 0.13012 0.310096
9 0.481928 0.290865 0.13012 0.125
