6 0.382212 0.588942 0.120192 0.105769
6 0.544471 0.405048 0.108173 0.122596
6 0.433894 0.332933 0.0889423 0.122596
6 0.668269 0.22476 0.0432692 0.0793269
6 0.669471 0.0576923 0.0504808 0.0769231
6 0.894231 0.258413 0.0625 0.0745192
6 0.893029 0.0420673 0.0649038 0.0697115
6 0.116587 0.254808 0.137019 0.168269
6 0.115385 0.0769231 0.149038 0.139423
7 0.283654 0.329327 0.0769231 0.0817308
7 0.258413 0.686298 0.0985577 0.132212
3 0.289663 0.325721 0.0600962 0.0360577
1 0.824519 0.700721 0.0625 0.0841346
1 0.911058 0.69351 0.0576923 0.0793269
9 0.682692 0.326923 0.0865385 0.129808
9 0.891827 0.391827 0.0913462 0.197115
9 0.966346 0.457933 0.0673077 0.348558
9 0.455529 0.4375 0.122596 0.125
9 0.504808 0.683894 0.168269 0.165865
9 0.0805288 0.524038 0.161058 0.418269
9 0.290865 0.475962 0.134615 0.173077
