2 0.387019 0.33774 0.125 0.0793269
2 0.554087 0.36899 0.117788 0.0504808
2 0.850962 0.414663 0.0865385 0.0408654
3 0.253606 0.335337 0.108173 0.0552885
3 0.694712 0.377404 0.0769231 0.0384615
3 0.961538 0.379808 0.0625 0.0336538
5 0.480769 0.557692 0.173077 0.149038
5 0.597356 0.644231 0.0697115 0.0817308
5 0.0865385 0.800481 0.0721154 0.0817308
5 0.780048 0.717548 0.0600962 0.0697115
6 0.235577 0.31851 0.125 0.170673
6 0.378606 0.335337 0.189904 0.204327
6 0.552885 0.348558 0.129808 0.177885
7 0.689904 0.370192 0.0865385 0.110577
7 0.860577 0.413462 0.129808 0.115385
7 0.953125 0.390625 0.09375 0.09375
9 0.316106 0.626202 0.257212 0.396635
9 0.542067 0.616587 0.21875 0.367788
9 0.859375 0.594952 0.180288 0.233173
9 0.697115 0.527644 0.110577 0.213942
