0 0.235577 0.582933 0.0432692 0.0793269
0 0.294471 0.566106 0.0408654 0.0745192
0 0.481971 0.651442 0.0841346 0.0528846
0 0.53726 0.657452 0.0745192 0.0697115
4 0.370192 0.425481 0.0384615 0.0480769
4 0.197115 0.442308 0.0336538 0.0384615
4 0.310096 0.403846 0.0336538 0.0528846
4 0.480769 0.495192 0.0384615 0.0528846
4 0.659856 0.451923 0.0649038 0.0769231
6 0.262019 0.292067 0.0625 0.0793269
6 0.439904 0.332933 0.0673077 0.0889423
6 0.503606 0.30649 0.0745192 0.108173
6 0.870192 0.4375 0.259615 0.548077
9 0.253606 0.388221 0.0841346 0.137019
9 0.427885 0.414663 0.0865385 0.0985577
9 0.550481 0.439904 0.105769 0.163462
11 0.257212 0.435096 0.100962 0.211538
11 0.426683 0.463942 0.0745192 0.201923
11 0.545673 0.485577 0.110577 0.235577
