3 0.908434 0.308434 0.0481928 0.0240964
8 0.639759 0.516867 0.0891566 0.209639
6 0.780723 0.309639 0.053012 0.0554217
6 0.509639 0.343374 0.0409639 0.0409639
0 0.840964 0.842169 0.0578313 0.0313253
11 0.0253012 0.584337 0.0506024 0.39759
2 0.980723 0.33253 0.0385542 0.0337349
6 0.908434 0.314458 0.053012 0.060241
9 0.0253012 0.512048 0.0506024 0.272289
4 0.26747 0.575904 0.0433735 0.0433735
10 0.351807 0.593976 0.187952 0.455422
8 0.0240964 0.512048 0.0481928 0.262651
11 0.648193 0.621687 0.101205 0.428916
11 0.761446 0.590361 0.149398 0.491566
11 0.353012 0.589157 0.185542 0.455422
0 0.73494 0.854217 0.0722892 0.0409639
0 0.960241 0.851807 0.0746988 0.0409639
6 0.642169 0.314458 0.060241 0.0650602
6 0.559036 0.373494 0.0626506 0.0771084
9 0.545783 0.518072 0.108434 0.216867
4 0.0421687 0.577108 0.0409639 0.0457831
8 0.545783 0.516867 0.108434 0.214458
8 0.926506 0.472289 0.146988 0.240964
6 0.968675 0.316867 0.0626506 0.103614
5 0.439759 0.624096 0.0361446 0.0433735
5 0.678313 0.610843 0.0409639 0.0457831
8 0.357831 0.495181 0.190361 0.262651
8 0.759036 0.473494 0.154217 0.243373
7 0.559036 0.372289 0.0626506 0.0795181
11 0.931325 0.590361 0.137349 0.481928
6 0.713253 0.310843 0.086747 0.101205
6 0.361446 0.30241 0.101205 0.108434
