0 0.105769 0.746394 0.0288462 0.03125
2 0.465144 0.478365 0.0456731 0.0240385
3 0.320913 0.460337 0.0456731 0.0264423
3 0.572115 0.502404 0.0336538 0.0240385
3 0.754808 0.516827 0.0432692 0.0336538
5 0.536058 0.651442 0.0432692 0.0528846
7 0.122596 0.471154 0.0625 0.0528846
7 0.0709135 0.473558 0.0360577 0.0432692
7 0.216346 0.472356 0.0432692 0.0456731
7 0.403846 0.447115 0.0528846 0.0625
7 0.471154 0.472356 0.0625 0.0697115
7 0.579327 0.490385 0.0576923 0.0769231
7 0.747596 0.503606 0.0721154 0.09375
7 0.91226 0.501202 0.0745192 0.103365
9 0.133413 0.542067 0.108173 0.0745192
9 0.0588942 0.539663 0.0408654 0.0745192
9 0.210337 0.530048 0.0552885 0.0745192
9 0.290865 0.544471 0.105769 0.103365
9 0.475962 0.558894 0.110577 0.09375
9 0.597356 0.615385 0.0745192 0.168269
9 0.861779 0.574519 0.132212 0.0817308
11 0.596154 0.691106 0.0961538 0.324519
