0 0.567308 0.787952 0.0528846 0.0433735
0 0.973558 0.76747 0.0480769 0.0409639
2 0.532452 0.396386 0.0456731 0.026506
3 0.253606 0.386747 0.0504808 0.0313253
3 0.453125 0.401205 0.0504808 0.026506
3 0.6875 0.390361 0.0480769 0.0385542
3 0.917067 0.415663 0.0360577 0.0361446
3 0.811298 0.472289 0.03125 0.0385542
5 0.205529 0.614458 0.0552885 0.0674699
5 0.814904 0.609639 0.0432692 0.0433735
5 0.768029 0.677108 0.0600962 0.0722892
5 0.638221 0.649398 0.03125 0.0698795
5 0.503606 0.50241 0.0649038 0.0506024
6 0.239183 0.377108 0.09375 0.108434
6 0.454327 0.4 0.0769231 0.106024
6 0.536058 0.390361 0.0721154 0.086747
6 0.66226 0.4 0.0408654 0.101205
6 0.719952 0.390361 0.0841346 0.110843
6 0.800481 0.459036 0.0673077 0.0843373
6 0.91226 0.412048 0.0649038 0.0771084
9 0.237981 0.522892 0.153846 0.19759
9 0.455529 0.522892 0.137019 0.149398
9 0.55649 0.493976 0.09375 0.13012
9 0.71875 0.515663 0.153846 0.163855
9 0.926683 0.5 0.122596 0.113253
11 0.242788 0.622892 0.1875 0.412048
11 0.460337 0.631325 0.151442 0.380723
11 0.557692 0.592771 0.0961538 0.346988
11 0.711538 0.620482 0.163462 0.387952
11 0.810096 0.53253 0.0432692 0.086747
11 0.925481 0.583133 0.129808 0.298795
