0 0.40024 0.56988 0.0408654 0.0361446
0 0.33774 0.60241 0.0360577 0.0337349
0 0.546875 0.659036 0.0504808 0.0506024
4 0.378606 0.472289 0.0264423 0.0385542
5 0.608173 0.448193 0.0432692 0.0385542
6 0.358173 0.346988 0.0576923 0.0674699
6 0.629808 0.387952 0.0625 0.101205
6 0.661058 0.40241 0.0384615 0.053012
6 0.782452 0.340964 0.0360577 0.0409639
6 0.748798 0.342169 0.0408654 0.0337349
6 0.659856 0.340964 0.0360577 0.0457831
9 0.338942 0.431325 0.0817308 0.120482
9 0.543269 0.431325 0.105769 0.106024
10 0.352163 0.462651 0.09375 0.183133
10 0.784856 0.425301 0.0360577 0.122892
11 0.543269 0.504819 0.100962 0.262651
