0 0.635817 0.563855 0.0649038 0.0337349
0 0.674279 0.7 0.0264423 0.0313253
0 0.733173 0.706024 0.0432692 0.0240964
0 0.84375 0.761446 0.0432692 0.0240964
4 0.686298 0.4 0.03125 0.0433735
4 0.632212 0.380723 0.0336538 0.0385542
5 0.825721 0.413253 0.0408654 0.0409639
6 0.579327 0.342169 0.0528846 0.0626506
6 0.736779 0.422892 0.0552885 0.0650602
9 0.563702 0.409639 0.0841346 0.0819277
9 0.722356 0.491566 0.0745192 0.120482
9 0.831731 0.521687 0.0528846 0.103614
11 0.710337 0.556626 0.0649038 0.231325
11 0.835337 0.580723 0.0600962 0.226506
