6 0.205529 0.398795 0.122596 0.127711
6 0.385817 0.436145 0.112981 0.110843
6 0.555288 0.418072 0.105769 0.127711
6 0.697115 0.424096 0.0913462 0.110843
6 0.771635 0.421687 0.100962 0.13012
3 0.683894 0.427711 0.0360577 0.0361446
4 0.16226 0.777108 0.0793269 0.0746988
4 0.784856 0.731325 0.0600962 0.060241
9 0.183894 0.626506 0.242788 0.337349
9 0.353365 0.614458 0.120192 0.240964
9 0.540865 0.637349 0.1875 0.306024
9 0.780048 0.63012 0.228365 0.291566
11 0.171875 0.649398 0.21875 0.373494
11 0.359375 0.659036 0.141827 0.339759
11 0.550481 0.659036 0.206731 0.349398
11 0.78726 0.659036 0.242788 0.359036
