3 0.492788 0.420673 0.0480769 0.0144231
4 0.361779 0.677885 0.0408654 0.0528846
8 0.173077 0.0288462 0.192308 0.0576923
3 0.754808 0.353365 0.0528846 0.0288462
11 0.757212 0.584135 0.158654 0.379808
4 0.262019 0.657452 0.0480769 0.0408654
3 0.198317 0.377404 0.0745192 0.0336538
11 0.471154 0.629808 0.158654 0.360577
8 0.757212 0.496394 0.153846 0.204327
4 0.0853365 0.61899 0.0456731 0.0600962
4 0.831731 0.620192 0.0432692 0.0576923
8 0.46875 0.540865 0.163462 0.182692
6 0.197115 0.378606 0.0769231 0.09375
6 0.49399 0.408654 0.0745192 0.100962
6 0.759615 0.350962 0.0721154 0.0961538
8 0.186298 0.53726 0.170673 0.199519
11 0.186298 0.61899 0.170673 0.372596
3 0.703125 0.466346 0.0456731 0.0528846
4 0.829327 0.882212 0.0336538 0.0528846
4 0.0853365 0.889423 0.0504808 0.0673077
4 0.266827 0.847356 0.0432692 0.0408654
