5 0.438702 0.489183 0.0408654 0.0456731
5 0.0661058 0.0925481 0.0360577 0.0408654
8 0.329327 0.358173 0.0576923 0.0865385
0 0.394231 0.620192 0.0817308 0.0576923
6 0.330529 0.298077 0.0408654 0.0480769
0 0.605769 0.649038 0.0817308 0.0480769
6 0.465144 0.302885 0.117788 0.120192
8 0.576923 0.360577 0.197115 0.177885
11 0.580529 0.439904 0.223558 0.331731
8 0.105769 0.233173 0.0913462 0.125
5 0.0985577 0.3125 0.0336538 0.0384615
5 0.344952 0.408654 0.0168269 0.0144231
0 0.21274 0.40024 0.0600962 0.0264423
11 0.134615 0.301683 0.129808 0.276442
