3 0.25 0.433735 0.0576923 0.0289157
3 0.417067 0.433735 0.0697115 0.0289157
3 0.610577 0.459036 0.0721154 0.0457831
3 0.789663 0.418072 0.0600962 0.0313253
4 0.152644 0.708434 0.0600962 0.0626506
4 0.332933 0.771084 0.0600962 0.0722892
4 0.889423 0.762651 0.0625 0.0891566
6 0.252404 0.422892 0.0769231 0.103614
6 0.421875 0.428916 0.09375 0.13494
6 0.620192 0.445783 0.125 0.163855
6 0.793269 0.413253 0.0961538 0.13253
8 0.628606 0.680723 0.237981 0.291566
9 0.228365 0.592771 0.163462 0.250602
9 0.414663 0.627711 0.204327 0.291566
9 0.825721 0.6 0.21875 0.279518
11 0.221154 0.644578 0.173077 0.363855
11 0.40625 0.651807 0.192308 0.354217
11 0.641827 0.674699 0.274038 0.298795
11 0.828125 0.640964 0.223558 0.366265
