7 0.167067 0.354567 0.0841346 0.0985577
7 0.40625 0.310096 0.0673077 0.105769
7 0.534856 0.332933 0.0600962 0.0745192
7 0.647837 0.300481 0.112981 0.125
7 0.9375 0.262019 0.125 0.163462
5 0.175481 0.46875 0.0480769 0.0625
5 0.240385 0.5 0.0480769 0.0528846
5 0.394231 0.496394 0.0576923 0.0504808
5 0.831731 0.643029 0.0625 0.09375
9 0.4375 0.457933 0.115385 0.189904
9 0.169471 0.489183 0.132212 0.146635
9 0.644231 0.455529 0.120192 0.199519
9 0.542067 0.444712 0.0889423 0.153846
0 0.508413 0.8125 0.0697115 0.0769231
0 0.395433 0.789663 0.0985577 0.0600962
0 0.396635 0.947115 0.0961538 0.0721154
0 0.502404 0.9375 0.0721154 0.0721154
11 0.433894 0.575721 0.127404 0.401442
11 0.177885 0.620192 0.149038 0.418269
11 0.546875 0.533654 0.0793269 0.307692
11 0.657452 0.584135 0.117788 0.447115
