0 0.0540865 0.77524 0.0360577 0.0408654
6 0.135817 0.508413 0.0552885 0.0841346
6 0.0889423 0.439904 0.0240385 0.0432692
6 0.262019 0.657452 0.0528846 0.0456731
6 0.213942 0.594952 0.0432692 0.0793269
6 0.600962 0.528846 0.0336538 0.0384615
6 0.675481 0.528846 0.0288462 0.0480769
9 0.0588942 0.47476 0.0456731 0.0456731
9 0.0144231 0.579327 0.0288462 0.100962
9 0.141827 0.658654 0.105769 0.0865385
9 0.257212 0.725962 0.110577 0.0865385
9 0.592548 0.592548 0.0552885 0.0793269
11 0.117788 0.689904 0.139423 0.149038
