3 0.411058 0.445783 0.0673077 0.0337349
3 0.491587 0.503614 0.0697115 0.0481928
5 0.459135 0.73494 0.0817308 0.0722892
5 0.663462 0.372289 0.115385 0.0650602
6 0.393029 0.413253 0.0985577 0.118072
6 0.533654 0.353012 0.0769231 0.0939759
6 0.502404 0.461446 0.129808 0.166265
9 0.359375 0.581928 0.146635 0.224096
9 0.546875 0.626506 0.228365 0.255422
9 0.903846 0.521687 0.192308 0.677108
11 0.36899 0.608434 0.165865 0.301205
11 0.550481 0.678313 0.230769 0.359036
11 0.902644 0.521687 0.194712 0.677108
