7 0.0997596 0.451923 0.0649038 0.0817308
7 0.274038 0.454327 0.0576923 0.0817308
7 0.36899 0.448317 0.0841346 0.0985577
7 0.403846 0.417067 0.0625 0.09375
7 0.657452 0.43149 0.0552885 0.0745192
7 0.78125 0.438702 0.0673077 0.0889423
7 0.969952 0.415865 0.0600962 0.125
7 0.0456731 0.432692 0.0240385 0.0288462
7 0.217548 0.450721 0.0408654 0.0552885
7 0.465144 0.439904 0.0408654 0.0480769
3 0.769231 0.432692 0.0384615 0.0240385
3 0.655048 0.430288 0.0360577 0.0240385
5 0.158654 0.677885 0.0384615 0.0432692
5 0.419471 0.745192 0.0408654 0.0480769
5 0.421875 0.920673 0.0408654 0.0480769
9 0.371394 0.592548 0.137019 0.180288
9 0.105769 0.576923 0.129808 0.173077
9 0.65625 0.533654 0.0913462 0.134615
9 0.792067 0.560096 0.137019 0.163462
0 0.237981 0.788462 0.0673077 0.0480769
0 0.240385 0.871394 0.0721154 0.0408654
0 0.641827 0.765625 0.0528846 0.112981
0 0.640625 0.897837 0.0504808 0.108173
11 0.661058 0.579327 0.0865385 0.240385
11 0.362981 0.691106 0.115385 0.367788
11 0.110577 0.665865 0.139423 0.336538
