6 0.0540865 0.34976 0.108173 0.112981
6 0.335337 0.253606 0.180288 0.213942
6 0.347356 0.0492788 0.204327 0.0985577
6 0.50601 0.278846 0.0745192 0.0769231
6 0.88101 0.237981 0.0985577 0.110577
6 0.879808 0.0276442 0.0961538 0.0552885
3 0.384615 0.269231 0.0673077 0.0384615
5 0.836538 0.508413 0.0384615 0.0600962
5 0.96875 0.509615 0.0528846 0.0625
9 0.310096 0.561298 0.221154 0.425481
9 0.901442 0.408654 0.158654 0.1875
9 0.0637019 0.508413 0.127404 0.165865
10 0.30649 0.685096 0.223558 0.629808
