3 0.0564904 0.40625 0.0456731 0.0384615
3 0.223558 0.578125 0.0913462 0.108173
3 0.606971 0.41226 0.0649038 0.0456731
3 0.882212 0.401442 0.0625 0.0480769
2 0.33774 0.429087 0.0456731 0.0456731
5 0.046875 0.502404 0.0697115 0.0625
5 0.324519 0.675481 0.0769231 0.0576923
5 0.342548 0.695913 0.0600962 0.0504808
5 0.59375 0.540865 0.0576923 0.0625
5 0.893029 0.449519 0.0360577 0.0576923
6 0.882212 0.389423 0.100962 0.125
7 0.0625 0.391827 0.0769231 0.115385
7 0.354567 0.415865 0.09375 0.120192
7 0.608173 0.411058 0.0961538 0.110577
7 0.186298 0.576923 0.194712 0.206731
7 0.824519 0.569712 0.173077 0.1875
9 0.0841346 0.455529 0.158654 0.108173
9 0.348558 0.477163 0.168269 0.112981
9 0.598558 0.490385 0.177885 0.125
9 0.872596 0.454327 0.173077 0.0576923
9 0.207933 0.754808 0.324519 0.259615
9 0.814904 0.757212 0.370192 0.235577
11 0.0817308 0.455529 0.149038 0.108173
11 0.34375 0.473558 0.173077 0.115385
11 0.597356 0.49399 0.180288 0.127404
11 0.871394 0.454327 0.175481 0.0528846
11 0.814904 0.759615 0.370192 0.230769
11 0.205529 0.753606 0.319712 0.252404
