5 0.16226 0.83774 0.0745192 0.0745192
5 0.248798 0.620192 0.0552885 0.0576923
5 0.771635 0.638221 0.139423 0.122596
5 0.479567 0.549279 0.0456731 0.0600962
5 0.34976 0.546875 0.0408654 0.0504808
7 0.0528846 0.396635 0.105769 0.177885
7 0.140625 0.408654 0.0649038 0.110577
7 0.211538 0.432692 0.0721154 0.0913462
7 0.401442 0.408654 0.0576923 0.0865385
7 0.487981 0.43149 0.0625 0.103365
7 0.574519 0.426683 0.100962 0.117788
7 0.753606 0.4375 0.15625 0.168269
7 0.877404 0.264423 0.201923 0.264423
5 0.286058 0.455529 0.0384615 0.0408654
5 0.322115 0.445913 0.0288462 0.0456731
3 0.0721154 0.396635 0.0625 0.0480769
3 0.155048 0.408654 0.03125 0.0336538
3 0.223558 0.435096 0.0288462 0.0240385
3 0.391827 0.407452 0.0336538 0.03125
3 0.47476 0.432692 0.0360577 0.0288462
3 0.548077 0.423077 0.0480769 0.0336538
3 0.719952 0.429087 0.0649038 0.0456731
2 0.846154 0.268029 0.134615 0.0793269
9 0.0649038 0.644231 0.125 0.317308
9 0.137019 0.560096 0.0913462 0.206731
9 0.889423 0.641827 0.197115 0.495192
