3 0.198317 0.337349 0.0745192 0.0385542
3 0.4375 0.377108 0.0576923 0.0506024
3 0.533654 0.393976 0.100962 0.0506024
3 0.727163 0.451807 0.09375 0.0457831
3 0.661058 0.414458 0.0721154 0.0481928
4 0.358173 0.30241 0.0961538 0.113253
4 0.342548 0.363855 0.0745192 0.0819277
4 0.117788 0.501205 0.0576923 0.0481928
4 0.0829327 0.513253 0.0456731 0.053012
6 0.0745192 0.356627 0.100962 0.139759
6 0.216346 0.320482 0.115385 0.13012
6 0.563702 0.40241 0.170673 0.212048
6 0.75 0.454217 0.177885 0.161446
9 0.223558 0.498795 0.139423 0.221687
9 0.0685096 0.504819 0.112981 0.204819
9 0.510817 0.650602 0.213942 0.395181
9 0.802885 0.687952 0.245192 0.33012
