6 0.445913 0.386747 0.0793269 0.0746988
6 0.884615 0.236145 0.0384615 0.0578313
6 0.879808 0.125301 0.0432692 0.0722892
6 0.342548 0.480723 0.0600962 0.0650602
6 0.445913 0.426506 0.0456731 0.053012
7 0.485577 0.271084 0.0625 0.060241
7 0.479567 0.10241 0.0504808 0.0795181
3 0.883413 0.250602 0.0264423 0.0240964
9 0.516827 0.448193 0.110577 0.13494
9 0.867788 0.315663 0.105769 0.120482
9 0.495192 0.318072 0.0721154 0.0674699
9 0.421875 0.478313 0.0841346 0.0939759
11 0.510817 0.506024 0.0841346 0.226506
11 0.865385 0.379518 0.0673077 0.219277
