6 0.981971 0.307229 0.0456731 0.142169
5 0.471154 0.956627 0.0817308 0.0722892
2 0.649038 0.328916 0.129808 0.0457831
6 0.0805288 0.0746988 0.151442 0.149398
3 0.408654 0.26506 0.149038 0.053012
9 0.112981 0.474699 0.221154 0.342169
5 0.111779 0.951807 0.0793269 0.0819277
5 0.233173 0.698795 0.0673077 0.053012
9 0.620192 0.501205 0.149038 0.289157
5 0.478365 0.707229 0.0576923 0.0554217
6 0.65024 0.296386 0.132212 0.173494
6 0.936298 0.316867 0.0552885 0.0891566
9 0.388221 0.473494 0.300481 0.339759
5 0.112981 0.716867 0.0576923 0.0650602
2 0.810096 0.383133 0.173077 0.053012
6 0.0829327 0.245783 0.165865 0.192771
6 0.408654 0.242169 0.163462 0.204819
6 0.808894 0.340964 0.175481 0.238554
6 0.408654 0.0746988 0.153846 0.139759
5 0.234375 0.972289 0.0697115 0.0554217
9 0.842548 0.580723 0.314904 0.313253
6 0.651442 0.0722892 0.129808 0.144578
