6 0.0420673 0.310843 0.0697115 0.0771084
6 0.78726 0.366265 0.0504808 0.0578313
6 0.669471 0.339759 0.0504808 0.053012
6 0.58774 0.43012 0.0456731 0.0554217
6 0.524038 0.357831 0.0384615 0.0698795
6 0.394231 0.360241 0.0625 0.0698795
9 0.0288462 0.413253 0.0576923 0.127711
9 0.133413 0.425301 0.0456731 0.122892
9 0.391827 0.491566 0.0913462 0.144578
9 0.747596 0.445783 0.0576923 0.125301
9 0.68149 0.43253 0.0697115 0.0987952
9 0.461538 0.433735 0.0480769 0.139759
6 0.379808 0.33494 0.0576923 0.0578313
4 0.0817308 0.498795 0.0240385 0.0433735
4 0.179087 0.5 0.0264423 0.0409639
4 0.80649 0.527711 0.0264423 0.0337349
4 0.544471 0.451807 0.0264423 0.0313253
0 0.133413 0.633735 0.0360577 0.0289157
0 0.0504808 0.655422 0.0432692 0.0289157
5 0.302885 0.386747 0.0240385 0.026506
5 0.25601 0.421687 0.0264423 0.0289157
0 0.635817 0.649398 0.0408654 0.026506
11 0.0372596 0.481928 0.0745192 0.274699
11 0.139423 0.489157 0.0625 0.255422
11 0.391827 0.563855 0.0913462 0.284337
11 0.463942 0.496386 0.0480769 0.26988
11 0.746394 0.498795 0.0600962 0.236145
10 0.679087 0.504819 0.0697115 0.248193
