5 0.0817308 0.49399 0.0769231 0.0504808
7 0.600962 0.413462 0.0576923 0.0865385
3 0.331731 0.383413 0.0673077 0.0360577
6 0.59976 0.41226 0.0600962 0.0889423
3 0.59976 0.411058 0.0552885 0.0288462
5 0.669471 0.659856 0.0408654 0.0408654
3 0.40024 0.401442 0.0841346 0.0432692
6 0.40024 0.401442 0.0889423 0.134615
5 0.557692 0.716346 0.0384615 0.0480769
2 0.836538 0.372596 0.100962 0.0625
6 0.331731 0.379808 0.0769231 0.115385
9 0.611779 0.548077 0.151442 0.1875
11 0.612981 0.632212 0.153846 0.355769
9 0.423077 0.597356 0.201923 0.271635
6 0.873798 0.367788 0.185096 0.206731
9 0.867788 0.673077 0.264423 0.408654
11 0.426683 0.658654 0.194712 0.418269
0 0.629808 0.853365 0.0576923 0.0432692
0 0.584135 0.84375 0.0384615 0.0480769
