1 0.442308 0.768675 0.0384615 0.0481928
1 0.652644 0.70241 0.0264423 0.0313253
1 0.670673 0.685542 0.0240385 0.026506
2 0.555288 0.445783 0.0480769 0.0289157
3 0.757212 0.421687 0.0480769 0.0337349
3 0.427885 0.46988 0.0336538 0.0240964
3 0.34976 0.445783 0.0504808 0.0289157
3 0.211538 0.448193 0.0528846 0.0240964
5 0.0420673 0.533735 0.0552885 0.0457831
5 0.274038 0.650602 0.0288462 0.0337349
5 0.298077 0.674699 0.0384615 0.0337349
5 0.426683 0.707229 0.0456731 0.0506024
5 0.441106 0.556626 0.0504808 0.0481928
5 0.480769 0.624096 0.0336538 0.0385542
5 0.633413 0.671084 0.0408654 0.0506024
5 0.701923 0.669879 0.0288462 0.053012
5 0.873798 0.714458 0.0456731 0.0698795
6 0.217548 0.445783 0.0649038 0.0819277
6 0.352163 0.440964 0.0793269 0.101205
6 0.426683 0.459036 0.0456731 0.060241
6 0.561298 0.440964 0.0600962 0.0915663
6 0.658654 0.481928 0.0384615 0.0433735
6 0.71274 0.475904 0.0360577 0.0409639
6 0.768029 0.421687 0.0793269 0.101205
6 0.870192 0.487952 0.0336538 0.0409639
9 0.219952 0.551807 0.112981 0.159036
9 0.375 0.563855 0.115385 0.168675
9 0.447115 0.542169 0.0576923 0.110843
9 0.56851 0.561446 0.127404 0.168675
9 0.663462 0.537349 0.0625 0.0819277
9 0.697115 0.510843 0.0432692 0.0433735
9 0.782452 0.551807 0.151442 0.168675
9 0.878606 0.525301 0.03125 0.0481928
11 0.205529 0.646988 0.151442 0.349398
11 0.371394 0.655422 0.146635 0.342169
11 0.449519 0.615663 0.0576923 0.272289
11 0.567308 0.651807 0.153846 0.354217
11 0.665865 0.578313 0.0528846 0.154217
11 0.691106 0.519277 0.03125 0.0650602
11 0.777644 0.655422 0.180288 0.371084
11 0.873798 0.522892 0.0360577 0.053012
