0 0.786747 0.961538 0.060241 0.0336538
6 0.695181 0.507212 0.0361446 0.0432692
0 0.986747 0.960337 0.026506 0.0360577
6 0.727711 0.518029 0.0385542 0.0504808
9 0.510843 0.56851 0.0481928 0.0985577
0 0.593976 0.954327 0.0891566 0.0432692
11 0.595181 0.765625 0.0963855 0.324519
6 0.638554 0.513221 0.0433735 0.0504808
0 0.724096 0.961538 0.0650602 0.0384615
6 0.759036 0.519231 0.0433735 0.0480769
9 0.595181 0.679087 0.0963855 0.141827
6 0.616867 0.570913 0.0578313 0.0697115
6 0.521687 0.501202 0.0409639 0.0504808
6 0.775904 0.584135 0.0626506 0.0769231
6 0.951807 0.580529 0.0578313 0.0793269
9 0.953012 0.6875 0.0939759 0.134615
9 0.773494 0.685096 0.101205 0.129808
11 0.953012 0.788462 0.0939759 0.346154
11 0.772289 0.784856 0.103614 0.334135
11 0.512048 0.614183 0.0554217 0.199519
1 0.938554 0.951923 0.0506024 0.0384615
