6 0.0528846 0.813702 0.0961538 0.103365
6 0.0504808 0.91226 0.0961538 0.103365
7 0.338942 0.360577 0.0673077 0.100962
7 0.395433 0.399038 0.0552885 0.0913462
7 0.466346 0.384615 0.0432692 0.0528846
7 0.569712 0.352163 0.0769231 0.0985577
7 0.627404 0.347356 0.0817308 0.103365
7 0.699519 0.379808 0.0576923 0.0769231
7 0.826923 0.360577 0.0721154 0.0913462
7 0.899038 0.424279 0.0913462 0.0889423
7 0.0697115 0.34976 0.115385 0.122596
7 0.233173 0.358173 0.125 0.153846
3 0.59976 0.346154 0.0456731 0.0576923
3 0.692308 0.38101 0.0432692 0.0408654
3 0.817308 0.355769 0.0384615 0.0384615
3 0.876202 0.424279 0.0408654 0.0408654
3 0.346154 0.366587 0.0625 0.0600962
3 0.396635 0.407452 0.0384615 0.03125
3 0.46274 0.384615 0.0360577 0.0336538
9 0.161058 0.581731 0.177885 0.350962
9 0.335337 0.489183 0.103365 0.170673
9 0.549279 0.467548 0.0745192 0.15625
9 0.663462 0.5 0.139423 0.211538
9 0.913462 0.560096 0.163462 0.201923
9 0.80649 0.49399 0.0793269 0.180288
11 0.336538 0.581731 0.105769 0.346154
