6 0.289663 0.429087 0.0649038 0.0889423
6 0.467548 0.395433 0.0600962 0.0793269
6 0.534856 0.397837 0.0697115 0.0889423
6 0.614183 0.405048 0.0600962 0.0697115
6 0.539663 0.0432692 0.0745192 0.0817308
6 0.472356 0.0432692 0.0649038 0.0769231
6 0.614183 0.0336538 0.0649038 0.0625
3 0.472356 0.399038 0.0456731 0.0240385
9 0.292067 0.520433 0.117788 0.127404
9 0.543269 0.551683 0.100962 0.204327
9 0.632212 0.512019 0.0817308 0.153846
9 0.455529 0.497596 0.0793269 0.134615
11 0.300481 0.600962 0.134615 0.288462
