0 0.213942 0.683133 0.0673077 0.0313253
0 0.149038 0.780723 0.0576923 0.0722892
0 0.801683 0.803614 0.0649038 0.0409639
0 0.763221 0.755422 0.0793269 0.0506024
3 0.675481 0.420482 0.0336538 0.026506
3 0.741587 0.446988 0.0456731 0.026506
4 0.713942 0.542169 0.0336538 0.0385542
4 0.788462 0.557831 0.0384615 0.0361446
4 0.883413 0.592771 0.0408654 0.0578313
4 0.646635 0.53494 0.0432692 0.0385542
4 0.140625 0.596386 0.0456731 0.0313253
4 0.105769 0.606024 0.0432692 0.0313253
4 0.0697115 0.639759 0.0673077 0.0361446
4 0.222356 0.556626 0.03125 0.0289157
5 0.84976 0.584337 0.0360577 0.060241
5 0.754808 0.554217 0.0384615 0.0337349
6 0.850962 0.403614 0.129808 0.142169
6 0.311298 0.461446 0.0649038 0.0506024
7 0.22476 0.451807 0.0889423 0.0843373
7 0.123798 0.439759 0.0552885 0.0650602
7 0.0625 0.513253 0.110577 0.110843
7 0.745192 0.422892 0.0865385 0.0987952
7 0.683894 0.408434 0.0552885 0.0843373
9 0.165865 0.528916 0.0865385 0.122892
9 0.266827 0.507229 0.0480769 0.0698795
9 0.947115 0.513253 0.105769 0.183133
9 0.716346 0.509639 0.0817308 0.108434
