6 0.634615 0.384337 0.158654 0.190361
6 0.490385 0.360241 0.115385 0.156627
6 0.240385 0.359036 0.120192 0.149398
3 0.501202 0.372289 0.0745192 0.060241
3 0.251202 0.361446 0.0793269 0.0433735
8 0.677885 0.636145 0.221154 0.327711
8 0.501202 0.584337 0.165865 0.325301
8 0.257212 0.574699 0.197115 0.33012
8 0.512019 0.963855 0.144231 0.0722892
8 0.694712 0.918072 0.201923 0.163855
8 0.258413 0.962651 0.189904 0.0746988
5 0.623798 0.790361 0.09375 0.0819277
5 0.625 0.880723 0.105769 0.103614
5 0.394231 0.759036 0.0721154 0.0722892
5 0.423077 0.798795 0.0961538 0.0843373
5 0.257212 0.768675 0.0817308 0.086747
5 0.254808 0.896386 0.0817308 0.106024
5 0.395433 0.895181 0.0793269 0.0891566
