0 0.179087 0.631325 0.0649038 0.0337349
0 0.0757212 0.607229 0.0649038 0.0289157
0 0.205529 0.693976 0.0504808 0.0385542
0 0.364183 0.684337 0.0697115 0.0481928
0 0.807692 0.657831 0.0384615 0.0481928
0 0.891827 0.655422 0.0432692 0.0385542
2 0.842548 0.306024 0.0456731 0.0337349
3 0.526442 0.306024 0.0480769 0.0385542
4 0.325721 0.53012 0.0408654 0.053012
4 0.251202 0.522892 0.0456731 0.0578313
4 0.540865 0.538554 0.0528846 0.0554217
4 0.804087 0.437349 0.0649038 0.0650602
4 0.965144 0.479518 0.0600962 0.0722892
5 0.106971 0.368675 0.0456731 0.0433735
5 0.894231 0.496386 0.0384615 0.0433735
6 0.100962 0.327711 0.0817308 0.0915663
6 0.299279 0.292771 0.0889423 0.122892
6 0.555288 0.287952 0.100962 0.127711
6 0.840144 0.303614 0.0600962 0.086747
9 0.137019 0.422892 0.129808 0.122892
9 0.286058 0.414458 0.134615 0.168675
9 0.594952 0.444578 0.175481 0.2
9 0.844952 0.420482 0.122596 0.156627
10 0.135817 0.489157 0.103365 0.250602
10 0.288462 0.495181 0.149038 0.315663
10 0.602163 0.551807 0.185096 0.4
10 0.83774 0.483133 0.122596 0.291566
