5 0.302885 0.725962 0.0336538 0.0336538
4 0.304087 0.727163 0.03125 0.03125
9 0.266827 0.467548 0.0480769 0.0552885
6 0.728365 0.485577 0.0288462 0.0336538
9 0.597356 0.621394 0.0552885 0.103365
6 0.274038 0.425481 0.0288462 0.0384615
9 0.0264423 0.472356 0.0480769 0.0649038
9 0.697115 0.633413 0.0721154 0.0697115
9 0.407452 0.633413 0.09375 0.0889423
6 0.317308 0.405048 0.0240385 0.0360577
6 0.603365 0.489183 0.0288462 0.03125
6 0.942308 0.430288 0.0432692 0.0625
11 0.895433 0.629808 0.108173 0.336538
6 0.0456731 0.426683 0.0384615 0.0456731
6 0.895433 0.43149 0.0649038 0.0745192
6 0.699519 0.580529 0.0528846 0.0649038
6 0.8125 0.55649 0.0432692 0.0504808
9 0.895433 0.554087 0.108173 0.175481
9 0.31851 0.451923 0.0456731 0.0625
6 0.272837 0.612981 0.0552885 0.0769231
6 0.408654 0.561298 0.0625 0.0793269
6 0.634615 0.558894 0.0528846 0.0649038
0 0.862981 0.819712 0.0865385 0.0384615
5 0.436298 0.65625 0.0264423 0.0240385
5 0.403846 0.653846 0.0384615 0.0336538
