5 0.65625 0.566106 0.0384615 0.0456731
2 0.799279 0.403846 0.0360577 0.0288462
5 0.921875 0.647837 0.0264423 0.0408654
3 0.403846 0.365385 0.0769231 0.0336538
3 0.680288 0.388221 0.0673077 0.03125
3 0.257212 0.38101 0.0673077 0.0264423
5 0.637019 0.569712 0.0384615 0.0432692
5 0.3125 0.598558 0.0480769 0.0480769
5 0.158654 0.625 0.0432692 0.0528846
7 0.258413 0.38101 0.0697115 0.09375
9 0.673077 0.520433 0.149038 0.175481
9 0.423077 0.507212 0.1875 0.177885
11 0.671875 0.633413 0.151442 0.420673
9 0.856971 0.539663 0.132212 0.21875
7 0.826923 0.388221 0.105769 0.108173
11 0.855769 0.626202 0.134615 0.387019
9 0.236779 0.521635 0.180288 0.192308
7 0.403846 0.370192 0.0769231 0.100962
11 0.420673 0.63101 0.182692 0.439904
7 0.680288 0.389423 0.0673077 0.0961538
11 0.235577 0.634615 0.1875 0.427885
