11 0.0997596 0.574519 0.0456731 0.120192
9 0.445913 0.612981 0.03125 0.0384615
6 0.174279 0.512019 0.03125 0.0432692
6 0.489183 0.588942 0.0216346 0.0240385
8 0.0961538 0.545673 0.0384615 0.0625
6 0.450721 0.582933 0.0264423 0.0264423
6 0.647837 0.543269 0.0360577 0.0432692
6 0.104567 0.497596 0.0360577 0.0384615
6 0.860577 0.570913 0.0384615 0.0456731
9 0.484375 0.620192 0.0360577 0.0432692
9 0.657452 0.602163 0.0456731 0.0745192
9 0.159856 0.569712 0.0360577 0.0721154
11 0.153846 0.620192 0.0576923 0.158654
9 0.862981 0.621394 0.0528846 0.0697115
11 0.865385 0.661058 0.0721154 0.144231
