3 0.444712 0.43149 0.0528846 0.0408654
3 0.269231 0.444712 0.0528846 0.0240385
3 0.574519 0.447115 0.0336538 0.0240385
3 0.629808 0.455529 0.0625 0.03125
3 0.734375 0.417067 0.0504808 0.03125
3 0.876202 0.411058 0.0600962 0.0384615
5 0.539663 0.669471 0.0408654 0.0600962
5 0.384615 0.661058 0.0336538 0.0528846
6 0.459135 0.41226 0.100962 0.117788
6 0.272837 0.441106 0.0600962 0.0745192
6 0.378606 0.455529 0.0552885 0.0745192
6 0.580529 0.44351 0.0408654 0.0649038
6 0.646635 0.433894 0.100962 0.127404
6 0.770433 0.396635 0.15625 0.153846
6 0.899038 0.403846 0.115385 0.134615
9 0.466346 0.558894 0.153846 0.199519
9 0.356971 0.53125 0.0745192 0.110577
9 0.266827 0.528846 0.0913462 0.105769
9 0.686298 0.570913 0.112981 0.161058
9 0.801683 0.600962 0.204327 0.25
11 0.463942 0.655048 0.120192 0.382212
11 0.353365 0.611779 0.0913462 0.266827
11 0.667067 0.69351 0.09375 0.40625
11 0.59976 0.644231 0.0600962 0.302885
