1 0.25 0.83774 0.0721154 0.0504808
1 0.447115 0.789663 0.0528846 0.0649038
1 0.528846 0.778846 0.0528846 0.0625
1 0.671875 0.794471 0.0745192 0.0408654
1 0.729567 0.826923 0.0504808 0.0673077
1 0.271635 0.6875 0.0480769 0.0432692
1 0.639423 0.670673 0.0384615 0.0480769
1 0.40024 0.549279 0.03125 0.0360577
2 0.241587 0.268029 0.0456731 0.0264423
3 0.491587 0.276442 0.0456731 0.0288462
3 0.694712 0.252404 0.0576923 0.0336538
5 0.116587 0.543269 0.0360577 0.0480769
5 0.530048 0.495192 0.0408654 0.0480769
5 0.513221 0.544471 0.0504808 0.0552885
5 0.669471 0.364183 0.0649038 0.0552885
5 0.734375 0.378606 0.0504808 0.0649038
6 0.491587 0.277644 0.0793269 0.117788
6 0.424279 0.282452 0.0408654 0.0552885
6 0.448317 0.276442 0.0408654 0.0961538
6 0.206731 0.259615 0.100962 0.134615
6 0.701923 0.260817 0.0865385 0.108173
9 0.176683 0.419471 0.165865 0.21875
9 0.248798 0.376202 0.0600962 0.161058
9 0.409856 0.36899 0.0600962 0.127404
9 0.43149 0.335337 0.0504808 0.0408654
9 0.481971 0.424279 0.151442 0.199519
9 0.71274 0.405048 0.170673 0.175481
11 0.177885 0.567308 0.177885 0.524038
11 0.247596 0.486779 0.0673077 0.396635
11 0.409856 0.417067 0.0600962 0.223558
11 0.432692 0.334135 0.0528846 0.0432692
11 0.485577 0.539663 0.153846 0.435096
11 0.711538 0.552885 0.182692 0.471154
