8 0.573317 0.550602 0.362981 0.363855
6 0.282452 0.427711 0.03125 0.0361446
8 0.28125 0.471084 0.0480769 0.0650602
11 0.179087 0.496386 0.0456731 0.13012
3 0.549279 0.309639 0.151442 0.0506024
6 0.185096 0.414458 0.0432692 0.0337349
8 0.180288 0.46506 0.0432692 0.0674699
5 0.459135 0.595181 0.0625 0.0722892
6 0.546875 0.30241 0.151442 0.195181
5 0.649038 0.76747 0.0769231 0.0746988
11 0.580529 0.680723 0.362981 0.633735
5 0.65024 0.89759 0.0841346 0.060241
11 0.282452 0.501205 0.0504808 0.13012
