6 0.283654 0.371084 0.0769231 0.106024
6 0.395433 0.366265 0.0793269 0.0819277
6 0.679087 0.312048 0.103365 0.142169
6 0.790865 0.319277 0.0432692 0.0891566
6 0.831731 0.325301 0.0576923 0.101205
6 0.561298 0.366265 0.0360577 0.0722892
6 0.68149 0.143373 0.108173 0.137349
6 0.835337 0.133735 0.0600962 0.103614
6 0.790865 0.13012 0.0480769 0.086747
6 0.566106 0.0927711 0.0504808 0.060241
6 0.397837 0.0927711 0.0697115 0.0987952
6 0.283654 0.0807229 0.0769231 0.108434
3 0.663462 0.326506 0.0432692 0.0313253
5 0.644231 0.591566 0.0336538 0.0795181
5 0.774038 0.584337 0.0384615 0.0939759
5 0.5 0.504819 0.0625 0.060241
9 0.723558 0.478313 0.120192 0.156627
9 0.824519 0.421687 0.0913462 0.120482
11 0.719952 0.622892 0.112981 0.450602
