10 0.146635 0.550481 0.129808 0.302885
10 0.280048 0.53726 0.122596 0.262019
10 0.396635 0.542067 0.105769 0.237981
10 0.496394 0.539663 0.132212 0.276442
10 0.655048 0.561298 0.141827 0.276442
10 0.844952 0.555288 0.127404 0.283654
9 0.146635 0.487981 0.125 0.1875
9 0.280048 0.486779 0.117788 0.15625
9 0.396635 0.49399 0.105769 0.151442
9 0.516827 0.489183 0.129808 0.165865
9 0.657452 0.521635 0.151442 0.197115
9 0.84375 0.519231 0.125 0.211538
6 0.132212 0.371394 0.0673077 0.0889423
6 0.271635 0.372596 0.0528846 0.0865385
6 0.355769 0.393029 0.0528846 0.0600962
6 0.401442 0.391827 0.0576923 0.0817308
6 0.514423 0.354567 0.0673077 0.0889423
6 0.65024 0.391827 0.0600962 0.0913462
6 0.856971 0.375 0.0504808 0.0817308
6 0.908654 0.395433 0.0480769 0.0793269
5 0.456731 0.510817 0.0432692 0.0456731
5 0.645433 0.551683 0.0504808 0.0504808
3 0.146635 0.370192 0.0336538 0.0288462
3 0.27524 0.376202 0.0504808 0.0264423
3 0.513221 0.350962 0.0504808 0.0288462
3 0.651442 0.387019 0.0480769 0.0288462
3 0.858173 0.366587 0.0480769 0.03125
3 0.919471 0.396635 0.0408654 0.0240385
0 0.137019 0.753606 0.0576923 0.112981
0 0.176683 0.740385 0.0504808 0.0865385
0 0.253606 0.723558 0.0456731 0.110577
0 0.30649 0.71274 0.0456731 0.103365
0 0.336538 0.68149 0.0240385 0.0745192
0 0.387019 0.711538 0.0384615 0.0913462
0 0.449519 0.759615 0.0384615 0.0961538
0 0.5 0.751202 0.0480769 0.0745192
0 0.610577 0.753606 0.0625 0.09375
0 0.652644 0.776442 0.0504808 0.100962
0 0.774038 0.765625 0.0625 0.0889423
0 0.84976 0.778846 0.0456731 0.0913462
0 0.897837 0.704327 0.0552885 0.0961538
