0 0.129808 0.737981 0.0432692 0.0384615
0 0.0709135 0.754808 0.0456731 0.0336538
0 0.229567 0.706731 0.0408654 0.0480769
0 0.27524 0.804087 0.0552885 0.0552885
0 0.326923 0.788462 0.0721154 0.0528846
0 0.394231 0.783654 0.0288462 0.0336538
0 0.457933 0.770433 0.0552885 0.0408654
0 0.544471 0.778846 0.0600962 0.0384615
0 0.61899 0.790865 0.0360577 0.0432692
0 0.723558 0.794471 0.0432692 0.03125
3 0.348558 0.393029 0.0384615 0.0360577
3 0.46274 0.417067 0.0360577 0.03125
3 0.55649 0.439904 0.0360577 0.0240385
3 0.74399 0.430288 0.0408654 0.0288462
3 0.515625 0.413462 0.0408654 0.0288462
5 0.207933 0.432692 0.0408654 0.0336538
5 0.167067 0.554087 0.0264423 0.0504808
5 0.0685096 0.573317 0.03125 0.0264423
5 0.455529 0.55649 0.03125 0.0408654
5 0.52524 0.605769 0.0264423 0.0480769
5 0.716346 0.576923 0.0336538 0.0336538
5 0.725962 0.603365 0.0336538 0.0336538
5 0.580529 0.473558 0.0360577 0.0336538
5 0.425481 0.429087 0.0384615 0.0360577
5 0.21875 0.554087 0.0288462 0.0456731
7 0.334135 0.40024 0.0721154 0.0793269
7 0.277644 0.407452 0.0456731 0.0600962
7 0.135817 0.425481 0.0552885 0.0673077
7 0.748798 0.432692 0.0697115 0.0769231
7 0.566106 0.439904 0.0552885 0.0721154
7 0.513221 0.411058 0.0504808 0.0576923
9 0.112981 0.496394 0.0961538 0.108173
9 0.310096 0.49399 0.105769 0.127404
9 0.4375 0.502404 0.0913462 0.125
9 0.56851 0.516827 0.0889423 0.0961538
9 0.741587 0.516827 0.0985577 0.100962
11 0.105769 0.567308 0.0865385 0.240385
11 0.304087 0.585337 0.103365 0.295673
11 0.436298 0.588942 0.0985577 0.283654
11 0.581731 0.604567 0.120192 0.271635
11 0.745192 0.614183 0.100962 0.300481
