7 0.334135 0.53253 0.0432692 0.0626506
7 0.427885 0.533735 0.0480769 0.0457831
7 0.567308 0.525301 0.0384615 0.0385542
7 0.614183 0.574699 0.0793269 0.0698795
7 0.754808 0.557831 0.0384615 0.0457831
7 0.786058 0.577108 0.0625 0.0554217
7 0.237981 0.548193 0.0480769 0.0506024
7 0.0997596 0.549398 0.0697115 0.0626506
7 0.507212 0.604819 0.0769231 0.0674699
9 0.546875 0.779518 0.146635 0.291566
9 0.638221 0.677108 0.0985577 0.159036
9 0.0961538 0.619277 0.110577 0.0722892
9 0.231971 0.60241 0.0889423 0.0771084
9 0.334135 0.586747 0.0769231 0.060241
9 0.421875 0.571084 0.0745192 0.0433735
