6 0.435096 0.372289 0.139423 0.151807
6 0.754808 0.336145 0.115385 0.113253
6 0.757212 0.0963855 0.125 0.120482
6 0.0793269 0.342169 0.158654 0.260241
6 0.0769231 0.108434 0.153846 0.216867
6 0.18149 0.350602 0.0600962 0.0795181
6 0.183894 0.0819277 0.0552885 0.0915663
7 0.300481 0.36506 0.0769231 0.103614
7 0.299279 0.0783133 0.0793269 0.108434
0 0.165865 0.754217 0.0673077 0.0433735
0 0.165865 0.808434 0.0625 0.0506024
9 0.40625 0.645783 0.216346 0.342169
9 0.752404 0.561446 0.153846 0.308434
9 0.740385 0.933735 0.177885 0.13253
9 0.234375 0.498795 0.103365 0.221687
9 0.133413 0.471084 0.0697115 0.146988
