3 0.740385 0.487952 0.0432692 0.0361446
5 0.760817 0.644578 0.0456731 0.0409639
5 0.572115 0.643373 0.0432692 0.0289157
5 0.533654 0.615663 0.0288462 0.0313253
0 0.586538 0.748193 0.0480769 0.0361446
0 0.528846 0.716867 0.0288462 0.0457831
6 0.71875 0.484337 0.0913462 0.110843
6 0.655048 0.46506 0.0504808 0.0771084
6 0.573317 0.481928 0.0408654 0.0578313
6 0.520433 0.484337 0.0408654 0.0481928
6 0.453125 0.514458 0.03125 0.0361446
6 0.394231 0.509639 0.0288462 0.0313253
6 0.348558 0.513253 0.0240385 0.0240964
6 0.384615 0.507229 0.0240385 0.0361446
6 0.326923 0.509639 0.0240385 0.026506
6 0.231971 0.528916 0.0264423 0.026506
6 0.186298 0.512048 0.03125 0.0313253
9 0.182692 0.545783 0.0384615 0.0554217
9 0.225962 0.560241 0.0336538 0.0554217
9 0.307692 0.533735 0.0240385 0.0313253
9 0.322115 0.533735 0.0240385 0.0313253
9 0.348558 0.539759 0.0288462 0.0433735
9 0.36899 0.542169 0.0264423 0.053012
9 0.390625 0.551807 0.0456731 0.0626506
9 0.449519 0.555422 0.0384615 0.0650602
9 0.502404 0.542169 0.0384615 0.086747
9 0.55649 0.559036 0.0697115 0.115663
9 0.63101 0.557831 0.09375 0.127711
9 0.703125 0.642169 0.146635 0.2
11 0.179087 0.56747 0.0456731 0.113253
11 0.225962 0.579518 0.0336538 0.0843373
11 0.307692 0.544578 0.0240385 0.0578313
11 0.326923 0.545783 0.0240385 0.0554217
11 0.346154 0.553012 0.0288462 0.0650602
11 0.36899 0.561446 0.0264423 0.0963855
11 0.391827 0.575904 0.0480769 0.106024
11 0.451923 0.593976 0.0432692 0.142169
11 0.508413 0.595181 0.0600962 0.19759
11 0.557692 0.609639 0.0817308 0.231325
11 0.63101 0.560241 0.0889423 0.142169
11 0.710337 0.698795 0.175481 0.313253
