4 0.758413 0.568675 0.03125 0.0337349
9 0.254808 0.404819 0.0817308 0.101205
6 0.264423 0.336145 0.0432692 0.0554217
0 0.930288 0.640964 0.0528846 0.0289157
9 0.83774 0.455422 0.103365 0.0819277
6 0.831731 0.419277 0.0576923 0.0481928
11 0.850962 0.513253 0.125 0.192771
6 0.219952 0.477108 0.0552885 0.0722892
9 0.151442 0.53494 0.110577 0.086747
0 0.793269 0.63253 0.0384615 0.0361446
0 0.137019 0.622892 0.0721154 0.0361446
4 0.25601 0.585542 0.03125 0.0192771
11 0.25601 0.463855 0.0889423 0.219277
