6 0.823317 0.579518 0.108173 0.156627
9 0.950721 0.374699 0.0985577 0.171084
11 0.572115 0.408434 0.115385 0.286747
2 0.884615 0.261446 0.0288462 0.0216867
9 0.340144 0.354217 0.103365 0.144578
6 0.786058 0.296386 0.0528846 0.0674699
9 0.108173 0.450602 0.120192 0.120482
9 0.271635 0.478313 0.177885 0.190361
6 0.159856 0.36988 0.0552885 0.060241
6 0.354567 0.253012 0.0600962 0.0626506
9 0.573317 0.353012 0.112981 0.175904
6 0.542067 0.238554 0.0600962 0.0674699
6 0.902644 0.245783 0.0841346 0.115663
