0 0.71274 0.63101 0.0168269 0.0168269
5 0.780048 0.584135 0.0216346 0.0336538
6 0.823317 0.502404 0.0552885 0.0673077
9 0.567308 0.552885 0.0673077 0.100962
0 0.473558 0.668269 0.0288462 0.0240385
0 0.508413 0.670673 0.0264423 0.0192308
0 0.580529 0.682692 0.0360577 0.0336538
6 0.697115 0.5 0.0480769 0.0480769
6 0.460337 0.519231 0.0408654 0.0528846
6 0.314904 0.55649 0.0336538 0.0408654
6 0.645433 0.545673 0.0504808 0.0528846
6 0.515625 0.532452 0.0408654 0.0600962
6 0.746394 0.503606 0.0456731 0.0552885
0 0.649038 0.69351 0.0288462 0.03125
0 0.616587 0.688702 0.0264423 0.0264423
0 0.536058 0.68149 0.0336538 0.0264423
0 0.737981 0.63101 0.0192308 0.0264423
0 0.811298 0.700721 0.03125 0.0264423
0 0.768029 0.699519 0.03125 0.0288462
5 0.794471 0.598558 0.0216346 0.0240385
5 0.352163 0.626202 0.0216346 0.0216346
0 0.310096 0.633413 0.0288462 0.0216346
11 0.804087 0.581731 0.122596 0.206731
11 0.719952 0.551683 0.0552885 0.132212
11 0.640625 0.585337 0.0600962 0.161058
11 0.558894 0.575721 0.0697115 0.165865
11 0.489183 0.575721 0.0600962 0.146635
