9 0.532452 0.689904 0.0985577 0.105769
6 0.75601 0.483173 0.0600962 0.0721154
6 0.44351 0.764423 0.0697115 0.0817308
6 0.4375 0.671875 0.0673077 0.0745192
6 0.561298 0.611779 0.0697115 0.0745192
6 0.651442 0.521635 0.0625 0.0721154
4 0.707933 0.628606 0.0360577 0.03125
4 0.61899 0.680288 0.03125 0.0480769
4 0.617788 0.740385 0.0384615 0.0384615
0 0.695913 0.758413 0.0408654 0.0360577
0 0.658654 0.706731 0.0336538 0.0625
10 0.72476 0.637019 0.127404 0.264423
9 0.727163 0.567308 0.117788 0.120192
4 0.805288 0.626202 0.0432692 0.0264423
9 0.627404 0.597356 0.0817308 0.0985577
11 0.364183 0.862981 0.367788 0.105769
7 0.513221 0.859375 0.0649038 0.0552885
