1 0.207933 0.771084 0.0649038 0.0481928
1 0.272837 0.786747 0.0889423 0.0506024
2 0.247596 0.313253 0.0576923 0.0337349
2 0.584135 0.337349 0.0576923 0.0289157
5 0.216346 0.533735 0.0480769 0.0554217
5 0.355769 0.477108 0.0384615 0.0481928
4 0.508413 0.512048 0.0456731 0.0409639
6 0.234375 0.303614 0.0889423 0.106024
6 0.598558 0.33494 0.0769231 0.0963855
9 0.215144 0.414458 0.117788 0.168675
9 0.615385 0.472289 0.110577 0.20241
11 0.21274 0.537349 0.117788 0.419277
11 0.611779 0.472289 0.108173 0.20241
