0 0.442308 0.647837 0.0336538 0.0360577
6 0.661058 0.332933 0.0432692 0.0600962
3 0.659856 0.332933 0.0360577 0.0168269
11 0.573317 0.479567 0.0649038 0.257212
6 0.71274 0.326923 0.0360577 0.0576923
3 0.661058 0.331731 0.0432692 0.0336538
3 0.859375 0.348558 0.0408654 0.0192308
3 0.239183 0.283654 0.0360577 0.0240385
3 0.441106 0.331731 0.0360577 0.0240385
6 0.97476 0.342548 0.0408654 0.0600962
11 0.472356 0.49399 0.0600962 0.300481
0 0.586538 0.621394 0.0384615 0.03125
7 0.442308 0.334135 0.0384615 0.0576923
9 0.480769 0.411058 0.0769231 0.129808
7 0.816106 0.335337 0.0456731 0.0649038
0 0.679087 0.629808 0.03125 0.0336538
6 0.861779 0.348558 0.0456731 0.0625
7 0.661058 0.334135 0.0432692 0.0576923
9 0.875 0.439904 0.0769231 0.144231
0 0.520433 0.574519 0.0360577 0.0336538
9 0.966346 0.435096 0.0625 0.134615
0 0.877404 0.639423 0.0432692 0.0336538
3 0.817308 0.332933 0.0432692 0.0216346
0 0.829327 0.658654 0.0336538 0.0384615
11 0.655048 0.475962 0.0793269 0.240385
7 0.580529 0.332933 0.0504808 0.0552885
3 0.75601 0.323317 0.0552885 0.0264423
11 0.38101 0.497596 0.108173 0.336538
0 0.490385 0.641827 0.0528846 0.0336538
0 0.0600962 0.748798 0.0528846 0.0456731
0 0.639423 0.622596 0.0432692 0.0336538
0 0.567308 0.633413 0.0528846 0.0360577
0 0.117788 0.729567 0.0721154 0.0360577
6 0.816106 0.334135 0.0456731 0.0625
0 0.424279 0.679087 0.0552885 0.0360577
0 0.34375 0.688702 0.0432692 0.0504808
3 0.403846 0.299279 0.0528846 0.0216346
7 0.159856 0.304087 0.0456731 0.0649038
0 0.81851 0.814904 0.0649038 0.0480769
9 0.653846 0.423077 0.0817308 0.125
6 0.754808 0.323317 0.0673077 0.0841346
7 0.215144 0.28125 0.0985577 0.105769
11 0.0637019 0.533654 0.108173 0.355769
9 0.38101 0.411058 0.108173 0.163462
0 0.730769 0.790865 0.0576923 0.0432692
7 0.402644 0.300481 0.0552885 0.0625
0 0.313702 0.834135 0.0889423 0.0480769
7 0.0564904 0.310096 0.0697115 0.0913462
11 0.770433 0.566106 0.132212 0.40625
5 0.777644 0.516827 0.0456731 0.0528846
0 0.222356 0.848558 0.0552885 0.0480769
9 0.0649038 0.454327 0.105769 0.192308
9 0.222356 0.47476 0.15625 0.286058
9 0.570913 0.429087 0.0745192 0.141827
9 0.769231 0.46274 0.134615 0.194712
11 0.236779 0.575721 0.161058 0.483173
0 0.221154 0.926683 0.0576923 0.0649038
0 0.3125 0.944712 0.0817308 0.0528846
0 0.733173 0.977163 0.0625 0.0456731
0 0.814904 0.965144 0.0576923 0.0600962
0 0.951923 0.653846 0.0288462 0.0576923
11 0.873798 0.495192 0.0745192 0.240385
11 0.966346 0.479567 0.0576923 0.223558
