6 0.36899 0.492771 0.0408654 0.0650602
6 0.448317 0.463855 0.0360577 0.0650602
6 0.520433 0.486747 0.0360577 0.0578313
0 0.417067 0.731325 0.0264423 0.0313253
0 0.465144 0.73253 0.0264423 0.0289157
0 0.372596 0.727711 0.0336538 0.0289157
0 0.326923 0.733735 0.0240385 0.0361446
5 0.334135 0.63012 0.0240385 0.0313253
9 0.366587 0.56506 0.0600962 0.0843373
9 0.441106 0.536145 0.0600962 0.0939759
9 0.518029 0.560241 0.0600962 0.0987952
11 0.367788 0.609639 0.0625 0.168675
11 0.441106 0.586747 0.0649038 0.2
11 0.518029 0.60241 0.0649038 0.187952
0 0.538462 0.740964 0.0288462 0.026506
