3 0.225962 0.425301 0.0673077 0.0361446
3 0.546875 0.420482 0.0649038 0.0506024
3 0.748798 0.326506 0.103365 0.0361446
3 0.902644 0.389157 0.0889423 0.0409639
2 0.371394 0.444578 0.0793269 0.0361446
5 0.36899 0.637349 0.0793269 0.060241
5 0.600962 0.620482 0.0576923 0.0650602
5 0.680288 0.707229 0.0721154 0.0843373
6 0.192308 0.415663 0.129808 0.161446
6 0.355769 0.436145 0.105769 0.125301
6 0.563702 0.412048 0.122596 0.144578
6 0.762019 0.338554 0.144231 0.171084
6 0.908654 0.395181 0.120192 0.120482
9 0.144231 0.619277 0.274038 0.274699
9 0.367788 0.625301 0.1875 0.257831
9 0.560096 0.612048 0.197115 0.298795
9 0.764423 0.590361 0.225962 0.342169
9 0.920673 0.603614 0.149038 0.310843
11 0.144231 0.616867 0.278846 0.274699
11 0.372596 0.622892 0.182692 0.257831
11 0.55649 0.614458 0.194712 0.298795
11 0.768029 0.591566 0.228365 0.339759
11 0.923077 0.598795 0.153846 0.301205
