0 0.444712 0.403614 0.0336538 0.0361446
0 0.567308 0.460241 0.0336538 0.0240964
0 0.810096 0.580723 0.0480769 0.0385542
0 0.246394 0.812048 0.03125 0.0433735
0 0.751202 0.496386 0.0360577 0.0289157
0 0.723558 0.510843 0.0288462 0.0385542
4 0.567308 0.279518 0.0240385 0.0289157
4 0.33774 0.355422 0.03125 0.0409639
6 0.0793269 0.601205 0.0480769 0.060241
6 0.174279 0.578313 0.0456731 0.0578313
6 0.195913 0.551807 0.0456731 0.053012
6 0.38101 0.286747 0.0456731 0.0433735
6 0.625 0.277108 0.0480769 0.0337349
6 0.850962 0.413253 0.0384615 0.0457831
9 0.44351 0.314458 0.117788 0.0650602
9 0.0889423 0.637349 0.0576923 0.0746988
9 0.188702 0.639759 0.0793269 0.0939759
9 0.225962 0.56747 0.0528846 0.0554217
9 0.628606 0.322892 0.0552885 0.0674699
9 0.706731 0.407229 0.0673077 0.0626506
9 0.850962 0.479518 0.0625 0.086747
11 0.0889423 0.655422 0.0673077 0.110843
11 0.195913 0.69759 0.0985577 0.214458
11 0.235577 0.624096 0.0769231 0.154217
11 0.461538 0.36747 0.153846 0.166265
11 0.608173 0.333735 0.0913462 0.103614
11 0.713942 0.43494 0.0913462 0.122892
11 0.848558 0.504819 0.0865385 0.146988
0 0.596154 0.381928 0.0336538 0.0409639
