7 0.454327 0.367788 0.0576923 0.0721154
7 0.651442 0.356971 0.0576923 0.0745192
7 0.353365 0.341346 0.0528846 0.0769231
7 0.271635 0.366587 0.0769231 0.0985577
7 0.204327 0.331731 0.0625 0.0769231
7 0.145433 0.376202 0.0456731 0.0552885
7 0.80649 0.372596 0.0697115 0.0817308
5 0.215144 0.454327 0.0456731 0.0721154
5 0.90625 0.563702 0.0384615 0.0552885
9 0.444712 0.465144 0.110577 0.103365
9 0.346154 0.429087 0.0721154 0.108173
9 0.262019 0.485577 0.115385 0.125
9 0.66226 0.456731 0.0985577 0.134615
9 0.842548 0.498798 0.0841346 0.165865
0 0.492788 0.754808 0.0528846 0.0576923
0 0.438702 0.762019 0.0408654 0.0528846
0 0.609375 0.766827 0.0745192 0.0384615
0 0.671875 0.760817 0.0456731 0.0408654
0 0.270433 0.850962 0.0649038 0.0576923
0 0.316106 0.819712 0.0793269 0.0432692
0 0.264423 0.895433 0.0721154 0.0456731
0 0.313702 0.932692 0.0793269 0.0480769
11 0.449519 0.544471 0.110577 0.271635
11 0.66226 0.5625 0.112981 0.331731
11 0.83774 0.602163 0.0985577 0.377404
11 0.262019 0.603365 0.120192 0.350962
