0 0.0733173 0.606024 0.0360577 0.0361446
0 0.135817 0.595181 0.03125 0.0481928
0 0.377404 0.418072 0.0240385 0.0313253
3 0.491587 0.516867 0.0360577 0.0313253
4 0.483173 0.593976 0.0528846 0.0506024
4 0.330529 0.674699 0.0408654 0.0385542
4 0.478365 0.3 0.0288462 0.0361446
5 0.200721 0.4 0.0360577 0.0289157
5 0.584135 0.449398 0.0288462 0.026506
6 0.372596 0.512048 0.0769231 0.103614
6 0.504808 0.49759 0.0913462 0.108434
6 0.560096 0.453012 0.0673077 0.0722892
6 0.626202 0.354217 0.0697115 0.086747
6 0.237981 0.4 0.0576923 0.0722892
9 0.305288 0.63012 0.120192 0.185542
9 0.538462 0.640964 0.110577 0.173494
9 0.657452 0.478313 0.103365 0.195181
9 0.429087 0.337349 0.0600962 0.0722892
9 0.170673 0.401205 0.0721154 0.0746988
