11 0.575721 0.527644 0.122596 0.213942
9 0.0324519 0.361779 0.0649038 0.0889423
9 0.265625 0.366587 0.0841346 0.0985577
9 0.564904 0.479567 0.0961538 0.112981
6 0.320913 0.47476 0.0504808 0.0600962
9 0.280048 0.527644 0.0841346 0.09375
0 0.635817 0.667067 0.0600962 0.0456731
6 0.497596 0.44351 0.0576923 0.0600962
6 0.477163 0.0372596 0.0504808 0.0600962
0 0.444712 0.862981 0.0673077 0.0432692
6 0.383413 0.623798 0.0552885 0.0697115
6 0.3125 0.334135 0.0528846 0.0625
6 0.483173 0.245192 0.0480769 0.0673077
9 0.379808 0.699519 0.0673077 0.0865385
11 0.402644 0.75 0.132212 0.206731
11 0.282452 0.584135 0.103365 0.211538
