4 0.479567 0.413253 0.189904 0.171084
3 0.52524 0.416867 0.0985577 0.0578313
9 0.727163 0.677108 0.247596 0.351807
5 0.278846 0.751807 0.0721154 0.086747
2 0.706731 0.440964 0.129808 0.053012
9 0.28726 0.675904 0.151442 0.301205
5 0.246394 0.946988 0.151442 0.0915663
3 0.170673 0.440964 0.0865385 0.0481928
3 0.706731 0.440964 0.129808 0.053012
3 0.899038 0.518072 0.0673077 0.0337349
10 0.915865 0.710843 0.125 0.337349
5 0.215144 0.759036 0.0985577 0.0915663
5 0.960337 0.713253 0.0360577 0.0481928
6 0.480769 0.413253 0.1875 0.171084
9 0.459135 0.674699 0.230769 0.414458
9 0.913462 0.638554 0.120192 0.173494
5 0.780048 0.360241 0.0697115 0.118072
9 0.127404 0.739759 0.221154 0.419277
6 0.292067 0.462651 0.122596 0.149398
6 0.13101 0.446988 0.175481 0.2
6 0.899038 0.516867 0.0673077 0.0843373
6 0.706731 0.445783 0.129808 0.163855
5 0.47476 0.36506 0.0841346 0.0843373
5 0.294471 0.672289 0.103365 0.0626506
