1 0.0432692 0.708434 0.0240385 0.0240964
1 0.0793269 0.698795 0.0240385 0.0289157
1 0.15625 0.744578 0.0240385 0.0240964
1 0.292067 0.750602 0.0264423 0.0409639
1 0.310096 0.738554 0.0288462 0.0313253
1 0.447115 0.744578 0.0336538 0.0385542
1 0.536058 0.751807 0.0432692 0.0385542
1 0.585337 0.683133 0.0264423 0.0361446
1 0.653846 0.703614 0.0480769 0.0289157
1 0.817308 0.650602 0.0480769 0.0337349
1 0.858173 0.657831 0.0336538 0.0289157
2 0.65625 0.460241 0.0336538 0.0240964
3 0.0360577 0.515663 0.0432692 0.0240964
3 0.149038 0.518072 0.0384615 0.0240964
3 0.302885 0.496386 0.0384615 0.0240964
3 0.355769 0.486747 0.0240385 0.0240964
3 0.501202 0.479518 0.03125 0.0240964
5 0.116587 0.643373 0.0360577 0.0240964
5 0.192308 0.620482 0.0240385 0.0313253
5 0.25 0.637349 0.0240385 0.0313253
5 0.356971 0.625301 0.03125 0.0409639
5 0.485577 0.637349 0.0288462 0.0361446
5 0.603365 0.593976 0.0336538 0.0313253
5 0.817308 0.572289 0.0288462 0.0361446
5 0.895433 0.554217 0.03125 0.0385542
7 0.0360577 0.518072 0.0432692 0.0433735
7 0.151442 0.512048 0.0432692 0.060241
7 0.293269 0.489157 0.0432692 0.0481928
7 0.346154 0.481928 0.0384615 0.0481928
7 0.391827 0.484337 0.0336538 0.0289157
7 0.445913 0.483133 0.03125 0.0457831
7 0.498798 0.483133 0.0456731 0.0506024
7 0.653846 0.461446 0.0384615 0.0457831
7 0.860577 0.449398 0.0432692 0.0457831
9 0.0432692 0.572289 0.0625 0.0795181
9 0.146635 0.575904 0.0576923 0.0915663
9 0.298077 0.56988 0.0817308 0.122892
9 0.356971 0.546988 0.0408654 0.0771084
9 0.395433 0.536145 0.0360577 0.0795181
1 0.408654 0.621687 0.0288462 0.0289157
1 0.394231 0.63253 0.0240385 0.026506
9 0.483173 0.553012 0.0721154 0.108434
9 0.633413 0.538554 0.0745192 0.113253
9 0.84375 0.510843 0.0721154 0.0819277
11 0.0444712 0.60241 0.0745192 0.149398
11 0.140625 0.592771 0.0600962 0.125301
11 0.293269 0.592771 0.0817308 0.173494
11 0.352163 0.557831 0.0456731 0.118072
11 0.397837 0.560241 0.0408654 0.122892
11 0.491587 0.612048 0.09375 0.212048
11 0.626202 0.593976 0.0697115 0.214458
11 0.836538 0.544578 0.0673077 0.159036
