7 0.46274 0.41226 0.0600962 0.0793269
7 0.669471 0.423077 0.0793269 0.0769231
7 0.838942 0.448317 0.0865385 0.141827
7 0.986779 0.435096 0.0264423 0.0865385
7 0.31851 0.413462 0.0504808 0.0865385
7 0.268029 0.415865 0.0697115 0.0961538
7 0.0877404 0.393029 0.0504808 0.0600962
3 0.465144 0.401442 0.0360577 0.0288462
3 0.280048 0.418269 0.0456731 0.0288462
0 0.34976 0.847356 0.0456731 0.0408654
0 0.34976 0.908654 0.0504808 0.0528846
0 0.121394 0.677885 0.0408654 0.0336538
0 0.0877404 0.6875 0.0264423 0.0288462
9 0.270433 0.548077 0.112981 0.177885
9 0.454327 0.533654 0.110577 0.173077
9 0.680288 0.550481 0.129808 0.216346
9 0.884615 0.657452 0.158654 0.305288
9 0.0961538 0.47476 0.0769231 0.117788
9 0.97476 0.55649 0.0504808 0.151442
11 0.680288 0.668269 0.120192 0.408654
11 0.455529 0.694712 0.112981 0.427885
11 0.270433 0.683894 0.112981 0.420673
