2 0.521635 0.216867 0.0384615 0.0240964
2 0.563702 0.374699 0.0600962 0.0313253
2 0.466346 0.373494 0.0721154 0.0337349
2 0.132212 0.360241 0.0480769 0.026506
3 0.277644 0.304819 0.0456731 0.0313253
3 0.227163 0.396386 0.0552885 0.0361446
3 0.776442 0.356627 0.0528846 0.0337349
5 0.0757212 0.266265 0.03125 0.0361446
5 0.0372596 0.674699 0.0504808 0.0819277
5 0.128606 0.739759 0.0504808 0.0626506
5 0.411058 0.750602 0.0625 0.0746988
5 0.665865 0.677108 0.0384615 0.0722892
5 0.550481 0.544578 0.0336538 0.053012
5 0.701923 0.46747 0.0625 0.0578313
5 0.933894 0.533735 0.0697115 0.0554217
5 0.34976 0.355422 0.0264423 0.0409639
6 0.401442 0.215663 0.0480769 0.0506024
6 0.521635 0.210843 0.0480769 0.0554217
6 0.110577 0.356627 0.0961538 0.115663
6 0.209135 0.39759 0.0913462 0.144578
6 0.277644 0.29759 0.0552885 0.0843373
6 0.504808 0.383133 0.0336538 0.0963855
6 0.442308 0.366265 0.100962 0.144578
6 0.765625 0.343374 0.0985577 0.127711
7 0.260817 0.383133 0.03125 0.101205
7 0.560096 0.363855 0.0673077 0.0963855
9 0.103365 0.498795 0.153846 0.19759
9 0.201923 0.560241 0.221154 0.214458
9 0.289663 0.456627 0.0697115 0.108434
9 0.296875 0.36747 0.0697115 0.0891566
9 0.231971 0.259036 0.103365 0.103614
9 0.128606 0.218072 0.09375 0.0506024
9 0.405048 0.272289 0.103365 0.0963855
9 0.503606 0.281928 0.103365 0.120482
9 0.439904 0.533735 0.192308 0.214458
9 0.572115 0.474699 0.115385 0.163855
9 0.75601 0.536145 0.189904 0.272289
11 0.0997596 0.59759 0.161058 0.404819
11 0.197115 0.622892 0.216346 0.354217
11 0.449519 0.616867 0.230769 0.390361
11 0.764423 0.612048 0.206731 0.424096
11 0.573317 0.56506 0.117788 0.354217
11 0.289663 0.46506 0.0649038 0.125301
11 0.292067 0.36506 0.0697115 0.0891566
11 0.227163 0.268675 0.0985577 0.13253
11 0.125 0.261446 0.0961538 0.146988
11 0.405048 0.327711 0.103365 0.207229
11 0.507212 0.278313 0.110577 0.118072
