6 0.284856 0.669879 0.0793269 0.120482
6 0.963942 0.536145 0.0673077 0.118072
7 0.0949519 0.662651 0.0697115 0.0915663
7 0.627404 0.503614 0.0576923 0.086747
7 0.442308 0.578313 0.0576923 0.0915663
5 0.0733173 0.818072 0.0408654 0.0457831
5 0.165865 0.822892 0.0336538 0.0409639
5 0.313702 0.708434 0.0649038 0.0578313
5 0.40024 0.737349 0.0408654 0.0578313
5 0.490385 0.715663 0.0432692 0.0626506
5 0.640625 0.613253 0.0504808 0.0506024
5 0.627404 0.653012 0.0432692 0.053012
5 0.40024 0.924096 0.0408654 0.0698795
5 0.486779 0.944578 0.0456731 0.0626506
9 0.621394 0.56747 0.0889423 0.0891566
9 0.44351 0.651807 0.0889423 0.0891566
9 0.27524 0.760241 0.117788 0.0987952
9 0.949519 0.601205 0.0913462 0.0746988
0 0.572115 0.73494 0.0480769 0.0578313
0 0.570913 0.920482 0.0504808 0.053012
