1 0.103365 0.796386 0.0384615 0.0457831
1 0.152644 0.790361 0.0456731 0.0337349
1 0.176683 0.744578 0.0360577 0.0385542
1 0.240385 0.777108 0.0336538 0.0361446
1 0.290865 0.783133 0.0480769 0.0289157
1 0.384615 0.781928 0.0528846 0.0361446
1 0.403846 0.750602 0.0480769 0.0457831
1 0.479567 0.76747 0.0360577 0.0313253
1 0.530048 0.754217 0.0408654 0.0289157
1 0.579327 0.73253 0.0336538 0.0337349
1 0.61899 0.755422 0.03125 0.0361446
1 0.66226 0.761446 0.03125 0.0337349
1 0.774038 0.774699 0.0625 0.0313253
1 0.822115 0.787952 0.0384615 0.0385542
1 0.97476 0.803614 0.0504808 0.0361446
1 0.960337 0.816867 0.0649038 0.0240964
3 0.27524 0.484337 0.03125 0.0240964
3 0.502404 0.455422 0.0336538 0.0240964
3 0.780048 0.479518 0.0408654 0.0240964
3 0.627404 0.496386 0.0336538 0.0240964
4 0.0132212 0.462651 0.0264423 0.0289157
6 0.0144231 0.46506 0.0288462 0.0819277
6 0.128606 0.475904 0.0600962 0.0698795
6 0.271635 0.474699 0.0480769 0.0722892
6 0.393029 0.454217 0.0552885 0.0650602
6 0.504808 0.451807 0.0432692 0.060241
6 0.594952 0.480723 0.0408654 0.060241
6 0.632212 0.495181 0.0528846 0.0554217
6 0.789663 0.480723 0.0600962 0.060241
6 0.9375 0.481928 0.0576923 0.0626506
5 0.0889423 0.655422 0.0288462 0.0385542
5 0.276442 0.520482 0.0288462 0.0337349
5 0.524038 0.56506 0.0240385 0.0313253
5 0.635817 0.607229 0.0264423 0.0289157
5 0.635817 0.620482 0.03125 0.026506
5 0.760817 0.63012 0.0264423 0.0361446
5 0.830529 0.633735 0.03125 0.0337349
5 0.983173 0.501205 0.0288462 0.0385542
9 0.0168269 0.563855 0.0336538 0.13494
9 0.120192 0.571084 0.100962 0.13494
9 0.271635 0.553012 0.0817308 0.0987952
9 0.383413 0.542169 0.0793269 0.106024
9 0.501202 0.53012 0.0985577 0.106024
9 0.578125 0.540964 0.0504808 0.0891566
9 0.640625 0.575904 0.0745192 0.125301
9 0.798077 0.550602 0.0769231 0.0891566
9 0.947115 0.56988 0.0865385 0.118072
11 0.0180288 0.645783 0.0360577 0.303614
11 0.120192 0.644578 0.0961538 0.277108
11 0.265625 0.633735 0.09375 0.26506
11 0.385817 0.621687 0.09375 0.274699
11 0.502404 0.603614 0.100962 0.262651
11 0.582933 0.601205 0.0504808 0.209639
11 0.635817 0.638554 0.0745192 0.240964
11 0.802885 0.63253 0.0865385 0.257831
11 0.950721 0.654217 0.0985577 0.281928
