0 0.644231 0.588942 0.0480769 0.0721154
0 0.536058 0.539663 0.0769231 0.0456731
0 0.461538 0.408654 0.0480769 0.0528846
0 0.521635 0.403846 0.0480769 0.0480769
0 0.528846 0.634615 0.0769231 0.0432692
0 0.585337 0.762019 0.0745192 0.0865385
0 0.727163 0.891827 0.0841346 0.0913462
0 0.47476 0.451923 0.0408654 0.0528846
2 0.239183 0.153846 0.0552885 0.0336538
3 0.606971 0.206731 0.0600962 0.0384615
3 0.449519 0.0973558 0.0528846 0.03125
3 0.727163 0.271635 0.0456731 0.0432692
5 0.200721 0.466346 0.0600962 0.0432692
5 0.518029 0.246394 0.03125 0.0408654
5 0.579327 0.347356 0.0384615 0.03125
5 0.594952 0.359375 0.0408654 0.0552885
5 0.745192 0.766827 0.0721154 0.115385
5 0.395433 0.741587 0.0408654 0.0408654
5 0.365385 0.522837 0.0240385 0.0264423
5 0.573317 0.572115 0.0552885 0.0336538
6 0.284856 0.600962 0.175481 0.173077
7 0.21274 0.145433 0.127404 0.141827
7 0.453125 0.100962 0.0504808 0.0673077
7 0.615385 0.189904 0.0865385 0.0865385
7 0.790865 0.237981 0.1875 0.211538
9 0.200721 0.342548 0.199519 0.295673
9 0.225962 0.840144 0.264423 0.310096
9 0.774038 0.534856 0.225962 0.348558
9 0.632212 0.326923 0.139423 0.197115
11 0.771635 0.663462 0.235577 0.610577
