1 0.248798 0.737349 0.0600962 0.0385542
1 0.310096 0.740964 0.0480769 0.0409639
1 0.370192 0.740964 0.0673077 0.0313253
1 0.397837 0.760241 0.0841346 0.0313253
3 0.373798 0.371084 0.0360577 0.0289157
3 0.300481 0.378313 0.0336538 0.0240964
5 0.21875 0.362651 0.0384615 0.0457831
5 0.328125 0.43494 0.03125 0.0361446
5 0.340144 0.56506 0.0360577 0.0409639
6 0.310096 0.383133 0.0576923 0.0771084
6 0.385817 0.36988 0.0793269 0.0698795
9 0.300481 0.468675 0.0961538 0.127711
9 0.388221 0.459036 0.09375 0.122892
11 0.288462 0.560241 0.0961538 0.33494
11 0.385817 0.551807 0.0985577 0.318072
