0 0.393029 0.809639 0.0408654 0.0337349
0 0.341346 0.8 0.0673077 0.0385542
0 0.28726 0.775904 0.0360577 0.0337349
0 0.247596 0.771084 0.0384615 0.0337349
0 0.1875 0.759036 0.0240385 0.0337349
0 0.147837 0.750602 0.03125 0.026506
0 0.0925481 0.721687 0.03125 0.026506
0 0.0552885 0.725301 0.0336538 0.0240964
0 0.483173 0.83253 0.0721154 0.0506024
0 0.549279 0.854217 0.0408654 0.0506024
2 0.699519 0.438554 0.0480769 0.0337349
3 0.832933 0.426506 0.0456731 0.0385542
3 0.508413 0.440964 0.0552885 0.0240964
3 0.335337 0.454217 0.0552885 0.026506
3 0.265625 0.471084 0.03125 0.026506
3 0.145433 0.481928 0.0360577 0.0240964
3 0.0564904 0.501205 0.0360577 0.0240964
7 0.0576923 0.49759 0.0384615 0.0457831
7 0.147837 0.472289 0.0456731 0.0481928
7 0.254808 0.471084 0.0432692 0.0554217
7 0.335337 0.451807 0.0600962 0.0746988
7 0.508413 0.438554 0.0649038 0.0819277
7 0.717548 0.440964 0.0745192 0.0915663
7 0.856971 0.426506 0.0889423 0.101205
9 0.878606 0.584337 0.15625 0.214458
9 0.710337 0.587952 0.117788 0.173494
9 0.512019 0.581928 0.115385 0.224096
9 0.365385 0.568675 0.129808 0.178313
9 0.253606 0.559036 0.0889423 0.125301
9 0.155048 0.551807 0.0841346 0.115663
9 0.0612981 0.557831 0.0841346 0.0795181
11 0.879808 0.69759 0.158654 0.412048
11 0.701923 0.678313 0.105769 0.363855
11 0.514423 0.628916 0.134615 0.318072
11 0.361779 0.618072 0.127404 0.277108
11 0.257212 0.608434 0.0913462 0.228916
11 0.158654 0.6 0.0817308 0.207229
11 0.0600962 0.604819 0.0817308 0.173494
