1 0.800481 0.75601 0.0480769 0.0408654
1 0.637019 0.774038 0.0528846 0.0432692
1 0.564904 0.766827 0.0625 0.0384615
1 0.467548 0.780048 0.0649038 0.0456731
1 0.414663 0.778846 0.0456731 0.0336538
1 0.259615 0.760817 0.0625 0.0408654
1 0.219952 0.769231 0.0408654 0.0432692
2 0.158654 0.408654 0.0480769 0.0288462
2 0.117788 0.399038 0.0336538 0.0240385
3 0.450721 0.394231 0.0408654 0.0288462
3 0.586538 0.401442 0.0384615 0.0336538
5 0.28125 0.544471 0.0432692 0.0552885
5 0.383413 0.503606 0.0504808 0.0504808
5 0.855769 0.509615 0.0480769 0.0576923
6 0.221154 0.407452 0.0673077 0.0793269
6 0.814904 0.389423 0.0625 0.0865385
7 0.0132212 0.370192 0.0264423 0.0865385
7 0.11899 0.402644 0.0456731 0.0745192
7 0.155048 0.408654 0.0649038 0.0769231
7 0.449519 0.391827 0.0625 0.0817308
7 0.591346 0.403846 0.0576923 0.0721154
7 0.955529 0.408654 0.0889423 0.100962
9 0.0360577 0.478365 0.0721154 0.168269
9 0.0829327 0.496394 0.0552885 0.132212
9 0.137019 0.558894 0.125 0.213942
9 0.219952 0.510817 0.0985577 0.146635
9 0.426683 0.497596 0.137019 0.177885
9 0.600962 0.510817 0.134615 0.175481
9 0.807692 0.477163 0.110577 0.146635
9 0.907452 0.617788 0.170673 0.3125
11 0.0360577 0.582933 0.0721154 0.391827
11 0.0793269 0.643029 0.0576923 0.420673
11 0.135817 0.644231 0.132212 0.394231
11 0.222356 0.586538 0.0985577 0.317308
11 0.423077 0.585337 0.134615 0.353365
11 0.604567 0.586538 0.151442 0.331731
11 0.808894 0.570913 0.137019 0.314904
11 0.885817 0.663462 0.21875 0.408654
