9 0.299279 0.521635 0.0456731 0.0432692
11 0.520433 0.774038 0.0793269 0.274038
9 0.519231 0.711538 0.0769231 0.144231
6 0.59976 0.512019 0.0360577 0.0384615
9 0.862981 0.74399 0.0769231 0.137019
6 0.671875 0.444712 0.0360577 0.0432692
6 0.860577 0.342548 0.0336538 0.0360577
6 0.298077 0.481971 0.0336538 0.0408654
6 0.21274 0.463942 0.0360577 0.0384615
6 0.153846 0.420673 0.0288462 0.0336538
6 0.0889423 0.367788 0.0336538 0.0384615
6 0.527644 0.602163 0.0600962 0.0600962
6 0.84375 0.651442 0.0673077 0.0721154
5 0.439904 0.710337 0.0432692 0.0504808
6 0.69351 0.480769 0.0408654 0.0288462
6 0.746394 0.414663 0.03125 0.0408654
