1 0.479567 0.75 0.0504808 0.0336538
1 0.359375 0.699519 0.0504808 0.0288462
1 0.432692 0.727163 0.0576923 0.03125
1 0.19351 0.795673 0.0649038 0.0240385
1 0.123798 0.594952 0.0552885 0.03125
1 0.0673077 0.574519 0.0528846 0.0288462
6 0.796875 0.401442 0.09375 0.115385
6 0.665865 0.424279 0.0721154 0.103365
6 0.576923 0.388221 0.0721154 0.0841346
6 0.490385 0.411058 0.0625 0.0721154
6 0.433894 0.411058 0.0600962 0.0817308
6 0.353365 0.407452 0.0432692 0.0649038
6 0.295673 0.41226 0.0432692 0.0649038
6 0.251202 0.399038 0.0360577 0.0528846
6 0.210337 0.402644 0.03125 0.0456731
6 0.169471 0.411058 0.0456731 0.0528846
6 0.122596 0.419471 0.0336538 0.0552885
6 0.0612981 0.414663 0.03125 0.0552885
6 0.207933 0.472356 0.0697115 0.0793269
5 0.757212 0.675481 0.0721154 0.0721154
5 0.65625 0.664663 0.0384615 0.0745192
5 0.389423 0.548077 0.0240385 0.0480769
5 0.316106 0.534856 0.0360577 0.0552885
5 0.219952 0.637019 0.0552885 0.0480769
9 0.0625 0.473558 0.0480769 0.0769231
9 0.11899 0.471154 0.0360577 0.0721154
9 0.153846 0.478365 0.0384615 0.0817308
9 0.233173 0.491587 0.0384615 0.117788
9 0.278846 0.487981 0.0480769 0.115385
9 0.342548 0.481971 0.0504808 0.0985577
9 0.415865 0.507212 0.0576923 0.134615
9 0.466346 0.503606 0.0625 0.151442
9 0.198317 0.588942 0.0841346 0.177885
9 0.544471 0.495192 0.0985577 0.182692
9 0.632212 0.55649 0.0913462 0.194712
9 0.78125 0.576923 0.182692 0.259615
11 0.0600962 0.50601 0.0432692 0.137019
11 0.117788 0.513221 0.0336538 0.15625
11 0.151442 0.546875 0.0384615 0.213942
11 0.230769 0.540865 0.0336538 0.221154
11 0.282452 0.550481 0.0697115 0.25
11 0.34375 0.55649 0.0528846 0.262019
11 0.414663 0.578125 0.0456731 0.271635
11 0.475962 0.581731 0.0625 0.298077
11 0.546875 0.590144 0.09375 0.353365
11 0.633413 0.639423 0.0793269 0.350962
11 0.792067 0.633413 0.151442 0.372596
11 0.19351 0.637019 0.0841346 0.269231
