2 0.230769 0.563855 0.0576923 0.0385542
6 0.324519 0.545783 0.0384615 0.0409639
5 0.335337 0.655422 0.0264423 0.0337349
0 0.527644 0.743374 0.0841346 0.0506024
8 0.382212 0.589157 0.0384615 0.0554217
6 0.382212 0.548193 0.0288462 0.0313253
6 0.620192 0.280723 0.0961538 0.108434
9 0.530048 0.391566 0.15625 0.171084
11 0.548077 0.508434 0.197115 0.409639
11 0.242788 0.698795 0.110577 0.240964
6 0.229567 0.561446 0.0600962 0.0722892
9 0.24399 0.644578 0.103365 0.122892
0 0.530048 0.890361 0.0889423 0.060241
9 0.326923 0.60241 0.0625 0.0674699
5 0.205529 0.692771 0.0264423 0.0554217
5 0.203125 0.953012 0.03125 0.0457831
