3 0.109375 0.46988 0.0841346 0.0626506
3 0.503606 0.415663 0.0793269 0.0506024
3 0.751202 0.391566 0.0649038 0.060241
5 0.200721 0.642169 0.0745192 0.0409639
5 0.236779 0.704819 0.0889423 0.0554217
5 0.3125 0.638554 0.0769231 0.0481928
5 0.550481 0.628916 0.0769231 0.0578313
6 0.0805288 0.433735 0.161058 0.216867
6 0.524038 0.396386 0.139423 0.185542
6 0.796875 0.360241 0.175481 0.219277
9 0.0793269 0.681928 0.158654 0.308434
9 0.132212 0.559036 0.105769 0.187952
9 0.539663 0.625301 0.242788 0.310843
9 0.86899 0.628916 0.262019 0.414458
11 0.13101 0.559036 0.103365 0.187952
11 0.0805288 0.681928 0.161058 0.313253
11 0.544471 0.651807 0.257212 0.368675
11 0.865385 0.626506 0.269231 0.419277
