6 0.153846 0.355769 0.0913462 0.115385
6 0.227163 0.319712 0.0600962 0.0865385
6 0.496394 0.354567 0.0408654 0.0600962
6 0.229567 0.0576923 0.0600962 0.0865385
6 0.155048 0.0408654 0.0745192 0.0817308
6 0.49399 0.0252404 0.0408654 0.0504808
7 0.405048 0.379808 0.0360577 0.0625
7 0.50601 0.423077 0.0504808 0.0673077
7 0.56851 0.382212 0.0408654 0.0625
7 0.632212 0.385817 0.0336538 0.0552885
7 0.716346 0.377404 0.0336538 0.0576923
7 0.731971 0.492788 0.0456731 0.0576923
5 0.103365 0.512019 0.0336538 0.0480769
5 0.305288 0.492788 0.0240385 0.0432692
9 0.551683 0.44351 0.0600962 0.112981
9 0.221154 0.423077 0.0769231 0.129808
0 0.19351 0.603365 0.0456731 0.100962
10 0.213942 0.480769 0.0769231 0.192308
11 0.533654 0.478365 0.0336538 0.177885
11 0.385817 0.478365 0.0649038 0.230769
11 0.46875 0.5 0.0721154 0.153846
