4 0.612981 0.531325 0.0192308 0.0216867
8 0.621394 0.515663 0.0504808 0.0626506
0 0.646635 0.571084 0.0144231 0.0192771
0 0.616587 0.586747 0.0216346 0.0168675
8 0.639423 0.516867 0.0336538 0.0554217
4 0.586538 0.592771 0.0240385 0.0240964
0 0.58774 0.593976 0.0216346 0.026506
8 0.830529 0.398795 0.0360577 0.0361446
5 0.216346 0.442169 0.0673077 0.0843373
8 0.129808 0.938554 0.182692 0.122892
6 0.53125 0.544578 0.0528846 0.0626506
6 0.627404 0.477108 0.0384615 0.0481928
6 0.125 0.404819 0.129808 0.120482
8 0.129808 0.591566 0.197115 0.26747
