9 0.835337 0.761446 0.329327 0.414458
3 0.0865385 0.373494 0.173077 0.0819277
5 0.324519 0.650602 0.0817308 0.0771084
6 0.872596 0.498795 0.182692 0.13494
6 0.441106 0.321687 0.194712 0.253012
6 0.0877404 0.355422 0.175481 0.228916
6 0.427885 0.0951807 0.225962 0.190361
6 0.0913462 0.0819277 0.163462 0.163855
4 0.0504808 0.675904 0.100962 0.122892
9 0.633413 0.462651 0.290865 0.322892
5 0.326923 0.860241 0.110577 0.0915663
5 0.3125 0.778313 0.115385 0.120482
5 0.323317 0.961446 0.103365 0.0771084
