11 0.372596 0.537349 0.0769231 0.163855
6 0.78125 0.56988 0.0288462 0.0313253
9 0.780048 0.608434 0.0408654 0.0506024
6 0.808894 0.580723 0.03125 0.0337349
6 0.344952 0.439759 0.0456731 0.0457831
9 0.361779 0.491566 0.0552885 0.0722892
9 0.11899 0.498795 0.09375 0.106024
6 0.111779 0.420482 0.0552885 0.0698795
11 0.814904 0.643373 0.0336538 0.110843
11 0.778846 0.638554 0.0336538 0.106024
11 0.116587 0.540964 0.117788 0.219277
4 0.0997596 0.538554 0.0360577 0.0313253
4 0.389423 0.433735 0.0144231 0.0192771
4 0.405048 0.449398 0.0216346 0.0216867
11 0.673077 0.63012 0.0384615 0.103614
11 0.617788 0.673494 0.0432692 0.113253
6 0.669471 0.572289 0.0216346 0.026506
6 0.605769 0.606024 0.0336538 0.026506
6 0.308894 0.56747 0.0216346 0.0216867
6 0.0685096 0.591566 0.03125 0.0361446
