6 0.125 0.338554 0.0721154 0.0843373
6 0.444712 0.285542 0.0576923 0.0843373
6 0.376202 0.328916 0.108173 0.156627
6 0.591346 0.224096 0.0817308 0.0915663
6 0.867788 0.456627 0.125 0.146988
5 0.772837 0.554217 0.0552885 0.0433735
5 0.75 0.580723 0.0528846 0.053012
4 0.393029 0.622892 0.0793269 0.0746988
4 0.527644 0.409639 0.0552885 0.0385542
9 0.647837 0.339759 0.0745192 0.159036
9 0.924279 0.6 0.146635 0.149398
9 0.132212 0.419277 0.0769231 0.0963855
9 0.21875 0.445783 0.201923 0.207229
9 0.472356 0.356627 0.0745192 0.0771084
