6 0.314904 0.727163 0.0240385 0.03125
6 0.319712 0.632212 0.0240385 0.0288462
6 0.411058 0.594952 0.0240385 0.03125
6 0.421875 0.628606 0.0264423 0.03125
6 0.472356 0.433894 0.0264423 0.0360577
6 0.471154 0.322115 0.0240385 0.0336538
6 0.598558 0.4375 0.0240385 0.0336538
6 0.600962 0.341346 0.0240385 0.0336538
6 0.495192 0.304087 0.0240385 0.03125
6 0.543269 0.298077 0.0240385 0.0336538
6 0.314904 0.947115 0.0288462 0.0336538
6 0.813702 0.504808 0.03125 0.0384615
4 0.457933 0.661058 0.0264423 0.0240385
0 0.780048 0.626202 0.0264423 0.0264423
9 0.31851 0.763221 0.0360577 0.0600962
9 0.43149 0.677885 0.0456731 0.0673077
9 0.407452 0.63101 0.0360577 0.0552885
9 0.329327 0.671875 0.0336538 0.0456731
9 0.819712 0.548077 0.0432692 0.0576923
9 0.579327 0.46274 0.0432692 0.0408654
9 0.311298 0.903846 0.03125 0.0528846
9 0.450721 0.340144 0.0408654 0.0408654
