1 0.207933 0.692308 0.0793269 0.0480769
1 0.311298 0.665865 0.0504808 0.0480769
1 0.4375 0.742788 0.0913462 0.0576923
1 0.532452 0.763221 0.0504808 0.0552885
1 0.632212 0.847356 0.0432692 0.0456731
2 0.550481 0.277644 0.0576923 0.03125
3 0.602163 0.266827 0.0408654 0.0384615
3 0.257212 0.305288 0.0384615 0.0288462
5 0.200721 0.490385 0.03125 0.0384615
5 0.413462 0.522837 0.0384615 0.0360577
6 0.266827 0.301683 0.0721154 0.0841346
7 0.538462 0.282452 0.0865385 0.0841346
7 0.639423 0.259615 0.105769 0.105769
9 0.288462 0.394231 0.144231 0.129808
9 0.521635 0.407452 0.168269 0.189904
9 0.668269 0.424279 0.144231 0.252404
11 0.283654 0.498798 0.149038 0.334135
11 0.519231 0.521635 0.168269 0.423077
11 0.670673 0.564904 0.149038 0.533654
