1 0.300481 0.780723 0.0721154 0.0433735
1 0.22476 0.803614 0.0408654 0.0554217
1 0.0516827 0.650602 0.0456731 0.0337349
1 0.0120192 0.660241 0.0240385 0.0433735
2 0.205529 0.355422 0.0360577 0.0409639
3 0.262019 0.380723 0.0432692 0.0240964
5 0.0661058 0.531325 0.03125 0.0361446
5 0.164663 0.56988 0.0504808 0.0457831
5 0.21875 0.607229 0.0384615 0.053012
5 0.322115 0.471084 0.0384615 0.0409639
7 0.0444712 0.39759 0.0456731 0.0481928
7 0.170673 0.354217 0.0865385 0.086747
7 0.248798 0.383133 0.0697115 0.0722892
9 0.0324519 0.472289 0.0649038 0.115663
9 0.247596 0.480723 0.100962 0.118072
9 0.141827 0.484337 0.134615 0.19759
11 0.0348558 0.525301 0.0697115 0.231325
11 0.138221 0.610843 0.137019 0.450602
11 0.252404 0.595181 0.105769 0.356627
