5 0.24399 0.508413 0.03125 0.0408654
5 0.311298 0.502404 0.0264423 0.0336538
5 0.512019 0.47476 0.0336538 0.0360577
5 0.63101 0.5 0.0264423 0.0336538
5 0.74399 0.576923 0.0264423 0.0336538
5 0.905048 0.742788 0.0504808 0.0721154
2 0.836538 0.4375 0.0528846 0.0432692
3 0.972356 0.397837 0.0264423 0.0264423
3 0.770433 0.362981 0.0264423 0.0240385
3 0.645433 0.402644 0.0264423 0.0264423
3 0.566106 0.367788 0.0264423 0.0240385
3 0.480769 0.370192 0.0288462 0.0240385
3 0.395433 0.377404 0.0264423 0.0240385
3 0.353365 0.389423 0.0240385 0.0240385
3 0.280048 0.370192 0.0264423 0.0240385
1 0.266827 0.621394 0.0384615 0.0360577
1 0.298077 0.614183 0.0384615 0.03125
1 0.375 0.620192 0.0384615 0.0288462
1 0.411058 0.628606 0.0288462 0.0264423
1 0.460337 0.616587 0.0408654 0.0360577
1 0.498798 0.627404 0.0408654 0.0336538
1 0.52524 0.605769 0.03125 0.0336538
1 0.555288 0.637019 0.0480769 0.0336538
1 0.596154 0.645433 0.0432692 0.0360577
1 0.65625 0.652644 0.0336538 0.0264423
1 0.649038 0.757212 0.0576923 0.0432692
1 0.667067 0.792067 0.0745192 0.03125
1 0.763221 0.655048 0.0456731 0.03125
1 0.810096 0.658654 0.0384615 0.0384615
1 0.987981 0.780048 0.0240385 0.0360577
7 0.272837 0.367788 0.0456731 0.0480769
7 0.353365 0.390625 0.0336538 0.0504808
7 0.399038 0.375 0.0432692 0.0528846
7 0.484375 0.362981 0.0408654 0.0528846
7 0.576923 0.355769 0.0432692 0.0528846
7 0.608173 0.358173 0.0288462 0.0480769
7 0.658654 0.389423 0.0625 0.0673077
7 0.69351 0.376202 0.0408654 0.0504808
7 0.782452 0.362981 0.0456731 0.0625
7 0.864183 0.429087 0.103365 0.103365
7 0.957933 0.378606 0.03125 0.0649038
7 0.978365 0.401442 0.0432692 0.0817308
9 0.264423 0.433894 0.0865385 0.0985577
9 0.34976 0.447115 0.0697115 0.0961538
9 0.411058 0.4375 0.0673077 0.0961538
9 0.489183 0.432692 0.0793269 0.110577
9 0.586538 0.43149 0.0769231 0.108173
9 0.688702 0.5 0.0889423 0.177885
9 0.798077 0.444712 0.0817308 0.115385
9 0.899038 0.552885 0.0865385 0.201923
9 0.938702 0.429087 0.0600962 0.0697115
9 0.96875 0.49399 0.0625 0.146635
11 0.265625 0.496394 0.09375 0.223558
11 0.348558 0.496394 0.0673077 0.204327
11 0.41226 0.503606 0.0745192 0.233173
11 0.486779 0.501202 0.0793269 0.242788
11 0.585337 0.503606 0.0889423 0.257212
11 0.688702 0.588942 0.09375 0.365385
11 0.795673 0.513221 0.0865385 0.257212
11 0.911058 0.665865 0.115385 0.418269
11 0.938702 0.424279 0.0600962 0.0793269
11 0.96875 0.58774 0.0625 0.34375
