7 0.195913 0.375904 0.108173 0.139759
7 0.127404 0.348193 0.0576923 0.0939759
7 0.319712 0.398795 0.0673077 0.0746988
7 0.248798 0.408434 0.0408654 0.0698795
7 0.385817 0.427711 0.03125 0.0506024
7 0.356971 0.404819 0.03125 0.053012
7 0.469952 0.401205 0.0552885 0.0746988
7 0.542067 0.413253 0.0504808 0.0650602
7 0.581731 0.371084 0.0528846 0.0819277
7 0.602163 0.422892 0.0649038 0.0939759
7 0.663462 0.421687 0.0336538 0.0481928
7 0.739183 0.377108 0.0600962 0.0746988
7 0.840144 0.427711 0.0841346 0.0891566
5 0.442308 0.583133 0.0240385 0.053012
5 0.769231 0.640964 0.0288462 0.0481928
5 0.856971 0.638554 0.0360577 0.0578313
5 0.96875 0.579518 0.0240385 0.0554217
5 0.736779 0.579518 0.03125 0.0554217
9 0.483173 0.479518 0.0721154 0.086747
9 0.829327 0.533735 0.0721154 0.0987952
9 0.334135 0.485542 0.0721154 0.103614
9 0.147837 0.560241 0.170673 0.209639
0 0.456731 0.759036 0.0817308 0.0433735
0 0.746394 0.784337 0.0697115 0.026506
0 0.746394 0.879518 0.0793269 0.0337349
0 0.456731 0.901205 0.0721154 0.0337349
0 0.300481 0.871084 0.0673077 0.026506
0 0.301683 0.791566 0.0697115 0.0361446
11 0.605769 0.642169 0.0769231 0.378313
11 0.487981 0.579518 0.0865385 0.281928
11 0.338942 0.581928 0.0721154 0.315663
11 0.847356 0.669879 0.09375 0.380723
11 0.15024 0.669879 0.170673 0.491566
11 0.752404 0.571084 0.0769231 0.308434
