1 0.21875 0.856971 0.0480769 0.0456731
1 0.365385 0.810096 0.0576923 0.0480769
1 0.685096 0.826923 0.0769231 0.0625
1 0.72476 0.790865 0.0552885 0.0432692
1 0.8125 0.813702 0.0625 0.0504808
2 0.919471 0.334135 0.0600962 0.0288462
3 0.816106 0.326923 0.0456731 0.0288462
3 0.686298 0.344952 0.0456731 0.03125
3 0.520433 0.310096 0.0360577 0.0240385
3 0.432692 0.319712 0.0576923 0.0336538
3 0.313702 0.342548 0.0504808 0.0360577
5 0.223558 0.608173 0.0576923 0.0673077
5 0.371394 0.621394 0.0360577 0.0697115
5 0.439904 0.59375 0.0432692 0.0576923
5 0.632212 0.623798 0.0528846 0.0649038
5 0.748798 0.579327 0.0456731 0.0528846
5 0.956731 0.645433 0.0625 0.0649038
6 0.30649 0.33774 0.0889423 0.117788
6 0.433894 0.316106 0.0889423 0.0985577
6 0.549279 0.322115 0.0985577 0.115385
6 0.680288 0.338942 0.0673077 0.0913462
6 0.832933 0.324519 0.0697115 0.105769
6 0.926683 0.34375 0.0745192 0.115385
9 0.278846 0.475962 0.149038 0.1875
9 0.429087 0.453125 0.117788 0.194712
9 0.555288 0.46274 0.168269 0.199519
9 0.683894 0.475962 0.117788 0.201923
9 0.807692 0.455529 0.105769 0.194712
9 0.932692 0.475962 0.134615 0.197115
11 0.27524 0.614183 0.151442 0.463942
11 0.417067 0.567308 0.108173 0.427885
11 0.530048 0.605769 0.194712 0.5
11 0.679087 0.585337 0.151442 0.420673
11 0.798077 0.567308 0.153846 0.432692
11 0.919471 0.615385 0.161058 0.471154
