9 0.222356 0.432692 0.0504808 0.0961538
0 0.0180288 0.723558 0.0360577 0.0480769
0 0.941106 0.733173 0.0360577 0.0240385
5 0.56851 0.528846 0.0264423 0.0384615
6 0.362981 0.364183 0.0432692 0.0697115
6 0.109375 0.385817 0.0600962 0.0697115
0 0.0144231 0.701923 0.0288462 0.0288462
5 0.420673 0.566106 0.0384615 0.0600962
0 0.0673077 0.746394 0.0336538 0.0360577
6 0.461538 0.359375 0.0576923 0.0745192
0 0.629808 0.716346 0.0625 0.0336538
7 0.0552885 0.358173 0.0480769 0.0673077
0 0.424279 0.789663 0.0552885 0.0456731
6 0.233173 0.355769 0.0480769 0.0528846
9 0.616587 0.489183 0.0793269 0.137019
6 0.0552885 0.356971 0.0480769 0.0697115
0 0.328125 0.739183 0.0360577 0.03125
7 0.65625 0.401442 0.0625 0.0625
7 0.460337 0.360577 0.0600962 0.0721154
0 0.11899 0.741587 0.0360577 0.03125
0 0.479567 0.783654 0.0600962 0.0480769
11 0.620192 0.5625 0.0865385 0.283654
7 0.362981 0.364183 0.0432692 0.0697115
6 0.319712 0.341346 0.0480769 0.0576923
5 0.295673 0.533654 0.0288462 0.0384615
6 0.420673 0.330529 0.0480769 0.0504808
6 0.28125 0.364183 0.0432692 0.0504808
6 0.632212 0.367788 0.0288462 0.0480769
6 0.596154 0.36899 0.0384615 0.0552885
7 0.786058 0.40625 0.0528846 0.0769231
5 0.719952 0.609375 0.03125 0.0456731
9 0.102163 0.479567 0.127404 0.132212
9 0.340144 0.461538 0.103365 0.129808
6 0.914663 0.355769 0.0649038 0.0769231
11 0.342548 0.544471 0.108173 0.300481
11 0.103365 0.558894 0.125 0.295673
11 0.451923 0.573317 0.125 0.353365
11 0.772837 0.603365 0.127404 0.331731
9 0.921875 0.456731 0.112981 0.139423
11 0.921875 0.546875 0.112981 0.314904
9 0.448317 0.46274 0.117788 0.132212
9 0.774038 0.507212 0.129808 0.144231
11 0.219952 0.477163 0.0504808 0.189904
0 0.804087 0.783654 0.0408654 0.0480769
0 0.896635 0.728365 0.0432692 0.0384615
0 0.808894 0.963942 0.0360577 0.0480769
0 0.479567 0.965144 0.0649038 0.0504808
0 0.417067 0.960337 0.0600962 0.0504808
0 0.534856 0.691106 0.0408654 0.0745192
0 0.221154 0.594952 0.0576923 0.0456731
0 0.264423 0.604567 0.0288462 0.0360577
