6 0.147837 0.389157 0.117788 0.122892
3 0.185096 0.391566 0.0432692 0.0313253
5 0.252404 0.589157 0.0721154 0.0409639
5 0.71875 0.481928 0.0240385 0.0289157
4 0.701923 0.561446 0.0336538 0.0337349
9 0.155048 0.555422 0.165865 0.214458
9 0.641827 0.53012 0.0528846 0.0722892
9 0.847356 0.583133 0.132212 0.13012
10 0.155048 0.671084 0.170673 0.455422
10 0.862981 0.610843 0.173077 0.190361
10 0.640625 0.553012 0.0504808 0.118072
6 0.670673 0.484337 0.0336538 0.0578313
6 0.80649 0.493976 0.0600962 0.053012
