9 0.573317 0.498798 0.0889423 0.137019
9 0.844952 0.496394 0.09375 0.180288
6 0.469952 0.383413 0.0600962 0.0889423
6 0.519231 0.375 0.0336538 0.0673077
6 0.561298 0.390625 0.0552885 0.0985577
6 0.604567 0.38101 0.0360577 0.0745192
6 0.831731 0.360577 0.0673077 0.0913462
2 0.561298 0.396635 0.0456731 0.0336538
8 0.460337 0.5 0.0889423 0.153846
0 0.486779 0.71875 0.0408654 0.0432692
0 0.432692 0.716346 0.0288462 0.0576923
0 0.557692 0.739183 0.0432692 0.0504808
0 0.606971 0.730769 0.0360577 0.0576923
0 0.885817 0.78125 0.0600962 0.0625
0 0.823317 0.758413 0.0649038 0.0456731
0 0.643029 0.682692 0.03125 0.0336538
11 0.461538 0.540865 0.0961538 0.245192
11 0.575721 0.546875 0.108173 0.247596
11 0.850962 0.566106 0.110577 0.319712
