6 0.43253 0.19351 0.122892 0.194712
6 0.609639 0.237981 0.115663 0.173077
6 0.738554 0.207933 0.0987952 0.122596
6 0.93253 0.198317 0.106024 0.141827
3 0.593976 0.257212 0.0795181 0.0576923
3 0.451807 0.228365 0.0891566 0.0336538
4 0.774699 0.497596 0.0554217 0.0721154
0 0.933735 0.870192 0.0650602 0.0528846
0 0.727711 0.873798 0.0963855 0.0552885
0 0.830121 0.823317 0.0795181 0.0649038
9 0.368675 0.423077 0.240964 0.331731
9 0.613253 0.426683 0.171084 0.213942
9 0.731325 0.397837 0.0987952 0.28125
9 0.921687 0.393029 0.108434 0.237981
11 0.344578 0.610577 0.187952 0.663462
11 0.595181 0.644231 0.187952 0.653846
