0 0.405048 0.890625 0.0985577 0.0504808
0 0.579327 0.966346 0.120192 0.0673077
3 0.260817 0.557692 0.0264423 0.0240385
3 0.438702 0.554087 0.03125 0.03125
3 0.78726 0.355769 0.0456731 0.0240385
4 0.504808 0.680288 0.0528846 0.0576923
4 0.748798 0.519231 0.03125 0.0528846
6 0.259615 0.534856 0.0961538 0.0985577
6 0.427885 0.521635 0.0961538 0.115385
6 0.792067 0.336538 0.0841346 0.0961538
6 0.865385 0.335337 0.0865385 0.103365
6 0.0829327 0.528846 0.0985577 0.0913462
9 0.5625 0.59375 0.144231 0.1875
9 0.782452 0.439904 0.0745192 0.125
