3 0.760817 0.619277 0.0841346 0.0240964
3 0.566106 0.615663 0.0697115 0.0361446
6 0.564904 0.606024 0.0721154 0.0987952
3 0.627404 0.657831 0.0673077 0.0289157
6 0.284856 0.544578 0.09375 0.115663
3 0.216346 0.412048 0.149038 0.0578313
10 0.762019 0.838554 0.182692 0.318072
3 0.402644 0.46988 0.15625 0.0674699
6 0.627404 0.651807 0.0673077 0.0891566
10 0.403846 0.792771 0.288462 0.404819
10 0.13101 0.744578 0.257212 0.501205
7 0.759615 0.624096 0.0865385 0.101205
6 0.217548 0.406024 0.151442 0.195181
6 0.402644 0.462651 0.15625 0.231325
9 0.765625 0.810843 0.15625 0.248193
9 0.413462 0.760241 0.269231 0.320482
9 0.139423 0.690361 0.235577 0.354217
