11 0.679087 0.640964 0.112981 0.303614
6 0.399038 0.407229 0.0432692 0.0337349
11 0.402644 0.546988 0.0985577 0.207229
9 0.259615 0.504819 0.0961538 0.161446
11 0.5625 0.586747 0.0961538 0.253012
9 0.5625 0.527711 0.0961538 0.13012
6 0.566106 0.413253 0.0600962 0.0313253
9 0.679087 0.571084 0.108173 0.154217
9 0.402644 0.501205 0.0985577 0.110843
6 0.257212 0.371084 0.0721154 0.0481928
11 0.260817 0.585542 0.103365 0.327711
7 0.689904 0.425301 0.0721154 0.0650602
0 0.25601 0.789157 0.0745192 0.0409639
0 0.257212 0.873494 0.0721154 0.0361446
0 0.4375 0.672289 0.0384615 0.0433735
0 0.545673 0.721687 0.0480769 0.0361446
0 0.569712 0.750602 0.0625 0.0361446
0 0.566106 0.904819 0.0552885 0.0457831
0 0.543269 0.938554 0.0432692 0.0361446
