3 0.518029 0.413462 0.0697115 0.0336538
3 0.175481 0.370192 0.0673077 0.0625
2 0.936298 0.338942 0.127404 0.0576923
5 0.389423 0.786058 0.0721154 0.0913462
5 0.590144 0.731971 0.0504808 0.0793269
5 0.747596 0.699519 0.0769231 0.0673077
7 0.514423 0.411058 0.125 0.134615
7 0.111779 0.376202 0.223558 0.348558
7 0.915865 0.36899 0.168269 0.185096
9 0.485577 0.61899 0.230769 0.334135
9 0.885817 0.668269 0.228365 0.456731
9 0.121394 0.734375 0.237981 0.449519
11 0.46274 0.71274 0.209135 0.53125
11 0.894231 0.719952 0.211538 0.555288
11 0.125 0.751202 0.245192 0.497596
