0 0.120192 0.78726 0.0528846 0.0552885
0 0.225962 0.764423 0.0673077 0.0528846
0 0.264423 0.741587 0.0432692 0.0552885
0 0.326923 0.736779 0.0625 0.0504808
0 0.366587 0.725962 0.0360577 0.0384615
0 0.396635 0.727163 0.0336538 0.0408654
0 0.459135 0.759615 0.0336538 0.0528846
0 0.521635 0.715144 0.0240385 0.0408654
0 0.558894 0.699519 0.0456731 0.0336538
0 0.594952 0.711538 0.0264423 0.0384615
0 0.623798 0.697115 0.0360577 0.0384615
0 0.762019 0.713942 0.0480769 0.0336538
0 0.723558 0.709135 0.0288462 0.0384615
0 0.665865 0.704327 0.0288462 0.0384615
2 0.21875 0.376202 0.0432692 0.03125
5 0.123798 0.575721 0.0552885 0.0504808
5 0.355769 0.588942 0.0288462 0.0384615
5 0.498798 0.578125 0.0360577 0.0504808
5 0.536058 0.576923 0.0240385 0.0240385
5 0.608173 0.573317 0.0288462 0.03125
5 0.670673 0.592548 0.0288462 0.0264423
6 0.205529 0.38101 0.0793269 0.0889423
6 0.30649 0.41226 0.0552885 0.0745192
6 0.389423 0.442308 0.0528846 0.0625
6 0.469952 0.409856 0.0504808 0.0649038
6 0.590144 0.456731 0.0456731 0.0528846
6 0.641827 0.471154 0.0432692 0.0528846
6 0.691106 0.465144 0.0408654 0.0504808
6 0.74399 0.457933 0.0456731 0.0649038
9 0.163462 0.491587 0.125 0.180288
9 0.28726 0.508413 0.09375 0.132212
9 0.38101 0.526442 0.0841346 0.110577
9 0.46875 0.508413 0.0769231 0.132212
9 0.582933 0.52524 0.0649038 0.0985577
9 0.655048 0.544471 0.0600962 0.0841346
9 0.75 0.543269 0.0865385 0.115385
11 0.46875 0.580529 0.0721154 0.271635
11 0.38101 0.574519 0.0793269 0.211538
11 0.290865 0.563702 0.0961538 0.247596
