0 0.286058 0.803614 0.0528846 0.0409639
7 0.673077 0.383133 0.0721154 0.0289157
5 0.323317 0.556626 0.0408654 0.0481928
5 0.361779 0.527711 0.0456731 0.0385542
3 0.673077 0.385542 0.0721154 0.0240964
3 0.302885 0.381928 0.0576923 0.0313253
7 0.304087 0.380723 0.0649038 0.086747
7 0.399038 0.379518 0.0721154 0.0939759
3 0.40024 0.380723 0.0697115 0.0289157
7 0.8125 0.393976 0.110577 0.13253
9 0.293269 0.498795 0.105769 0.163855
9 0.507212 0.526506 0.120192 0.190361
9 0.397837 0.521687 0.137019 0.214458
7 0.49399 0.387952 0.0841346 0.101205
9 0.685096 0.524096 0.129808 0.180723
5 0.858173 0.792771 0.0625 0.0674699
9 0.846154 0.584337 0.158654 0.238554
7 0.673077 0.385542 0.0769231 0.0915663
5 0.860577 0.871084 0.0625 0.0698795
0 0.288462 0.860241 0.0625 0.053012
