6 0.699519 0.377404 0.0576923 0.0769231
6 0.125 0.213942 0.125 0.129808
7 0.489183 0.338942 0.117788 0.144231
7 0.58774 0.377404 0.0408654 0.0528846
7 0.24399 0.245192 0.0649038 0.0913462
7 0.241587 0.0877404 0.0600962 0.0841346
3 0.509615 0.325721 0.0673077 0.03125
5 0.50601 0.667067 0.0889423 0.0793269
5 0.111779 0.491587 0.0456731 0.0600962
5 0.157452 0.49399 0.0456731 0.0600962
5 0.247596 0.311298 0.0528846 0.0456731
9 0.477163 0.508413 0.180288 0.189904
9 0.121394 0.377404 0.15625 0.153846
0 0.215144 0.711538 0.0745192 0.0528846
0 0.0985577 0.716346 0.0576923 0.0576923
0 0.213942 0.945913 0.0625 0.0552885
0 0.100962 0.932692 0.0625 0.0480769
11 0.133413 0.483173 0.161058 0.408654
