7 0.3125 0.378606 0.105769 0.194712
6 0.313702 0.378606 0.108173 0.185096
2 0.918269 0.324519 0.158654 0.0721154
11 0.925481 0.737981 0.149038 0.524038
3 0.3125 0.388221 0.100962 0.0552885
11 0.816106 0.736779 0.319712 0.521635
3 0.918269 0.325721 0.158654 0.0697115
9 0.362981 0.734375 0.418269 0.521635
3 0.737981 0.395433 0.163462 0.0552885
9 0.925481 0.736779 0.149038 0.521635
9 0.819712 0.733173 0.317308 0.514423
11 0.390625 0.75 0.449519 0.5
3 0.402644 0.407452 0.21875 0.0697115
5 0.356971 0.861779 0.132212 0.137019
6 0.402644 0.384615 0.223558 0.254808
6 0.918269 0.311298 0.163462 0.319712
6 0.739183 0.378606 0.170673 0.223558
