0 0.419471 0.695181 0.0697115 0.0891566
3 0.311298 0.3 0.0456731 0.0457831
3 0.78125 0.491566 0.0721154 0.0337349
4 0.402644 0.322892 0.0793269 0.0626506
4 0.814904 0.683133 0.0769231 0.0650602
6 0.289663 0.295181 0.112981 0.103614
6 0.713942 0.301205 0.0961538 0.101205
6 0.784856 0.450602 0.09375 0.125301
9 0.330529 0.414458 0.161058 0.178313
9 0.700721 0.422892 0.103365 0.161446
9 0.760817 0.574699 0.204327 0.166265
10 0.361779 0.49759 0.223558 0.344578
11 0.649038 0.438554 0.197115 0.207229
11 0.739183 0.604819 0.28125 0.245783
