1 0.0444712 0.771084 0.0456731 0.0289157
1 0.103365 0.76988 0.0336538 0.026506
1 0.159856 0.768675 0.0264423 0.0337349
1 0.189904 0.76506 0.0288462 0.0361446
1 0.233173 0.768675 0.0336538 0.0289157
1 0.283654 0.766265 0.0240385 0.0337349
1 0.319712 0.762651 0.0384615 0.0361446
1 0.360577 0.763855 0.0384615 0.0240964
1 0.424279 0.761446 0.0360577 0.0289157
1 0.460337 0.760241 0.0360577 0.0409639
1 0.504808 0.756626 0.0384615 0.0337349
1 0.544471 0.759036 0.03125 0.0337349
1 0.591346 0.750602 0.0432692 0.0361446
1 0.626202 0.757831 0.0360577 0.0313253
1 0.673077 0.751807 0.0384615 0.0385542
1 0.722356 0.746988 0.0360577 0.0337349
1 0.762019 0.738554 0.0384615 0.0409639
1 0.813702 0.742169 0.03125 0.0337349
1 0.853365 0.738554 0.0384615 0.0457831
1 0.91226 0.744578 0.0264423 0.0289157
1 0.938702 0.749398 0.0264423 0.0337349
3 0.0733173 0.472289 0.0360577 0.0240964
3 0.167067 0.477108 0.0360577 0.0240964
3 0.257212 0.474699 0.0384615 0.0240964
3 0.34976 0.484337 0.0360577 0.0240964
3 0.444712 0.486747 0.0240385 0.0240964
3 0.526442 0.481928 0.0240385 0.0240964
3 0.605769 0.481928 0.0288462 0.0240964
3 0.664663 0.472289 0.03125 0.0240964
3 0.748798 0.479518 0.0264423 0.0240964
3 0.832933 0.481928 0.0264423 0.0240964
3 0.920673 0.503614 0.0240385 0.0240964
5 0.219952 0.640964 0.0264423 0.0289157
5 0.314904 0.63012 0.0288462 0.0313253
5 0.377404 0.626506 0.0288462 0.0289157
5 0.564904 0.624096 0.0240385 0.0337349
5 0.641827 0.614458 0.0288462 0.0240964
5 0.701923 0.620482 0.0240385 0.0313253
5 0.786058 0.619277 0.0240385 0.0385542
5 0.887019 0.619277 0.0240385 0.0385542
5 0.9375 0.6 0.0240385 0.0289157
7 0.0721154 0.46988 0.0432692 0.0578313
7 0.164663 0.481928 0.0456731 0.0626506
7 0.253606 0.475904 0.0504808 0.0506024
7 0.350962 0.483133 0.0384615 0.0506024
7 0.445913 0.480723 0.0360577 0.0457831
7 0.522837 0.484337 0.03125 0.0626506
7 0.605769 0.481928 0.0432692 0.0481928
7 0.657452 0.478313 0.0360577 0.0506024
7 0.748798 0.483133 0.0456731 0.0506024
7 0.831731 0.480723 0.0384615 0.0650602
7 0.926683 0.501205 0.0408654 0.0481928
9 0.0709135 0.545783 0.09375 0.103614
9 0.165865 0.561446 0.0817308 0.110843
9 0.253606 0.56747 0.0889423 0.127711
9 0.34976 0.56506 0.09375 0.118072
9 0.441106 0.556626 0.0697115 0.101205
9 0.527644 0.562651 0.0745192 0.118072
9 0.608173 0.557831 0.0817308 0.0891566
9 0.674279 0.555422 0.0649038 0.108434
9 0.751202 0.546988 0.0841346 0.086747
9 0.83774 0.548193 0.0841346 0.0650602
9 0.929087 0.574699 0.0889423 0.0939759
11 0.0697115 0.616867 0.0865385 0.245783
11 0.169471 0.618072 0.0793269 0.238554
11 0.25 0.621687 0.0817308 0.240964
11 0.341346 0.622892 0.0769231 0.238554
11 0.441106 0.610843 0.0697115 0.209639
11 0.528846 0.618072 0.0721154 0.219277
11 0.602163 0.610843 0.0841346 0.209639
11 0.677885 0.616867 0.0673077 0.236145
11 0.747596 0.607229 0.0817308 0.226506
11 0.831731 0.613253 0.0865385 0.243373
11 0.921875 0.620482 0.0793269 0.2
