0 0.414663 0.584135 0.0504808 0.0240385
0 0.388221 0.602163 0.0456731 0.03125
0 0.194712 0.701923 0.0576923 0.0288462
0 0.161058 0.730769 0.0673077 0.0432692
0 0.710337 0.649038 0.0456731 0.0336538
0 0.326923 0.641827 0.0625 0.0336538
5 0.127404 0.576923 0.0336538 0.0384615
5 0.800481 0.472356 0.0240385 0.0360577
0 0.728365 0.711538 0.0673077 0.0240385
0 0.876202 0.69351 0.0697115 0.0360577
0 0.480769 0.554087 0.0480769 0.0360577
3 0.0276442 0.34976 0.0504808 0.0264423
6 0.0600962 0.283654 0.0961538 0.120192
6 0.0276442 0.33774 0.0552885 0.127404
6 0.141827 0.322115 0.0769231 0.0865385
6 0.323317 0.328125 0.0697115 0.0697115
6 0.407452 0.295673 0.0600962 0.0721154
6 0.581731 0.326923 0.0480769 0.0576923
6 0.734375 0.274038 0.0697115 0.0913462
6 0.885817 0.293269 0.0697115 0.0817308
9 0.30649 0.426683 0.0697115 0.137019
9 0.387019 0.391827 0.0625 0.115385
9 0.530048 0.377404 0.0889423 0.0961538
9 0.745192 0.403846 0.0961538 0.168269
9 0.90024 0.414663 0.0841346 0.161058
9 0.140625 0.447115 0.0889423 0.149038
9 0.0516827 0.53125 0.0985577 0.235577
10 0.0528846 0.612981 0.105769 0.408654
10 0.139423 0.518029 0.0961538 0.295673
10 0.742788 0.5 0.100962 0.365385
10 0.899038 0.504808 0.0913462 0.336538
11 0.305288 0.465144 0.0721154 0.21875
11 0.387019 0.442308 0.0673077 0.230769
11 0.521635 0.438702 0.105769 0.223558
