0 0.887019 0.846154 0.0480769 0.0432692
0 0.81851 0.844952 0.0456731 0.0360577
0 0.783654 0.830529 0.0336538 0.03125
0 0.753606 0.826923 0.03125 0.0240385
0 0.701923 0.829327 0.0384615 0.0336538
0 0.65625 0.824519 0.0384615 0.0432692
0 0.477163 0.813702 0.03125 0.0264423
2 0.807692 0.512019 0.0432692 0.0288462
2 0.742788 0.514423 0.0384615 0.0288462
2 0.520433 0.489183 0.03125 0.0264423
2 0.358173 0.388221 0.0384615 0.0264423
2 0.460337 0.367788 0.0456731 0.0240385
2 0.52524 0.242788 0.0264423 0.0240385
2 0.163462 0.497596 0.0336538 0.0240385
2 0.276442 0.507212 0.0384615 0.0240385
3 0.383413 0.507212 0.03125 0.0240385
3 0.646635 0.487981 0.0288462 0.0240385
3 0.578125 0.498798 0.03125 0.0264423
3 0.719952 0.375 0.03125 0.0336538
3 0.246394 0.430288 0.0264423 0.0240385
4 0.628606 0.679087 0.03125 0.0504808
4 0.846154 0.566106 0.0384615 0.0552885
5 0.114183 0.640625 0.0408654 0.0456731
5 0.195913 0.646635 0.0360577 0.0336538
5 0.300481 0.644231 0.0384615 0.0384615
5 0.236779 0.669471 0.0264423 0.0360577
5 0.338942 0.668269 0.0288462 0.0432692
5 0.439904 0.66226 0.0240385 0.03125
5 0.519231 0.635817 0.0432692 0.0360577
5 0.510817 0.659856 0.0264423 0.0264423
5 0.782452 0.697115 0.03125 0.0384615
5 0.902644 0.665865 0.03125 0.0384615
5 0.752404 0.471154 0.0336538 0.0336538
5 0.560096 0.358173 0.0240385 0.0240385
5 0.454327 0.457933 0.0288462 0.03125
6 0.159856 0.491587 0.0552885 0.0745192
6 0.21274 0.475962 0.0552885 0.0673077
6 0.280048 0.503606 0.0504808 0.0697115
6 0.242788 0.430288 0.0432692 0.0528846
6 0.353365 0.38101 0.0480769 0.0649038
6 0.383413 0.503606 0.0552885 0.0649038
6 0.46875 0.496394 0.0480769 0.0649038
6 0.516827 0.481971 0.0528846 0.0649038
6 0.580529 0.496394 0.0456731 0.0600962
6 0.644231 0.480769 0.0528846 0.0673077
6 0.740385 0.509615 0.0480769 0.0673077
6 0.805288 0.504808 0.0576923 0.0625
6 0.721154 0.375 0.0576923 0.0625
6 0.612981 0.350962 0.0528846 0.0769231
6 0.461538 0.362981 0.0576923 0.0528846
6 0.52524 0.239183 0.0456731 0.0600962
9 0.147837 0.575721 0.0793269 0.117788
9 0.27524 0.578125 0.0889423 0.0985577
9 0.373798 0.586538 0.0745192 0.105769
9 0.526442 0.58774 0.0769231 0.137019
9 0.680288 0.576923 0.0961538 0.115385
9 0.832933 0.600962 0.108173 0.120192
9 0.71274 0.4375 0.0745192 0.0769231
9 0.527644 0.328125 0.0745192 0.108173
9 0.463942 0.415865 0.0721154 0.0432692
9 0.355769 0.433894 0.0721154 0.0600962
11 0.371394 0.658654 0.0745192 0.25
11 0.530048 0.645433 0.112981 0.242788
11 0.677885 0.65024 0.110577 0.266827
11 0.842548 0.671875 0.137019 0.252404
