5 0.450721 0.627404 0.0504808 0.0432692
9 0.644231 0.486779 0.149038 0.209135
9 0.540865 0.539663 0.0817308 0.170673
6 0.478365 0.498798 0.0817308 0.0889423
6 0.538462 0.40625 0.0673077 0.0817308
6 0.591346 0.346154 0.0961538 0.105769
9 0.824519 0.558894 0.197115 0.387019
6 0.771635 0.27524 0.182692 0.209135
5 0.454327 0.564904 0.0625 0.0480769
5 0.643029 0.605769 0.0552885 0.0528846
5 0.59375 0.637019 0.0480769 0.0528846
0 0.55649 0.760817 0.0504808 0.0552885
0 0.555288 0.920673 0.0432692 0.0384615
6 0.780048 0.0721154 0.180288 0.139423
