0 0.339759 0.889423 0.0626506 0.177885
0 0.445783 0.822115 0.0722892 0.149038
0 0.572289 0.81851 0.060241 0.141827
0 0.638554 0.847356 0.0433735 0.170673
3 0.572289 0.28726 0.0554217 0.03125
3 0.425301 0.304087 0.0554217 0.03125
5 0.357831 0.534856 0.0795181 0.0552885
5 0.643373 0.478365 0.0337349 0.0576923
5 0.53012 0.365385 0.0626506 0.0721154
6 0.414458 0.30649 0.0963855 0.112981
6 0.573494 0.28726 0.0915663 0.0841346
8 0.406024 0.50601 0.195181 0.271635
8 0.592771 0.483173 0.144578 0.269231
11 0.40241 0.585337 0.183133 0.444712
11 0.591566 0.594952 0.156627 0.502404
