0 0.192308 0.804819 0.0480769 0.0481928
0 0.213942 0.771084 0.0480769 0.0433735
0 0.266827 0.739759 0.0480769 0.0289157
0 0.302885 0.722892 0.0432692 0.0289157
0 0.322115 0.706024 0.0432692 0.0240964
0 0.413462 0.671084 0.0384615 0.026506
0 0.442308 0.662651 0.0288462 0.0240964
0 0.486779 0.653012 0.0408654 0.0240964
0 0.653846 0.706024 0.0528846 0.0337349
0 0.635817 0.680723 0.0504808 0.0409639
0 0.569712 0.648193 0.0432692 0.0289157
0 0.543269 0.640964 0.0336538 0.0240964
2 0.194712 0.474699 0.0336538 0.0240964
3 0.265625 0.431325 0.03125 0.0240964
5 0.170673 0.591566 0.0288462 0.0361446
5 0.30649 0.560241 0.0264423 0.0313253
5 0.352163 0.566265 0.03125 0.0289157
5 0.401442 0.46988 0.0288462 0.0240964
5 0.396635 0.544578 0.0240385 0.0289157
5 0.478365 0.518072 0.0240385 0.0337349
5 0.466346 0.53494 0.0240385 0.0240964
5 0.641827 0.574699 0.0240385 0.0409639
6 0.52524 0.431325 0.0408654 0.0578313
7 0.18149 0.475904 0.0649038 0.0554217
7 0.263221 0.438554 0.0408654 0.0578313
7 0.320913 0.439759 0.0504808 0.0554217
7 0.388221 0.437349 0.0408654 0.0506024
7 0.457933 0.427711 0.0408654 0.0506024
7 0.644231 0.433735 0.0480769 0.053012
9 0.18149 0.561446 0.09375 0.13012
9 0.265625 0.53012 0.0889423 0.125301
9 0.455529 0.493976 0.0697115 0.086747
9 0.519231 0.495181 0.0625 0.0891566
9 0.588942 0.50241 0.0625 0.0891566
9 0.655048 0.524096 0.0649038 0.113253
7 0.591346 0.436145 0.0432692 0.0481928
11 0.177885 0.624096 0.0865385 0.255422
11 0.271635 0.571084 0.0913462 0.240964
11 0.518029 0.533735 0.0649038 0.161446
11 0.591346 0.536145 0.0673077 0.166265
11 0.655048 0.562651 0.0697115 0.190361
