0 0.951923 0.736779 0.0384615 0.03125
4 0.951923 0.736779 0.0384615 0.03125
0 0.438702 0.959135 0.0504808 0.0432692
9 0.933894 0.649038 0.0841346 0.100962
9 0.740385 0.645433 0.0865385 0.0841346
11 0.429087 0.774038 0.0985577 0.307692
6 0.473558 0.596154 0.0576923 0.0673077
6 0.710337 0.585337 0.0552885 0.0600962
6 0.96875 0.585337 0.0576923 0.0600962
9 0.430288 0.694712 0.100962 0.139423
5 0.5 0.758413 0.0192308 0.03125
0 0.397837 0.914663 0.0408654 0.0552885
4 0.665865 0.697115 0.0384615 0.0288462
4 0.72476 0.737981 0.0360577 0.0336538
11 0.741587 0.683894 0.0889423 0.165865
11 0.926683 0.683894 0.0841346 0.170673
