2 0.264423 0.358173 0.0721154 0.0384615
2 0.334135 0.372596 0.0625 0.0336538
2 0.504808 0.375 0.0625 0.0384615
2 0.71274 0.395433 0.0649038 0.03125
2 0.929087 0.378606 0.0504808 0.0408654
5 0.207933 0.69351 0.0697115 0.0889423
5 0.286058 0.632212 0.0288462 0.0625
5 0.401442 0.617788 0.0432692 0.0625
5 0.955529 0.647837 0.0889423 0.0889423
7 0.235577 0.34976 0.125 0.117788
7 0.338942 0.367788 0.0817308 0.0961538
7 0.512019 0.378606 0.0865385 0.108173
7 0.731971 0.401442 0.09375 0.0961538
7 0.953125 0.385817 0.09375 0.112981
9 0.206731 0.510817 0.149038 0.189904
9 0.335337 0.503606 0.122596 0.165865
9 0.50601 0.521635 0.137019 0.192308
9 0.745192 0.544471 0.144231 0.185096
9 0.945913 0.519231 0.108173 0.168269
11 0.210337 0.640625 0.137019 0.459135
11 0.33774 0.638221 0.103365 0.411058
11 0.510817 0.65024 0.15625 0.444712
11 0.75 0.682692 0.173077 0.461538
11 0.939904 0.668269 0.120192 0.466346
