11 0.930288 0.527644 0.0432692 0.117788
5 0.46274 0.567308 0.0264423 0.0288462
0 0.5625 0.667067 0.0288462 0.03125
0 0.591346 0.710337 0.0432692 0.03125
0 0.460337 0.665865 0.0408654 0.0240385
6 0.850962 0.425481 0.0432692 0.0625
7 0.973558 0.453125 0.0384615 0.0504808
0 0.980769 0.661058 0.0288462 0.0240385
6 0.6875 0.451923 0.0288462 0.0384615
0 0.878606 0.680288 0.0264423 0.0288462
0 0.512019 0.676683 0.0384615 0.03125
0 0.733173 0.71274 0.0432692 0.0360577
6 0.933894 0.453125 0.03125 0.0408654
11 0.977163 0.554087 0.0456731 0.15625
0 0.641827 0.6875 0.0480769 0.0288462
6 0.543269 0.454327 0.0288462 0.0480769
11 0.626202 0.566106 0.0841346 0.21875
5 0.879808 0.555288 0.0288462 0.0336538
0 0.832933 0.69351 0.0408654 0.0264423
6 0.973558 0.454327 0.0384615 0.0480769
9 0.524038 0.513221 0.0673077 0.0841346
9 0.975962 0.509615 0.0480769 0.0673077
6 0.612981 0.438702 0.0480769 0.0552885
6 0.516827 0.449519 0.0336538 0.0528846
11 0.459135 0.56851 0.0576923 0.170673
5 0.772837 0.579327 0.0264423 0.0384615
11 0.736779 0.572115 0.0841346 0.216346
9 0.930288 0.504808 0.0432692 0.0673077
9 0.460337 0.52524 0.0600962 0.09375
9 0.850962 0.492788 0.0817308 0.0913462
9 0.735577 0.502404 0.0817308 0.0913462
6 0.459135 0.460337 0.0432692 0.0456731
9 0.627404 0.502404 0.0769231 0.0913462
11 0.527644 0.557692 0.0697115 0.182692
6 0.728365 0.436298 0.0480769 0.0697115
11 0.860577 0.554087 0.0865385 0.21875
5 0.564904 0.554087 0.0240385 0.0552885
0 0.510817 0.977163 0.0360577 0.0264423
0 0.459135 0.990385 0.0384615 0.0240385
0 0.561298 0.987981 0.03125 0.0240385
0 0.873798 0.979567 0.03125 0.03125
0 0.834135 0.967548 0.0432692 0.0408654
0 0.731971 0.954327 0.0456731 0.0432692
0 0.644231 0.972356 0.0480769 0.0360577
0 0.594952 0.945913 0.0408654 0.0456731
