6 0.413462 0.471154 0.0625 0.0913462
6 0.580529 0.353365 0.0408654 0.0625
6 0.701923 0.24399 0.0817308 0.0985577
6 0.700721 0.0649038 0.0841346 0.120192
6 0.227163 0.504808 0.0504808 0.0576923
6 0.21875 0.371394 0.0240385 0.0264423
6 0.866587 0.399038 0.0264423 0.0336538
6 0.950721 0.383413 0.03125 0.03125
3 0.699519 0.248798 0.0625 0.0504808
4 0.65625 0.490385 0.0480769 0.0576923
4 0.447115 0.578125 0.0384615 0.0649038
0 0.676683 0.729567 0.103365 0.127404
0 0.575721 0.580529 0.0360577 0.0793269
0 0.543269 0.582933 0.0240385 0.0649038
0 0.675481 0.945913 0.0961538 0.108173
9 0.733173 0.367788 0.144231 0.197115
9 0.385817 0.548077 0.132212 0.125
9 0.540865 0.427885 0.0721154 0.105769
9 0.280048 0.539663 0.0745192 0.0745192
11 0.715144 0.466346 0.151442 0.384615
