6 0.239183 0.455422 0.0793269 0.0963855
6 0.394231 0.484337 0.0480769 0.0674699
6 0.891827 0.466265 0.0625 0.0698795
6 0.798077 0.487952 0.0480769 0.060241
6 0.715144 0.468675 0.0456731 0.0554217
6 0.560096 0.473494 0.0288462 0.0457831
7 0.610577 0.473494 0.0432692 0.0554217
6 0.671875 0.472289 0.03125 0.0433735
0 0.36899 0.760241 0.0360577 0.0313253
0 0.430288 0.756626 0.0432692 0.0433735
0 0.63101 0.761446 0.0408654 0.0337349
0 0.588942 0.750602 0.0480769 0.026506
0 0.705529 0.721687 0.0408654 0.026506
0 0.758413 0.760241 0.0504808 0.0313253
5 0.856971 0.585542 0.0264423 0.0337349
5 0.584135 0.598795 0.0240385 0.0409639
5 0.699519 0.538554 0.0240385 0.0313253
9 0.223558 0.579518 0.100962 0.13253
9 0.393029 0.559036 0.0697115 0.0722892
9 0.792067 0.563855 0.0745192 0.0915663
9 0.896635 0.556626 0.0721154 0.106024
9 0.614183 0.548193 0.0600962 0.0843373
9 0.550481 0.519277 0.0288462 0.0698795
9 0.721154 0.53253 0.0480769 0.0771084
11 0.22476 0.666265 0.112981 0.325301
11 0.393029 0.63012 0.0745192 0.219277
11 0.890625 0.638554 0.0889423 0.279518
11 0.786058 0.633735 0.0817308 0.236145
11 0.71875 0.584337 0.0480769 0.180723
11 0.614183 0.620482 0.0649038 0.233735
11 0.550481 0.556626 0.0384615 0.154217
