6 0.951923 0.480769 0.0961538 0.110577
6 0.727163 0.423077 0.0649038 0.0817308
6 0.533654 0.430288 0.0576923 0.0769231
6 0.411058 0.439904 0.0576923 0.0769231
6 0.271635 0.429087 0.0673077 0.0793269
6 0.170673 0.442308 0.0673077 0.0865385
6 0.0853365 0.436298 0.103365 0.117788
5 0.848558 0.59375 0.0528846 0.0528846
9 0.407452 0.538462 0.0889423 0.120192
9 0.530048 0.540865 0.103365 0.125
9 0.71875 0.550481 0.110577 0.139423
9 0.262019 0.528846 0.110577 0.125
9 0.0865385 0.578125 0.125 0.165865
0 0.441106 0.783654 0.0408654 0.0432692
0 0.387019 0.78125 0.0432692 0.0480769
0 0.441106 0.960337 0.0408654 0.0408654
0 0.384615 0.966346 0.0480769 0.0432692
0 0.304087 0.953125 0.0456731 0.0360577
0 0.239183 0.938702 0.0456731 0.0408654
0 0.239183 0.810096 0.0408654 0.0432692
0 0.305288 0.795673 0.0432692 0.0384615
0 0.527644 0.78125 0.0456731 0.0384615
0 0.596154 0.800481 0.0432692 0.0528846
0 0.594952 0.942308 0.0360577 0.0384615
0 0.533654 0.96875 0.0384615 0.0480769
0 0.685096 0.813702 0.0625 0.0408654
0 0.75601 0.83774 0.0504808 0.0552885
0 0.757212 0.909856 0.0480769 0.0552885
0 0.686298 0.929087 0.0552885 0.0456731
0 0.186298 0.831731 0.0600962 0.0336538
0 0.182692 0.914663 0.0576923 0.03125
11 0.539663 0.603365 0.117788 0.293269
11 0.716346 0.629808 0.105769 0.331731
11 0.41226 0.616587 0.0985577 0.276442
11 0.259615 0.608173 0.115385 0.269231
