0 0.430288 0.784856 0.0576923 0.0216346
0 0.455529 0.801683 0.0552885 0.03125
3 0.436298 0.31851 0.0552885 0.0216346
0 0.207933 0.757212 0.0793269 0.0336538
9 0.453125 0.457933 0.117788 0.199519
5 0.242788 0.516827 0.0432692 0.0480769
0 0.329327 0.762019 0.0384615 0.0432692
3 0.336538 0.344952 0.0432692 0.0168269
5 0.447115 0.549279 0.0480769 0.0456731
11 0.453125 0.550481 0.108173 0.384615
9 0.329327 0.459135 0.134615 0.153846
6 0.336538 0.342548 0.0625 0.0889423
6 0.430288 0.311298 0.0673077 0.0985577
11 0.328125 0.554087 0.132212 0.34375
