6 0.55649 0.448193 0.0552885 0.0819277
6 0.47476 0.474699 0.0504808 0.0578313
6 0.421875 0.474699 0.0408654 0.0578313
6 0.366587 0.485542 0.0408654 0.060241
6 0.335337 0.491566 0.0360577 0.0481928
6 0.254808 0.491566 0.0384615 0.053012
6 0.183894 0.472289 0.0456731 0.0626506
3 0.543269 0.449398 0.0480769 0.026506
3 0.472356 0.46747 0.0408654 0.0289157
3 0.419471 0.468675 0.0408654 0.0457831
3 0.367788 0.484337 0.0288462 0.0240964
3 0.25601 0.491566 0.03125 0.0240964
3 0.186298 0.479518 0.0360577 0.0289157
9 0.566106 0.589157 0.117788 0.2
9 0.15024 0.583133 0.117788 0.168675
9 0.248798 0.591566 0.0745192 0.146988
9 0.359375 0.601205 0.112981 0.156627
9 0.465144 0.60241 0.0841346 0.173494
11 0.561298 0.648193 0.09375 0.293976
11 0.465144 0.653012 0.0697115 0.303614
11 0.371394 0.655422 0.0745192 0.26506
11 0.239183 0.63494 0.0985577 0.219277
11 0.134615 0.616867 0.115385 0.212048
