0 0.655048 0.601205 0.03125 0.0457831
0 0.606971 0.6 0.0360577 0.0385542
0 0.518029 0.579518 0.0456731 0.0313253
0 0.448317 0.559036 0.0360577 0.0337349
3 0.557692 0.448193 0.0432692 0.0240964
5 0.564904 0.590361 0.0432692 0.0337349
5 0.548077 0.56506 0.0384615 0.0313253
5 0.413462 0.542169 0.0288462 0.0240964
5 0.391827 0.546988 0.0288462 0.0289157
6 0.56851 0.431325 0.0600962 0.0771084
6 0.489183 0.456627 0.0552885 0.0554217
6 0.426683 0.485542 0.0552885 0.0457831
9 0.640625 0.479518 0.09375 0.086747
9 0.534856 0.49759 0.0793269 0.0457831
9 0.465144 0.501205 0.0456731 0.0626506
