7 0.168269 0.295673 0.105769 0.125
7 0.480769 0.325721 0.0961538 0.122596
7 0.669471 0.331731 0.0697115 0.0961538
7 0.772837 0.314904 0.0793269 0.115385
7 0.926683 0.286058 0.132212 0.144231
7 0.840144 0.34375 0.0504808 0.0528846
2 0.907452 0.266827 0.0889423 0.0528846
3 0.466346 0.311298 0.0625 0.0456731
3 0.757212 0.301683 0.0480769 0.0360577
9 0.484375 0.480769 0.175481 0.182692
9 0.635817 0.457933 0.0985577 0.180288
9 0.745192 0.466346 0.100962 0.168269
9 0.890625 0.471154 0.170673 0.1875
9 0.137019 0.444712 0.134615 0.216346
0 0.661058 0.802885 0.0576923 0.0625
0 0.578125 0.80649 0.0456731 0.0600962
0 0.580529 0.941106 0.0552885 0.0600962
0 0.658654 0.938702 0.0480769 0.0600962
11 0.459135 0.617788 0.134615 0.4375
11 0.635817 0.558894 0.112981 0.382212
11 0.74399 0.582933 0.09375 0.430288
11 0.878606 0.647837 0.146635 0.536058
11 0.135817 0.59976 0.15625 0.550481
