6 0.269231 0.40241 0.0721154 0.0915663
6 0.0853365 0.307229 0.0456731 0.0650602
6 0.0865385 0.0349398 0.0480769 0.0650602
6 0.403846 0.345783 0.0432692 0.0650602
6 0.792067 0.36747 0.0649038 0.0795181
4 0.152644 0.508434 0.0552885 0.0385542
4 0.415865 0.433735 0.0288462 0.0289157
4 0.689904 0.461446 0.0576923 0.0361446
0 0.24399 0.707229 0.0697115 0.0361446
0 0.731971 0.73494 0.0841346 0.0385542
0 0.170673 0.762651 0.0384615 0.0361446
0 0.169471 0.912048 0.0408654 0.0313253
0 0.729567 0.920482 0.0889423 0.0385542
9 0.835337 0.477108 0.151442 0.159036
9 0.222356 0.501205 0.137019 0.178313
9 0.0817308 0.393976 0.0817308 0.122892
9 0.393029 0.444578 0.0841346 0.142169
10 0.819712 0.555422 0.182692 0.325301
10 0.0865385 0.446988 0.0961538 0.224096
10 0.222356 0.574699 0.137019 0.33012
