3 0.932692 0.478365 0.0576923 0.0384615
3 0.472356 0.49399 0.0841346 0.0360577
9 0.438702 0.605769 0.112981 0.129808
3 0.623798 0.478365 0.0408654 0.0336538
3 0.0240385 0.382212 0.0480769 0.0673077
6 0.0276442 0.384615 0.0552885 0.302885
3 0.664663 0.389423 0.0552885 0.0432692
9 0.21875 0.72476 0.259615 0.247596
3 0.269231 0.516827 0.0865385 0.0432692
5 0.457933 0.698317 0.103365 0.0745192
5 0.365385 0.935096 0.0865385 0.0913462
5 0.878606 0.663462 0.0456731 0.0576923
9 0.902644 0.615385 0.117788 0.201923
6 0.605769 0.466346 0.0817308 0.100962
6 0.0925481 0.492788 0.0745192 0.0865385
5 0.364183 0.731971 0.0889423 0.0841346
6 0.921875 0.466346 0.09375 0.105769
6 0.69351 0.379808 0.146635 0.182692
9 0.747596 0.637019 0.216346 0.350962
6 0.472356 0.485577 0.0985577 0.125
6 0.231971 0.49399 0.170673 0.209135
2 0.09375 0.496394 0.0384615 0.0216346
9 0.566106 0.569712 0.117788 0.139423
