6 0.293269 0.465144 0.0384615 0.0456731
6 0.518029 0.467548 0.0360577 0.0408654
6 0.497596 0.519231 0.0384615 0.0432692
6 0.823317 0.480769 0.0456731 0.0625
4 0.358173 0.53125 0.0240385 0.0288462
4 0.834135 0.604567 0.0288462 0.03125
4 0.259615 0.578125 0.0240385 0.0264423
9 0.284856 0.522837 0.0456731 0.0745192
9 0.842548 0.558894 0.0552885 0.0985577
9 0.548077 0.544471 0.0673077 0.0600962
0 0.545673 0.675481 0.0384615 0.0240385
0 0.308894 0.670673 0.0360577 0.0240385
0 0.828125 0.701923 0.0264423 0.0240385
0 0.28125 0.668269 0.0240385 0.0240385
11 0.293269 0.566106 0.0769231 0.15625
11 0.55649 0.584135 0.0841346 0.149038
11 0.844952 0.594952 0.0600962 0.180288
