5 0.36899 0.497596 0.0504808 0.0480769
5 0.616587 0.663462 0.0360577 0.0480769
0 0.242788 0.753606 0.0576923 0.0745192
0 0.138221 0.731971 0.0745192 0.0793269
6 0.301683 0.325721 0.0889423 0.103365
6 0.545673 0.444712 0.0961538 0.115385
9 0.221154 0.442308 0.110577 0.201923
9 0.645433 0.486779 0.146635 0.137019
11 0.206731 0.518029 0.144231 0.372596
11 0.628606 0.598558 0.194712 0.375
3 0.549279 0.457933 0.03125 0.0745192
3 0.313702 0.34375 0.0408654 0.0432692
5 0.294471 0.384615 0.0504808 0.0528846
