0 0.161058 0.884615 0.0673077 0.0769231
0 0.235577 0.911058 0.0769231 0.0913462
0 0.376202 0.683894 0.0408654 0.0504808
0 0.403846 0.697115 0.0288462 0.0528846
0 0.43149 0.627404 0.0360577 0.0384615
0 0.472356 0.637019 0.0408654 0.0432692
0 0.612981 0.484375 0.0288462 0.0264423
0 0.567308 0.504808 0.0240385 0.0288462
0 0.584135 0.507212 0.0240385 0.0240385
0 0.554087 0.538462 0.03125 0.0288462
0 0.526442 0.536058 0.0240385 0.0288462
3 0.274038 0.442308 0.0673077 0.0288462
3 0.414663 0.393029 0.0456731 0.0264423
3 0.473558 0.361779 0.0384615 0.0264423
4 0.307692 0.533654 0.0673077 0.100962
4 0.376202 0.385817 0.03125 0.0456731
6 0.706731 0.316106 0.0240385 0.0264423
6 0.683894 0.317308 0.0264423 0.0240385
6 0.665865 0.334135 0.0240385 0.0336538
6 0.620192 0.335337 0.0288462 0.0408654
6 0.586538 0.350962 0.0384615 0.0432692
6 0.552885 0.329327 0.0384615 0.0576923
6 0.473558 0.360577 0.0625 0.0721154
6 0.41226 0.390625 0.0552885 0.0600962
6 0.28125 0.407452 0.129808 0.141827
8 0.709135 0.346154 0.0240385 0.0528846
8 0.6875 0.352163 0.0240385 0.0552885
8 0.663462 0.362981 0.0240385 0.0480769
8 0.620192 0.376202 0.0240385 0.0649038
8 0.546875 0.387019 0.0600962 0.0865385
8 0.27524 0.5625 0.189904 0.235577
11 0.709135 0.371394 0.0240385 0.0985577
11 0.6875 0.372596 0.0240385 0.100962
11 0.661058 0.387019 0.0240385 0.129808
11 0.633413 0.397837 0.03125 0.141827
11 0.608173 0.40024 0.0240385 0.0985577
11 0.539663 0.426683 0.0649038 0.194712
11 0.585337 0.435096 0.03125 0.134615
11 0.459135 0.490385 0.0576923 0.221154
11 0.40024 0.534856 0.0793269 0.262019
11 0.246394 0.641827 0.189904 0.418269
