3 0.629808 0.299279 0.0240385 0.0456731
4 0.742788 0.420673 0.0336538 0.0480769
4 0.686298 0.473558 0.0504808 0.0480769
4 0.644231 0.491587 0.0288462 0.0408654
4 0.603365 0.497596 0.0288462 0.0240385
6 0.635817 0.271635 0.0745192 0.0913462
6 0.628606 0.361779 0.0600962 0.0889423
9 0.734375 0.324519 0.127404 0.105769
9 0.635817 0.459135 0.0889423 0.125
0 0.697115 0.612981 0.0769231 0.0528846
0 0.752404 0.585337 0.0528846 0.0504808
11 0.72476 0.420673 0.108173 0.278846
11 0.633413 0.502404 0.0841346 0.211538
