9 0.782452 0.680288 0.132212 0.350962
5 0.824519 0.697115 0.0384615 0.0480769
11 0.784856 0.608173 0.132212 0.211538
9 0.606971 0.574519 0.204327 0.254808
5 0.441106 0.414663 0.0649038 0.0793269
9 0.378606 0.576923 0.122596 0.216346
5 0.731971 0.790865 0.0552885 0.0528846
6 0.217548 0.424279 0.127404 0.180288
11 0.378606 0.658654 0.132212 0.399038
11 0.611779 0.668269 0.204327 0.447115
11 0.170673 0.682692 0.269231 0.326923
7 0.370192 0.421875 0.0721154 0.0745192
7 0.609375 0.389423 0.112981 0.110577
6 0.766827 0.461538 0.0721154 0.100962
3 0.217548 0.4375 0.112981 0.0432692
3 0.609375 0.388221 0.108173 0.0504808
