9 0.117788 0.557831 0.120192 0.161446
10 0.564904 0.649398 0.0865385 0.26747
10 0.78726 0.63253 0.175481 0.214458
3 0.436298 0.475904 0.0408654 0.0216867
3 0.63101 0.459036 0.0600962 0.0313253
5 0.209135 0.562651 0.0432692 0.0361446
10 0.789663 0.692771 0.180288 0.349398
3 0.485577 0.46747 0.0528846 0.0289157
0 0.278846 0.698795 0.0528846 0.0385542
3 0.213942 0.433735 0.0432692 0.0192771
9 0.563702 0.586747 0.0889423 0.142169
3 0.737981 0.483133 0.0576923 0.0361446
0 0.227163 0.714458 0.0408654 0.0361446
6 0.486779 0.463855 0.0552885 0.0650602
6 0.21274 0.43012 0.0456731 0.060241
6 0.436298 0.473494 0.0408654 0.0506024
6 0.558894 0.480723 0.0649038 0.0746988
6 0.138221 0.439759 0.0841346 0.0939759
6 0.633413 0.446988 0.0697115 0.0987952
10 0.122596 0.73012 0.134615 0.520482
6 0.764423 0.472289 0.125 0.125301
10 0.237981 0.563855 0.129808 0.322892
10 0.655048 0.666265 0.108173 0.368675
9 0.65625 0.56988 0.100962 0.171084
10 0.497596 0.613253 0.0625 0.253012
10 0.4375 0.595181 0.0576923 0.226506
9 0.492788 0.555422 0.0625 0.122892
9 0.439904 0.539759 0.0432692 0.0915663
0 0.563702 0.795181 0.0408654 0.0385542
0 0.50601 0.755422 0.0456731 0.0361446
0 0.459135 0.703614 0.0336538 0.0337349
0 0.429087 0.687952 0.0408654 0.0361446
