6 0.512048 0.52524 0.026506 0.03125
6 0.492771 0.602163 0.026506 0.0264423
6 0.754217 0.532452 0.0240964 0.0264423
6 0.779518 0.542067 0.026506 0.03125
6 0.885542 0.540865 0.026506 0.0288462
6 0.913253 0.53726 0.0289157 0.0264423
6 0.66506 0.639423 0.0289157 0.0240385
6 0.904819 0.271635 0.0313253 0.0288462
6 0.761446 0.269231 0.0240964 0.0288462
6 0.546988 0.0300481 0.0240964 0.0360577
6 0.243373 0.16226 0.0337349 0.0264423
6 0.0879518 0.164663 0.0313253 0.0264423
9 0.0626506 0.164663 0.0337349 0.0264423
9 0.263855 0.167067 0.0313253 0.0360577
9 0.53012 0.0805288 0.0433735 0.0504808
9 0.577108 0.175481 0.0361446 0.0528846
9 0.662651 0.198317 0.0385542 0.0504808
9 0.754217 0.311298 0.0337349 0.0552885
9 0.913253 0.310096 0.0337349 0.0576923
9 0.925301 0.56851 0.0385542 0.0552885
9 0.884337 0.572115 0.0337349 0.0480769
9 0.787952 0.578125 0.0385542 0.0456731
9 0.746988 0.574519 0.0385542 0.0528846
9 0.495181 0.639423 0.0409639 0.0480769
9 0.496386 0.542067 0.0433735 0.0408654
10 0.0686747 0.175481 0.0409639 0.0480769
10 0.266265 0.170673 0.0361446 0.0432692
10 0.53012 0.0841346 0.0385542 0.0576923
10 0.575904 0.177885 0.0385542 0.0625
10 0.663855 0.21274 0.0361446 0.0745192
10 0.751807 0.330529 0.0337349 0.09375
10 0.913253 0.330529 0.0385542 0.0889423
10 0.926506 0.581731 0.0409639 0.0817308
10 0.884337 0.581731 0.0337349 0.0673077
10 0.793976 0.579327 0.0457831 0.0528846
10 0.751807 0.588942 0.053012 0.0865385
10 0.681928 0.664663 0.0433735 0.03125
10 0.504819 0.55649 0.0506024 0.0745192
10 0.492771 0.661058 0.0361446 0.0961538
