7 0.223558 0.328916 0.115385 0.175904
7 0.403846 0.390361 0.100962 0.125301
7 0.55649 0.363855 0.0745192 0.086747
7 0.639423 0.351807 0.0865385 0.110843
7 0.807692 0.373494 0.0865385 0.13494
7 0.948317 0.368675 0.0697115 0.086747
2 0.632212 0.345783 0.0769231 0.0409639
2 0.5625 0.355422 0.0673077 0.0313253
2 0.808894 0.374699 0.0793269 0.0313253
3 0.407452 0.384337 0.0745192 0.0361446
3 0.237981 0.322892 0.0625 0.0578313
3 0.930288 0.368675 0.0721154 0.0240964
9 0.43149 0.546988 0.21875 0.212048
9 0.65625 0.525301 0.168269 0.279518
9 0.188702 0.522892 0.223558 0.293976
9 0.959135 0.509639 0.0817308 0.2
9 0.831731 0.508434 0.115385 0.187952
