6 0.225962 0.466265 0.0913462 0.108434
6 0.68149 0.444578 0.0264423 0.0361446
6 0.647837 0.440964 0.0264423 0.0481928
6 0.520433 0.46747 0.0456731 0.0578313
3 0.213942 0.479518 0.0432692 0.0337349
4 0.421875 0.596386 0.03125 0.0409639
4 0.252404 0.578313 0.0336538 0.0385542
8 0.638221 0.490361 0.0504808 0.0746988
4 0.485577 0.46747 0.0240385 0.0289157
9 0.521635 0.53012 0.0528846 0.086747
9 0.34375 0.525301 0.134615 0.120482
0 0.322115 0.703614 0.0528846 0.0385542
11 0.350962 0.56988 0.153846 0.219277
11 0.53125 0.562651 0.0769231 0.156627
