0 0.78125 0.856971 0.0432692 0.0264423
0 0.747596 0.832933 0.0288462 0.03125
0 0.707933 0.817308 0.0552885 0.0240385
0 0.65625 0.78125 0.0336538 0.0288462
0 0.597356 0.790865 0.0360577 0.0240385
0 0.486779 0.784856 0.0264423 0.0264423
0 0.449519 0.782452 0.0336538 0.0264423
0 0.379808 0.789663 0.0528846 0.0408654
0 0.328125 0.77524 0.0360577 0.03125
0 0.264423 0.793269 0.0528846 0.0240385
0 0.228365 0.805288 0.0528846 0.0288462
0 0.975962 0.758413 0.0336538 0.03125
0 0.921875 0.747596 0.03125 0.0240385
2 0.0805288 0.502404 0.09375 0.0673077
2 0.939904 0.509615 0.0336538 0.0240385
3 0.637019 0.538462 0.0336538 0.0240385
3 0.699519 0.533654 0.0288462 0.0240385
3 0.813702 0.543269 0.0264423 0.0240385
3 0.483173 0.509615 0.0384615 0.0240385
3 0.360577 0.495192 0.0432692 0.0240385
3 0.257212 0.46875 0.0240385 0.0240385
3 0.151442 0.461538 0.0384615 0.0240385
5 0.33774 0.604567 0.03125 0.0264423
5 0.25601 0.491587 0.0360577 0.0456731
5 0.388221 0.585337 0.0264423 0.0360577
5 0.586538 0.668269 0.0240385 0.0240385
5 0.673077 0.676683 0.0240385 0.0264423
5 0.711538 0.647837 0.0240385 0.0264423
5 0.699519 0.645433 0.0288462 0.03125
5 0.769231 0.721154 0.0240385 0.0240385
5 0.915865 0.627404 0.0240385 0.0288462
6 0.826923 0.540865 0.0721154 0.0673077
7 0.353365 0.49399 0.0480769 0.0504808
7 0.25 0.461538 0.0432692 0.0528846
7 0.144231 0.466346 0.0528846 0.0528846
7 0.481971 0.507212 0.0456731 0.0576923
7 0.304087 0.485577 0.0456731 0.0480769
7 0.639423 0.539663 0.0432692 0.0408654
7 0.71274 0.530048 0.0456731 0.0504808
7 0.948317 0.508413 0.0408654 0.0456731
7 0.0528846 0.513221 0.105769 0.262019
9 0.234375 0.554087 0.0889423 0.122596
9 0.143029 0.55649 0.0889423 0.122596
9 0.34375 0.579327 0.0817308 0.129808
9 0.479567 0.576923 0.0841346 0.105769
9 0.63101 0.615385 0.0745192 0.110577
9 0.728365 0.616587 0.0817308 0.112981
9 0.830529 0.651442 0.103365 0.149038
9 0.959135 0.578125 0.0817308 0.0985577
11 0.237981 0.620192 0.0865385 0.254808
11 0.348558 0.625 0.0913462 0.225962
11 0.465144 0.63101 0.0841346 0.213942
11 0.722356 0.674279 0.0745192 0.223558
11 0.825721 0.710337 0.0985577 0.262019
11 0.954327 0.625 0.0817308 0.1875
