0 0.665865 0.713253 0.0480769 0.0337349
0 0.90024 0.575904 0.03125 0.0240964
0 0.764423 0.568675 0.0288462 0.0240964
0 0.581731 0.604819 0.0384615 0.0337349
0 0.542067 0.604819 0.0456731 0.0337349
3 0.691106 0.404819 0.0408654 0.0240964
4 0.641827 0.526506 0.0432692 0.0313253
4 0.647837 0.477108 0.0360577 0.0240964
4 0.597356 0.46988 0.0264423 0.0240964
6 0.379808 0.43253 0.0288462 0.026506
6 0.584135 0.404819 0.0384615 0.0481928
6 0.701923 0.392771 0.0673077 0.0626506
7 0.924279 0.457831 0.03125 0.0289157
9 0.383413 0.466265 0.0360577 0.0506024
9 0.56851 0.471084 0.0456731 0.0939759
9 0.694712 0.495181 0.0721154 0.122892
9 0.786058 0.501205 0.0432692 0.0481928
9 0.93149 0.50241 0.0504808 0.060241
11 0.38101 0.483133 0.0456731 0.0746988
11 0.56851 0.5 0.0697115 0.146988
11 0.69351 0.549398 0.0793269 0.245783
11 0.929087 0.516867 0.0456731 0.0843373
