6 0.788462 0.5 0.0480769 0.0673077
6 0.883413 0.477163 0.0600962 0.0697115
6 0.526442 0.365385 0.134615 0.125
6 0.221154 0.480769 0.158654 0.201923
3 0.508413 0.379808 0.0264423 0.0673077
3 0.231971 0.491587 0.0649038 0.0600962
8 0.355769 0.34976 0.216346 0.175481
8 0.948317 0.52524 0.103365 0.108173
8 0.793269 0.534856 0.0721154 0.0600962
8 0.0913462 0.586538 0.182692 0.221154
5 0.498798 0.623798 0.0504808 0.0697115
5 0.388221 0.615385 0.0552885 0.0769231
11 0.370192 0.418269 0.254808 0.322115
4 0.295673 0.777644 0.0673077 0.0697115
