0 0.480769 0.799279 0.0576923 0.0408654
0 0.524038 0.780048 0.0576923 0.0360577
0 0.52524 0.719952 0.03125 0.03125
0 0.670673 0.706731 0.0384615 0.0432692
0 0.715144 0.710337 0.0408654 0.0456731
0 0.600962 0.711538 0.0480769 0.0288462
0 0.56851 0.722356 0.0456731 0.03125
0 0.435096 0.733173 0.0480769 0.0336538
0 0.405048 0.747596 0.0504808 0.0336538
3 0.423077 0.408654 0.0384615 0.0240385
3 0.508413 0.383413 0.0456731 0.03125
3 0.683894 0.367788 0.0552885 0.0240385
2 0.326923 0.377404 0.0769231 0.0240385
2 0.36899 0.414663 0.0456731 0.0264423
5 0.34976 0.569712 0.0408654 0.0432692
5 0.359375 0.594952 0.03125 0.0264423
5 0.513221 0.539663 0.0456731 0.0408654
5 0.55649 0.56851 0.0360577 0.0360577
5 0.612981 0.550481 0.0240385 0.0336538
5 0.640625 0.545673 0.0264423 0.0384615
5 0.798077 0.480769 0.0432692 0.0336538
6 0.308894 0.373798 0.09375 0.112981
6 0.496394 0.379808 0.0793269 0.0865385
6 0.413462 0.401442 0.0673077 0.0769231
6 0.585337 0.387019 0.0649038 0.0817308
6 0.680288 0.371394 0.0721154 0.0793269
9 0.307692 0.501202 0.125 0.15625
9 0.495192 0.486779 0.115385 0.141827
9 0.580529 0.483173 0.0841346 0.134615
9 0.688702 0.469952 0.112981 0.132212
11 0.294471 0.651442 0.112981 0.447115
11 0.487981 0.575721 0.110577 0.305288
11 0.578125 0.545673 0.0697115 0.240385
11 0.686298 0.52524 0.108173 0.266827
1 0.379808 0.8125 0.0721154 0.0480769
