6 0.164663 0.442308 0.0793269 0.115385
6 0.308894 0.455529 0.0841346 0.112981
6 0.453125 0.445913 0.0745192 0.112981
6 0.578125 0.460337 0.0793269 0.103365
5 0.104567 0.71274 0.0408654 0.0504808
5 0.652644 0.700721 0.03125 0.0552885
5 0.365385 0.699519 0.0288462 0.0480769
9 0.158654 0.581731 0.120192 0.153846
9 0.304087 0.584135 0.117788 0.134615
9 0.451923 0.576923 0.120192 0.149038
9 0.581731 0.585337 0.100962 0.122596
11 0.15024 0.694712 0.15625 0.389423
11 0.30649 0.664663 0.141827 0.305288
11 0.449519 0.673077 0.129808 0.346154
11 0.586538 0.664663 0.120192 0.290865
