6 0.209135 0.415663 0.0625 0.0891566
6 0.370192 0.395181 0.0769231 0.106024
6 0.449519 0.431325 0.0576923 0.0915663
6 0.566106 0.421687 0.0360577 0.053012
6 0.628606 0.415663 0.0745192 0.0843373
6 0.83774 0.407229 0.0745192 0.0963855
6 0.689904 0.421687 0.0288462 0.0433735
2 0.377404 0.39759 0.0528846 0.0337349
9 0.61899 0.526506 0.127404 0.118072
9 0.830529 0.501205 0.117788 0.13012
9 0.366587 0.526506 0.137019 0.156627
9 0.228365 0.518072 0.120192 0.144578
9 0.479567 0.524096 0.0745192 0.127711
0 0.871394 0.763855 0.0504808 0.0915663
0 0.871394 0.9 0.0456731 0.0843373
11 0.622596 0.669879 0.115385 0.395181
11 0.366587 0.646988 0.127404 0.39759
11 0.831731 0.598795 0.120192 0.291566
11 0.222356 0.608434 0.108173 0.301205
