6 0.329327 0.503606 0.0721154 0.0841346
7 0.253606 0.491587 0.0504808 0.0793269
7 0.382212 0.477163 0.0432692 0.0649038
7 0.520433 0.471154 0.0504808 0.0673077
7 0.655048 0.502404 0.0456731 0.0673077
7 0.772837 0.492788 0.0600962 0.0721154
5 0.230769 0.680288 0.0288462 0.0288462
9 0.514423 0.566106 0.0913462 0.112981
9 0.659856 0.590144 0.0889423 0.112981
9 0.772837 0.585337 0.0841346 0.141827
9 0.34976 0.626202 0.103365 0.180288
0 0.560096 0.8125 0.0336538 0.0528846
0 0.498798 0.811298 0.0504808 0.0456731
0 0.498798 0.86899 0.0456731 0.0552885
0 0.557692 0.867788 0.0384615 0.0480769
0 0.746394 0.831731 0.0649038 0.0432692
0 0.629808 0.795673 0.0480769 0.0336538
0 0.629808 0.883413 0.0625 0.0408654
0 0.411058 0.78726 0.0432692 0.0456731
0 0.408654 0.891827 0.0336538 0.0384615
11 0.512019 0.639423 0.0721154 0.264423
11 0.658654 0.652644 0.0769231 0.257212
11 0.769231 0.659856 0.0625 0.290865
11 0.340144 0.699519 0.0793269 0.322115
