0 0.0961538 0.714458 0.0865385 0.0795181
0 0.18149 0.657831 0.09375 0.0626506
0 0.420673 0.761446 0.0721154 0.053012
0 0.455529 0.703614 0.0552885 0.0674699
3 0.106971 0.23253 0.0745192 0.0554217
3 0.489183 0.309639 0.0600962 0.0457831
4 0.36899 0.489157 0.03125 0.053012
4 0.530048 0.503614 0.0360577 0.053012
5 0.105769 0.485542 0.0528846 0.0457831
6 0.480769 0.285542 0.0817308 0.118072
6 0.0841346 0.224096 0.105769 0.110843
8 0.0829327 0.36506 0.161058 0.204819
8 0.454327 0.40241 0.168269 0.221687
10 0.0949519 0.462651 0.185096 0.404819
10 0.449519 0.519277 0.163462 0.455422
