8 0.213942 0.487952 0.0240385 0.026506
8 0.260817 0.490361 0.03125 0.0361446
8 0.301683 0.486747 0.0360577 0.053012
8 0.390625 0.513253 0.0360577 0.0385542
8 0.413462 0.573494 0.0336538 0.0337349
8 0.50601 0.506024 0.0456731 0.0289157
8 0.139423 0.483133 0.120192 0.142169
9 0.183894 0.775904 0.233173 0.448193
11 0.18149 0.775904 0.228365 0.448193
11 0.383413 0.596386 0.0649038 0.137349
11 0.455529 0.593976 0.0504808 0.0746988
11 0.282452 0.56506 0.0745192 0.113253
11 0.242788 0.53494 0.0336538 0.0626506
11 0.199519 0.536145 0.0384615 0.0650602
9 0.453125 0.580723 0.0456731 0.0385542
9 0.382212 0.556626 0.0673077 0.053012
9 0.283654 0.551807 0.0625 0.086747
9 0.239183 0.527711 0.03125 0.0481928
9 0.199519 0.526506 0.0384615 0.0457831
