6 0.242788 0.367788 0.0865385 0.115385
6 0.402644 0.354567 0.0985577 0.117788
6 0.651442 0.359375 0.0913462 0.117788
6 0.819712 0.31851 0.0913462 0.127404
4 0.889423 0.629808 0.0480769 0.0721154
4 0.542067 0.496394 0.0600962 0.0552885
4 0.512019 0.454327 0.0384615 0.0576923
4 0.580529 0.4375 0.0408654 0.0528846
5 0.189904 0.649038 0.0336538 0.0384615
5 0.348558 0.647837 0.0336538 0.03125
9 0.258413 0.526442 0.132212 0.211538
9 0.445913 0.485577 0.117788 0.230769
9 0.825721 0.465144 0.132212 0.189904
9 0.682692 0.491587 0.110577 0.165865
11 0.269231 0.609375 0.158654 0.391827
11 0.450721 0.576923 0.132212 0.408654
11 0.680288 0.592548 0.120192 0.382212
11 0.828125 0.5625 0.15625 0.379808
