9 0.215144 0.473494 0.0985577 0.118072
3 0.834135 0.354217 0.0432692 0.0240964
3 0.679087 0.378313 0.0456731 0.0240964
3 0.582933 0.378313 0.0456731 0.0240964
3 0.486779 0.383133 0.0408654 0.0240964
3 0.433894 0.391566 0.0456731 0.026506
3 0.388221 0.415663 0.03125 0.026506
3 0.344952 0.433735 0.0264423 0.0240964
3 0.326923 0.414458 0.0240385 0.0240964
3 0.269231 0.409639 0.0288462 0.0240964
3 0.0504808 0.407229 0.0384615 0.0240964
6 0.84375 0.353012 0.0673077 0.0891566
6 0.985577 0.345783 0.0288462 0.103614
6 0.691106 0.368675 0.0649038 0.101205
6 0.734375 0.353012 0.0600962 0.0939759
6 0.588942 0.360241 0.0480769 0.0795181
6 0.626202 0.355422 0.0360577 0.0843373
6 0.534856 0.368675 0.0408654 0.086747
6 0.320913 0.396386 0.03125 0.0554217
6 0.271635 0.406024 0.0336538 0.0554217
6 0.489183 0.377108 0.0456731 0.0746988
6 0.438702 0.383133 0.03125 0.0674699
6 0.0492788 0.395181 0.0456731 0.0578313
5 0.88101 0.519277 0.0456731 0.0457831
5 0.730769 0.554217 0.0336538 0.0481928
5 0.663462 0.546988 0.0240385 0.0481928
5 0.639423 0.538554 0.0240385 0.0409639
5 0.467548 0.513253 0.0264423 0.053012
5 0.328125 0.5 0.0360577 0.0361446
5 0.292067 0.510843 0.0264423 0.0289157
5 0.40024 0.520482 0.0264423 0.0385542
0 0.182692 0.692771 0.0384615 0.0650602
0 0.376202 0.608434 0.03125 0.0554217
0 0.411058 0.613253 0.0240385 0.0554217
1 0.673077 0.693976 0.0576923 0.0433735
1 0.623798 0.692771 0.03125 0.0457831
1 0.572115 0.677108 0.0528846 0.0337349
1 0.526442 0.66506 0.0288462 0.0433735
1 0.495192 0.648193 0.0432692 0.0481928
1 0.453125 0.637349 0.0360577 0.0457831
1 0.346154 0.608434 0.0240385 0.0409639
1 0.31851 0.608434 0.03125 0.0361446
1 0.948317 0.696386 0.0504808 0.0481928
9 0.984375 0.46506 0.03125 0.173494
9 0.850962 0.456627 0.110577 0.161446
9 0.709135 0.473494 0.0961538 0.13253
9 0.606971 0.468675 0.0889423 0.137349
9 0.53125 0.466265 0.0721154 0.142169
9 0.486779 0.456627 0.0456731 0.122892
9 0.442308 0.456627 0.0625 0.113253
9 0.384615 0.46747 0.0576923 0.0963855
9 0.335337 0.484337 0.0408654 0.0963855
9 0.282452 0.463855 0.0456731 0.0843373
9 0.0540865 0.446988 0.0504808 0.0746988
11 0.848558 0.555422 0.115385 0.368675
11 0.977163 0.559036 0.0456731 0.366265
11 0.716346 0.554217 0.110577 0.313253
11 0.532452 0.527711 0.0552885 0.26988
11 0.484375 0.538554 0.0408654 0.257831
11 0.438702 0.524096 0.0552885 0.257831
11 0.382212 0.526506 0.0432692 0.243373
11 0.335337 0.524096 0.0456731 0.219277
11 0.207933 0.553012 0.09375 0.291566
11 0.0528846 0.481928 0.0480769 0.154217
10 0.605769 0.557831 0.0817308 0.306024
10 0.278846 0.519277 0.0432692 0.195181
