7 0.0793269 0.428916 0.0432692 0.053012
7 0.195913 0.436145 0.03125 0.0337349
7 0.228365 0.445783 0.0432692 0.0626506
7 0.284856 0.428916 0.0408654 0.053012
7 0.310096 0.450602 0.0336538 0.053012
7 0.355769 0.457831 0.0384615 0.0481928
7 0.391827 0.455422 0.0336538 0.053012
7 0.477163 0.444578 0.0360577 0.060241
7 0.651442 0.444578 0.0384615 0.0554217
7 0.734375 0.446988 0.03125 0.0457831
7 0.824519 0.46988 0.0336538 0.0385542
7 0.941106 0.463855 0.0264423 0.0506024
7 0.965144 0.460241 0.03125 0.0337349
9 0.483173 0.524096 0.0673077 0.108434
9 0.652644 0.524096 0.0745192 0.113253
9 0.731971 0.508434 0.0649038 0.0771084
9 0.824519 0.526506 0.0480769 0.0795181
9 0.356971 0.522892 0.0697115 0.0963855
9 0.0805288 0.513253 0.0697115 0.101205
11 0.481971 0.571084 0.0793269 0.19759
11 0.652644 0.566265 0.0745192 0.20241
11 0.719952 0.563855 0.0360577 0.192771
11 0.361779 0.571084 0.0552885 0.178313
11 0.200721 0.606024 0.0552885 0.26747
11 0.0745192 0.56506 0.0673077 0.214458
11 0.823317 0.571084 0.0504808 0.154217
