4 0.751202 0.688702 0.0985577 0.0793269
5 0.597356 0.804087 0.0504808 0.0552885
3 0.221154 0.438702 0.0961538 0.0408654
5 0.116587 0.796875 0.0456731 0.0649038
3 0.454327 0.402644 0.125 0.0456731
5 0.352163 0.790865 0.0456731 0.0576923
3 0.796875 0.373798 0.132212 0.0504808
9 0.808894 0.603365 0.21875 0.307692
6 0.21875 0.424279 0.120192 0.161058
6 0.796875 0.379808 0.132212 0.163462
6 0.454327 0.40024 0.125 0.165865
9 0.477163 0.645433 0.252404 0.348558
9 0.213942 0.627404 0.225962 0.259615
6 0.390625 0.489183 0.0504808 0.0504808
6 0.602163 0.859375 0.0504808 0.0793269
6 0.353365 0.864183 0.0528846 0.0649038
6 0.116587 0.864183 0.0456731 0.0649038
4 0.751202 0.961538 0.108173 0.0769231
