6 0.0757212 0.284856 0.151442 0.185096
6 0.322115 0.31851 0.125 0.199519
6 0.436298 0.36899 0.0889423 0.132212
6 0.792067 0.329327 0.189904 0.221154
7 0.546875 0.341346 0.103365 0.129808
3 0.53125 0.336538 0.0384615 0.0576923
3 0.746394 0.365385 0.0649038 0.0336538
3 0.336538 0.359375 0.0865385 0.0504808
3 0.103365 0.310096 0.0817308 0.0384615
2 0.4375 0.377404 0.0769231 0.0480769
4 0.74399 0.717548 0.175481 0.127404
4 0.639423 0.640625 0.0769231 0.0504808
4 0.730769 0.977163 0.100962 0.0456731
5 0.245192 0.58774 0.0865385 0.09375
5 0.483173 0.532452 0.100962 0.0697115
9 0.265625 0.538462 0.233173 0.317308
9 0.584135 0.518029 0.173077 0.237981
9 0.846154 0.639423 0.283654 0.394231
