0 0.347356 0.636145 0.0504808 0.0337349
0 0.298077 0.650602 0.0336538 0.0337349
0 0.612981 0.642169 0.0384615 0.0313253
0 0.558894 0.626506 0.0600962 0.0240964
0 0.491587 0.603614 0.03125 0.0361446
0 0.439904 0.6 0.0336538 0.0337349
0 0.540865 0.513253 0.0240385 0.0240964
0 0.512019 0.515663 0.0288462 0.0240964
0 0.38101 0.555422 0.0408654 0.0313253
2 0.0588942 0.259036 0.0793269 0.0698795
2 0.179087 0.30241 0.0264423 0.0313253
2 0.540865 0.310843 0.0288462 0.0240964
3 0.103365 0.304819 0.0336538 0.0361446
3 0.251202 0.303614 0.0264423 0.0240964
3 0.304087 0.312048 0.0360577 0.026506
3 0.477163 0.322892 0.03125 0.0240964
3 0.576923 0.313253 0.0240385 0.0289157
5 0.31851 0.359036 0.0456731 0.0385542
5 0.367788 0.455422 0.0240385 0.0337349
5 0.262019 0.449398 0.0240385 0.0409639
7 0.228365 0.30241 0.0673077 0.0891566
7 0.301683 0.310843 0.0552885 0.0674699
7 0.383413 0.328916 0.03125 0.0554217
7 0.479567 0.325301 0.0408654 0.0578313
7 0.59976 0.315663 0.0600962 0.0674699
7 0.539663 0.315663 0.0360577 0.0433735
7 0.697115 0.337349 0.0240385 0.0385542
9 0.307692 0.407229 0.0913462 0.115663
9 0.211538 0.4 0.0913462 0.125301
9 0.469952 0.403614 0.0841346 0.0939759
9 0.597356 0.4 0.0793269 0.110843
9 0.688702 0.386747 0.0408654 0.0650602
9 0.108173 0.649398 0.216346 0.421687
9 0.597356 0.474699 0.0841346 0.26506
9 0.467548 0.453012 0.0745192 0.192771
9 0.316106 0.46506 0.103365 0.250602
