2 0.728365 0.320913 0.0961538 0.0504808
3 0.179087 0.347356 0.0841346 0.0456731
3 0.409856 0.408654 0.0504808 0.0384615
3 0.597356 0.377404 0.0504808 0.0384615
5 0.461538 0.596154 0.0817308 0.0961538
5 0.542067 0.578125 0.0697115 0.0504808
5 0.926683 0.762019 0.0793269 0.100962
5 0.665865 0.649038 0.0432692 0.0528846
5 0.538462 0.629808 0.0480769 0.0528846
7 0.133413 0.359375 0.175481 0.185096
7 0.251202 0.407452 0.0456731 0.0552885
7 0.298077 0.395433 0.0432692 0.0552885
7 0.36899 0.408654 0.0985577 0.149038
7 0.611779 0.362981 0.0745192 0.110577
7 0.757212 0.329327 0.149038 0.163462
7 0.588942 0.191106 0.0288462 0.0408654
7 0.639423 0.194712 0.0288462 0.0384615
7 0.69351 0.200721 0.03125 0.03125
7 0.852163 0.213942 0.03125 0.0336538
7 0.278846 0.284856 0.0240385 0.0360577
7 0.317308 0.197115 0.0336538 0.0336538
7 0.346154 0.197115 0.0240385 0.0288462
7 0.397837 0.1875 0.03125 0.0288462
7 0.365385 0.201923 0.0240385 0.0240385
9 0.102163 0.629808 0.15625 0.370192
9 0.324519 0.623798 0.105769 0.295673
9 0.770433 0.56851 0.199519 0.314904
9 0.605769 0.507212 0.129808 0.197115
9 0.247596 0.473558 0.0625 0.0913462
9 0.3125 0.239183 0.0384615 0.0552885
9 0.401442 0.231971 0.0576923 0.0552885
9 0.584135 0.237981 0.0480769 0.0673077
9 0.637019 0.237981 0.0480769 0.0673077
