3 0.793269 0.43012 0.0480769 0.0313253
4 0.420673 0.395181 0.0480769 0.0385542
4 0.772837 0.459036 0.0793269 0.0457831
5 0.336538 0.592771 0.0384615 0.0433735
5 0.299279 0.646988 0.0552885 0.0409639
5 0.520433 0.537349 0.0360577 0.0385542
5 0.676683 0.56506 0.0600962 0.0650602
6 0.292067 0.280723 0.0456731 0.0891566
6 0.418269 0.324096 0.0625 0.0795181
6 0.47476 0.419277 0.0697115 0.0771084
6 0.47476 0.261446 0.0456731 0.0746988
6 0.722356 0.262651 0.03125 0.106024
6 0.792067 0.439759 0.0793269 0.0746988
6 0.638221 0.459036 0.0745192 0.0891566
6 0.600962 0.595181 0.110577 0.13494
6 0.878606 0.557831 0.127404 0.0698795
6 0.367788 0.691566 0.153846 0.178313
6 0.203125 0.472289 0.0889423 0.115663
6 0.28125 0.438554 0.0769231 0.101205
9 0.24399 0.351807 0.0889423 0.120482
9 0.451923 0.506024 0.0913462 0.125301
9 0.283654 0.531325 0.0865385 0.113253
9 0.183894 0.628916 0.146635 0.255422
9 0.335337 0.791566 0.223558 0.0843373
9 0.633413 0.746988 0.213942 0.178313
9 0.919471 0.698795 0.161058 0.255422
9 0.776442 0.524096 0.115385 0.113253
9 0.746394 0.351807 0.0649038 0.144578
9 0.486779 0.322892 0.0745192 0.086747
11 0.18149 0.659036 0.141827 0.315663
11 0.330529 0.790361 0.223558 0.086747
11 0.294471 0.542169 0.127404 0.154217
11 0.477163 0.531325 0.141827 0.185542
11 0.633413 0.748193 0.21875 0.185542
11 0.918269 0.69759 0.163462 0.257831
11 0.796875 0.513253 0.170673 0.125301
11 0.751202 0.357831 0.0745192 0.166265
11 0.253606 0.346988 0.108173 0.115663
11 0.487981 0.338554 0.0673077 0.13253
