0 0.302885 0.725962 0.0432692 0.0240385
0 0.272837 0.721154 0.03125 0.0288462
1 0.215144 0.721154 0.0408654 0.0240385
1 0.397837 0.713942 0.03125 0.0240385
1 0.43149 0.716346 0.03125 0.0240385
1 0.34375 0.691106 0.0240385 0.0264423
1 0.371394 0.697115 0.0264423 0.0240385
6 0.276442 0.545673 0.0480769 0.0480769
7 0.359375 0.555288 0.0264423 0.0384615
7 0.402644 0.550481 0.0360577 0.0384615
7 0.209135 0.542067 0.0336538 0.0408654
9 0.205529 0.606971 0.0456731 0.0985577
9 0.280048 0.606971 0.0552885 0.0889423
9 0.358173 0.603365 0.0432692 0.0673077
9 0.411058 0.59375 0.0480769 0.0721154
10 0.28125 0.634615 0.0576923 0.139423
10 0.360577 0.614183 0.0480769 0.0889423
11 0.203125 0.635817 0.0456731 0.161058
11 0.409856 0.633413 0.0504808 0.132212
