0 0.367788 0.744578 0.0817308 0.0481928
3 0.522837 0.36506 0.0841346 0.0506024
3 0.360577 0.375904 0.0288462 0.0240964
4 0.361779 0.566265 0.0456731 0.0722892
5 0.530048 0.638554 0.0552885 0.053012
6 0.144231 0.355422 0.0769231 0.0795181
6 0.379808 0.363855 0.0673077 0.0819277
6 0.520433 0.356627 0.117788 0.139759
9 0.158654 0.490361 0.120192 0.185542
9 0.394231 0.492771 0.0913462 0.180723
9 0.513221 0.554217 0.21875 0.221687
10 0.177885 0.595181 0.173077 0.395181
10 0.384615 0.549398 0.0865385 0.303614
