6 0.846154 0.319712 0.211538 0.1875
6 0.83774 0.0877404 0.209135 0.170673
7 0.0829327 0.322115 0.165865 0.25
7 0.265625 0.383413 0.0841346 0.0985577
7 0.471154 0.316106 0.110577 0.151442
7 0.539663 0.36899 0.0552885 0.0985577
7 0.741587 0.397837 0.0985577 0.141827
7 0.471154 0.0793269 0.115385 0.153846
7 0.544471 0.0348558 0.0552885 0.0697115
7 0.270433 0.0252404 0.0841346 0.0504808
3 0.485577 0.329327 0.0673077 0.0432692
3 0.53726 0.366587 0.0456731 0.03125
3 0.728365 0.391827 0.0673077 0.0384615
3 0.264423 0.394231 0.0528846 0.0240385
3 0.141827 0.330529 0.0384615 0.0456731
3 0.490385 0.0649038 0.0721154 0.0432692
5 0.447115 0.600962 0.0865385 0.0528846
5 0.28726 0.598558 0.0697115 0.0432692
5 0.730769 0.664663 0.0913462 0.0793269
5 0.728365 0.949519 0.0913462 0.0769231
9 0.893029 0.647837 0.213942 0.401442
9 0.441106 0.475962 0.213942 0.158654
9 0.254808 0.514423 0.134615 0.129808
9 0.108173 0.644231 0.216346 0.331731
