2 0.354217 0.280048 0.106024 0.0408654
3 0.154217 0.276442 0.0722892 0.0240385
7 0.283133 0.292067 0.0409639 0.0745192
9 0.473494 0.459135 0.113253 0.221154
1 0.886747 0.914663 0.0385542 0.0504808
5 0.937349 0.645433 0.0433735 0.0600962
5 0.254217 0.632212 0.0506024 0.0721154
0 0.550602 0.90024 0.0698795 0.0649038
5 0.442169 0.608173 0.0409639 0.0576923
0 0.514458 0.788462 0.0506024 0.0432692
3 0.745783 0.28125 0.0698795 0.0288462
3 0.598795 0.293269 0.0843373 0.0336538
3 0.483133 0.30649 0.0698795 0.03125
0 0.421687 0.786058 0.0578313 0.0432692
7 0.483133 0.305288 0.0698795 0.0865385
9 0.750602 0.426683 0.13253 0.175481
0 0.706024 0.817308 0.0578313 0.0432692
0 0.29759 0.941106 0.060241 0.0649038
11 0.46988 0.546875 0.115663 0.411058
7 0.354217 0.27524 0.115663 0.127404
5 0.780723 0.614183 0.0337349 0.0456731
5 0.0710843 0.540865 0.0409639 0.0528846
5 0.679518 0.640625 0.0433735 0.0649038
0 0.133735 0.805288 0.0650602 0.0528846
5 0.509639 0.629808 0.0409639 0.0625
0 0.644578 0.926683 0.060241 0.0649038
0 0.216867 0.78726 0.086747 0.0504808
0 0.381928 0.913462 0.0891566 0.0480769
9 0.145783 0.419471 0.146988 0.199519
9 0.333735 0.459135 0.195181 0.240385
7 0.746988 0.282452 0.0722892 0.09375
9 0.878313 0.502404 0.175904 0.216346
11 0.746988 0.554087 0.13494 0.439904
11 0.874699 0.622596 0.173494 0.451923
7 0.893976 0.329327 0.115663 0.125
11 0.148193 0.536058 0.142169 0.432692
7 0.598795 0.295673 0.0843373 0.110577
7 0.154217 0.270433 0.0722892 0.0985577
9 0.601205 0.46875 0.195181 0.216346
11 0.598795 0.605769 0.185542 0.5
11 0.331325 0.609375 0.190361 0.536058
1 0.814458 0.895433 0.0674699 0.0456731
3 0.866265 0.338942 0.0506024 0.0240385
7 0.23012 0.319712 0.0457831 0.0528846
