11 0.731971 0.649038 0.103365 0.293269
4 0.736779 0.623798 0.0264423 0.03125
5 0.55649 0.628606 0.0264423 0.03125
5 0.736779 0.622596 0.0264423 0.0288462
11 0.586538 0.635817 0.0961538 0.271635
6 0.596154 0.469952 0.0576923 0.0649038
6 0.715144 0.469952 0.0600962 0.0697115
8 0.731971 0.561298 0.108173 0.117788
8 0.586538 0.55649 0.0961538 0.112981
0 0.594952 0.801683 0.0456731 0.0408654
0 0.713942 0.807692 0.0384615 0.0480769
0 0.759615 0.807692 0.0288462 0.0384615
0 0.759615 0.850962 0.0336538 0.0336538
0 0.709135 0.847356 0.0384615 0.03125
0 0.600962 0.847356 0.0480769 0.0408654
