0 0.317308 0.660241 0.0817308 0.0481928
0 0.53726 0.639759 0.0793269 0.0457831
0 0.643029 0.775904 0.112981 0.053012
0 0.635817 0.872289 0.108173 0.0481928
0 0.794471 0.649398 0.0360577 0.0457831
4 0.292067 0.540964 0.0456731 0.0361446
4 0.586538 0.591566 0.0432692 0.0698795
6 0.25601 0.340964 0.0745192 0.0891566
6 0.628606 0.289157 0.112981 0.110843
6 0.763221 0.43494 0.0841346 0.0987952
8 0.300481 0.426506 0.158654 0.120482
8 0.522837 0.448193 0.132212 0.101205
8 0.668269 0.448193 0.144231 0.226506
