3 0.752404 0.59375 0.0480769 0.0288462
3 0.676683 0.538462 0.0504808 0.0336538
3 0.59976 0.513221 0.0360577 0.0408654
5 0.578125 0.391827 0.0456731 0.0673077
5 0.629808 0.485577 0.0432692 0.0625
6 0.603365 0.453125 0.0576923 0.0360577
6 0.676683 0.519231 0.0649038 0.100962
6 0.730769 0.502404 0.0576923 0.105769
6 0.44351 0.441106 0.0841346 0.09375
6 0.242788 0.475962 0.0576923 0.110577
6 0.147837 0.480769 0.03125 0.0528846
6 0.0120192 0.477163 0.0240385 0.108173
7 0.186298 0.481971 0.0600962 0.0841346
7 0.580529 0.498798 0.0745192 0.0841346
7 0.754808 0.567308 0.0625 0.120192
9 0.146635 0.576923 0.115385 0.173077
9 0.225962 0.598558 0.0576923 0.158654
9 0.419471 0.538462 0.117788 0.168269
9 0.512019 0.59976 0.125 0.170673
9 0.802885 0.664663 0.110577 0.180288
4 0.78125 0.734375 0.0336538 0.0456731
4 0.733173 0.716346 0.0240385 0.0769231
4 0.628606 0.730769 0.03125 0.0913462
5 0.383413 0.629808 0.0456731 0.0432692
11 0.145433 0.65024 0.108173 0.314904
11 0.22476 0.651442 0.0552885 0.3125
11 0.417067 0.632212 0.122596 0.341346
11 0.515625 0.655048 0.117788 0.295673
11 0.606971 0.646635 0.0697115 0.283654
11 0.675481 0.676683 0.144231 0.233173
11 0.814904 0.682692 0.120192 0.245192
