0 0.22476 0.690361 0.0360577 0.0409639
0 0.262019 0.683133 0.0384615 0.0361446
0 0.0673077 0.748193 0.0480769 0.0361446
0 0.338942 0.727711 0.0480769 0.0337349
0 0.371394 0.731325 0.03125 0.0409639
0 0.43149 0.748193 0.0600962 0.0313253
0 0.479567 0.757831 0.0408654 0.0409639
0 0.877404 0.804819 0.0480769 0.0385542
0 0.824519 0.793976 0.0721154 0.0313253
0 0.772837 0.703614 0.0456731 0.0289157
0 0.574519 0.63494 0.0384615 0.026506
0 0.606971 0.638554 0.0264423 0.0240964
0 0.679087 0.648193 0.03125 0.0240964
0 0.735577 0.625301 0.0240385 0.026506
0 0.657452 0.640964 0.0360577 0.0240964
3 0.0276442 0.431325 0.0456731 0.0240964
3 0.24399 0.421687 0.03125 0.0289157
3 0.34976 0.425301 0.0408654 0.026506
3 0.852163 0.451807 0.0360577 0.0313253
5 0.411058 0.519277 0.0288462 0.0313253
5 0.903846 0.649398 0.0336538 0.0409639
6 0.0372596 0.427711 0.0600962 0.0746988
6 0.251202 0.425301 0.0552885 0.060241
6 0.355769 0.422892 0.0528846 0.060241
6 0.401442 0.418072 0.0480769 0.0650602
6 0.44351 0.421687 0.0600962 0.0674699
6 0.608173 0.450602 0.0384615 0.053012
6 0.658654 0.428916 0.0384615 0.0433735
6 0.705529 0.437349 0.03125 0.0409639
6 0.768029 0.436145 0.0504808 0.053012
6 0.867788 0.438554 0.0769231 0.0915663
9 0.0432692 0.521687 0.0865385 0.113253
9 0.242788 0.508434 0.0913462 0.120482
9 0.34976 0.516867 0.0889423 0.127711
9 0.447115 0.528916 0.0913462 0.166265
9 0.600962 0.507229 0.0625 0.0746988
9 0.663462 0.493976 0.0528846 0.0819277
9 0.711538 0.492771 0.0528846 0.0795181
9 0.770433 0.519277 0.0889423 0.103614
9 0.877404 0.56988 0.100962 0.171084
11 0.0420673 0.586747 0.0841346 0.243373
11 0.240385 0.553012 0.0817308 0.2
11 0.348558 0.56506 0.0961538 0.228916
11 0.447115 0.581928 0.0913462 0.262651
11 0.597356 0.539759 0.0552885 0.139759
11 0.66226 0.527711 0.0552885 0.144578
11 0.764423 0.566265 0.0769231 0.19759
11 0.870192 0.633735 0.0913462 0.293976
