7 0.13101 0.345783 0.0889423 0.0939759
7 0.293269 0.342169 0.0480769 0.0674699
7 0.427885 0.338554 0.0625 0.0795181
7 0.510817 0.312048 0.0552885 0.0746988
7 0.33774 0.36747 0.0360577 0.0361446
3 0.426683 0.331325 0.0360577 0.0457831
3 0.295673 0.343374 0.0336538 0.0361446
3 0.138221 0.343374 0.0649038 0.0409639
3 0.610577 0.325301 0.0528846 0.0240964
5 0.199519 0.486747 0.0480769 0.0578313
5 0.451923 0.455422 0.0432692 0.0481928
0 0.409856 0.771084 0.0552885 0.053012
0 0.485577 0.725301 0.0817308 0.0433735
0 0.508413 0.675904 0.0408654 0.0506024
0 0.561298 0.663855 0.0456731 0.0506024
0 0.604567 0.649398 0.03125 0.0554217
0 0.688702 0.643373 0.0600962 0.0433735
0 0.283654 0.695181 0.0480769 0.0409639
0 0.353365 0.674699 0.0432692 0.053012
0 0.379808 0.626506 0.0432692 0.0337349
0 0.235577 0.795181 0.0769231 0.053012
0 0.179087 0.83253 0.0745192 0.060241
0 0.183894 0.908434 0.0600962 0.0481928
0 0.242788 0.942169 0.0673077 0.0481928
0 0.413462 0.962651 0.0576923 0.0650602
0 0.117788 0.853012 0.0673077 0.0385542
0 0.11899 0.886747 0.0600962 0.053012
9 0.149038 0.462651 0.153846 0.149398
9 0.298077 0.436145 0.105769 0.120482
9 0.423077 0.438554 0.100962 0.139759
9 0.514423 0.403614 0.0913462 0.108434
9 0.627404 0.403614 0.105769 0.108434
9 0.903846 0.485542 0.192308 0.416867
11 0.627404 0.479518 0.105769 0.260241
11 0.519231 0.50241 0.0913462 0.277108
11 0.424279 0.544578 0.112981 0.313253
11 0.298077 0.508434 0.105769 0.255422
11 0.163462 0.577108 0.153846 0.368675
7 0.617788 0.321687 0.0480769 0.0554217
