0 0.566106 0.798077 0.0745192 0.0480769
0 0.453125 0.78726 0.0456731 0.0649038
2 0.34976 0.40024 0.0408654 0.0360577
2 0.484375 0.395433 0.0504808 0.03125
3 0.219952 0.366587 0.0456731 0.03125
3 0.741587 0.390625 0.0504808 0.0360577
5 0.359375 0.539663 0.0745192 0.0600962
5 0.328125 0.609375 0.0408654 0.0408654
5 0.43149 0.528846 0.0360577 0.0480769
5 0.620192 0.453125 0.0432692 0.0360577
6 0.195913 0.370192 0.117788 0.110577
6 0.332933 0.408654 0.09375 0.0865385
6 0.478365 0.388221 0.0817308 0.0889423
6 0.723558 0.388221 0.0913462 0.103365
9 0.21875 0.560096 0.182692 0.254808
9 0.364183 0.554087 0.122596 0.194712
9 0.486779 0.513221 0.151442 0.170673
9 0.737981 0.53125 0.173077 0.197115
11 0.215144 0.643029 0.189904 0.435096
11 0.364183 0.658654 0.127404 0.418269
11 0.5 0.603365 0.144231 0.355769
11 0.747596 0.651442 0.1875 0.447115
