6 0.257212 0.342169 0.0625 0.0578313
6 0.454327 0.344578 0.0673077 0.0819277
6 0.560096 0.391566 0.0576923 0.0746988
6 0.831731 0.336145 0.0625 0.0891566
6 0.740385 0.322892 0.0625 0.086747
4 0.395433 0.40241 0.0456731 0.0337349
4 0.394231 0.456627 0.0240385 0.0409639
4 0.90625 0.479518 0.0384615 0.0481928
4 0.77524 0.485542 0.03125 0.0409639
0 0.301683 0.737349 0.0745192 0.0337349
0 0.788462 0.722892 0.0817308 0.0337349
0 0.953125 0.7 0.0552885 0.0361446
4 0.632212 0.493976 0.0288462 0.0240964
8 0.237981 0.436145 0.0961538 0.125301
8 0.480769 0.421687 0.100962 0.110843
8 0.603365 0.43494 0.0817308 0.0939759
8 0.786058 0.421687 0.0913462 0.13012
8 0.864183 0.426506 0.0793269 0.101205
10 0.268029 0.516867 0.180288 0.296386
0 0.246394 0.728916 0.0360577 0.0361446
11 0.503606 0.515663 0.15625 0.293976
11 0.627404 0.501205 0.139423 0.226506
11 0.786058 0.521687 0.0913462 0.33494
11 0.896635 0.498795 0.144231 0.318072
