6 0.106971 0.366265 0.0360577 0.0481928
6 0.486779 0.391566 0.0504808 0.060241
6 0.254808 0.357831 0.0384615 0.0457831
6 0.21274 0.381928 0.0552885 0.060241
7 0.697115 0.324096 0.0240385 0.0409639
7 0.723558 0.326506 0.0240385 0.0457831
9 0.186298 0.468675 0.0841346 0.127711
4 0.56851 0.392771 0.0264423 0.0337349
4 0.53726 0.490361 0.03125 0.0361446
9 0.508413 0.449398 0.0552885 0.0746988
11 0.189904 0.53494 0.100962 0.26988
11 0.501202 0.491566 0.0841346 0.159036
4 0.115385 0.446988 0.0240385 0.0313253
4 0.0865385 0.404819 0.0240385 0.0289157
9 0.109375 0.416867 0.0360577 0.0626506
9 0.260817 0.410843 0.0456731 0.060241
9 0.731971 0.378313 0.0360577 0.0578313
9 0.692308 0.375904 0.0336538 0.0578313
11 0.734375 0.419277 0.0360577 0.139759
11 0.691106 0.412048 0.0408654 0.13012
