0 0.176683 0.71875 0.0600962 0.0625
3 0.334135 0.382212 0.0721154 0.0288462
2 0.334135 0.383413 0.0721154 0.03125
5 0.311298 0.501202 0.0504808 0.0408654
11 0.296875 0.555288 0.151442 0.278846
0 0.740385 0.731971 0.0576923 0.0504808
0 0.811298 0.730769 0.0552885 0.0528846
9 0.703125 0.504808 0.151442 0.149038
5 0.677885 0.546875 0.0576923 0.0552885
11 0.709135 0.563702 0.158654 0.271635
7 0.685096 0.396635 0.0673077 0.0721154
9 0.302885 0.480769 0.139423 0.125
7 0.334135 0.38101 0.0769231 0.0889423
