6 0.885817 0.407229 0.0985577 0.159036
6 0.810096 0.40241 0.0480769 0.0915663
6 0.758413 0.415663 0.0408654 0.060241
6 0.698317 0.410843 0.0600962 0.0795181
6 0.653846 0.413253 0.0432692 0.0698795
6 0.570913 0.380723 0.0552885 0.0819277
6 0.415865 0.409639 0.0528846 0.0819277
6 0.296875 0.413253 0.0552885 0.0698795
6 0.129808 0.428916 0.0528846 0.0722892
6 0.0637019 0.406024 0.0504808 0.0746988
6 0.0961538 0.410843 0.0288462 0.0506024
6 0.21875 0.403614 0.0432692 0.0650602
6 0.38101 0.404819 0.03125 0.0481928
6 0.473558 0.407229 0.0528846 0.0819277
6 0.612981 0.403614 0.0384615 0.0506024
7 0.961538 0.412048 0.0480769 0.0771084
3 0.887019 0.416867 0.0576923 0.0289157
5 0.885817 0.651807 0.0793269 0.0698795
5 0.691106 0.538554 0.0360577 0.0409639
5 0.621394 0.5 0.0408654 0.0361446
5 0.530048 0.53253 0.03125 0.0337349
5 0.56851 0.540964 0.03125 0.0457831
9 0.879808 0.566265 0.153846 0.183133
9 0.557692 0.498795 0.0961538 0.154217
9 0.413462 0.5 0.0769231 0.108434
9 0.290865 0.519277 0.0913462 0.146988
9 0.135817 0.533735 0.0985577 0.127711
0 0.41226 0.746988 0.0456731 0.0337349
0 0.248798 0.743374 0.0552885 0.0409639
0 0.302885 0.733735 0.0336538 0.0457831
0 0.180288 0.718072 0.0384615 0.0385542
0 0.30649 0.842169 0.0360577 0.0457831
0 0.418269 0.828916 0.0480769 0.0289157
0 0.472356 0.872289 0.03125 0.0337349
0 0.538462 0.73253 0.0384615 0.0385542
0 0.570913 0.748193 0.0360577 0.0361446
0 0.674279 0.737349 0.0552885 0.0385542
0 0.472356 0.701205 0.03125 0.0433735
0 0.180288 0.854217 0.0336538 0.0361446
0 0.252404 0.830121 0.0480769 0.0361446
0 0.348558 0.646988 0.0432692 0.0313253
0 0.352163 0.93012 0.0456731 0.0337349
0 0.538462 0.839759 0.0384615 0.0313253
11 0.411058 0.587952 0.0625 0.284337
11 0.278846 0.563855 0.0673077 0.250602
11 0.133413 0.595181 0.0841346 0.236145
11 0.549279 0.566265 0.09375 0.26988
