0 0.563702 0.641827 0.0889423 0.0769231
0 0.326923 0.659856 0.0769231 0.0408654
0 0.265625 0.66226 0.0600962 0.0504808
0 0.0865385 0.540865 0.0673077 0.0336538
3 0.138221 0.423077 0.03125 0.0288462
3 0.465144 0.413462 0.0408654 0.0480769
4 0.366587 0.627404 0.0552885 0.0528846
4 0.420673 0.644231 0.0576923 0.0673077
4 0.459135 0.667067 0.0528846 0.0697115
5 0.135817 0.53125 0.0264423 0.0336538
6 0.127404 0.419471 0.0528846 0.0552885
6 0.355769 0.426683 0.105769 0.112981
6 0.465144 0.408654 0.09375 0.0961538
6 0.734375 0.419471 0.0360577 0.0504808
6 0.764423 0.4375 0.0240385 0.0336538
6 0.858173 0.43149 0.0528846 0.0408654
6 0.919471 0.43149 0.0264423 0.03125
9 0.0709135 0.463942 0.122596 0.0721154
9 0.231971 0.514423 0.15625 0.182692
9 0.573317 0.480769 0.165865 0.129808
9 0.721154 0.46274 0.0625 0.0649038
9 0.762019 0.453125 0.0288462 0.03125
9 0.86899 0.460337 0.0697115 0.0456731
9 0.930288 0.447115 0.0432692 0.0288462
11 0.0721154 0.481971 0.120192 0.117788
11 0.248798 0.540865 0.194712 0.221154
11 0.567308 0.507212 0.197115 0.163462
11 0.72476 0.473558 0.0793269 0.0769231
11 0.764423 0.457933 0.0336538 0.0504808
11 0.871394 0.475962 0.0889423 0.0769231
11 0.930288 0.453125 0.0432692 0.0456731
