3 0.891827 0.354217 0.0528846 0.0337349
6 0.908654 0.316867 0.129808 0.151807
6 0.814904 0.396386 0.0961538 0.118072
6 0.679087 0.378313 0.0600962 0.0722892
6 0.605769 0.460241 0.0673077 0.0771084
5 0.597356 0.614458 0.03125 0.0337349
5 0.540865 0.572289 0.0288462 0.026506
5 0.911058 0.695181 0.0625 0.0746988
4 0.78726 0.515663 0.0697115 0.0433735
9 0.717548 0.442169 0.0793269 0.0939759
9 0.68149 0.508434 0.137019 0.0915663
9 0.942308 0.516867 0.115385 0.315663
9 0.870192 0.518072 0.0865385 0.221687
4 0.826923 0.650602 0.0336538 0.0481928
