0 0.335337 0.717548 0.03125 0.03125
0 0.298077 0.71875 0.0336538 0.0288462
0 0.508413 0.727163 0.03125 0.03125
0 0.538462 0.719952 0.0288462 0.0264423
0 0.5625 0.682692 0.0336538 0.0240385
0 0.616587 0.700721 0.0360577 0.03125
0 0.652644 0.736779 0.0408654 0.03125
0 0.686298 0.751202 0.0408654 0.03125
0 0.776442 0.78726 0.0480769 0.03125
0 0.808894 0.801683 0.0456731 0.03125
3 0.346154 0.495192 0.0240385 0.0240385
3 0.802885 0.536058 0.0288462 0.0240385
5 0.365385 0.612981 0.0240385 0.0288462
5 0.298077 0.588942 0.0240385 0.0336538
5 0.491587 0.620192 0.03125 0.0288462
5 0.545673 0.616587 0.0240385 0.0360577
5 0.598558 0.603365 0.0288462 0.0240385
5 0.612981 0.509615 0.0240385 0.0240385
5 0.729567 0.626202 0.0264423 0.0360577
5 0.822115 0.673077 0.0240385 0.0528846
7 0.344952 0.497596 0.0504808 0.0480769
7 0.524038 0.521635 0.0432692 0.0384615
7 0.688702 0.512019 0.0456731 0.0480769
7 0.629808 0.504808 0.0336538 0.0432692
7 0.805288 0.539663 0.0480769 0.0552885
7 0.75 0.520433 0.0336538 0.0360577
9 0.330529 0.55649 0.0649038 0.0889423
9 0.509615 0.578125 0.0721154 0.0793269
9 0.680288 0.567308 0.0721154 0.0673077
9 0.795673 0.611779 0.0673077 0.103365
11 0.324519 0.597356 0.0576923 0.146635
11 0.516827 0.608173 0.0673077 0.139423
11 0.677885 0.611779 0.0769231 0.161058
11 0.804087 0.65625 0.09375 0.197115
