6 0.228365 0.472289 0.0913462 0.0578313
6 0.298077 0.468675 0.0625 0.0698795
6 0.355769 0.46988 0.0576923 0.0674699
6 0.430288 0.486747 0.0673077 0.053012
6 0.564904 0.490361 0.0576923 0.0409639
9 0.472356 0.579518 0.0985577 0.108434
9 0.58774 0.579518 0.09375 0.122892
9 0.259615 0.612048 0.120192 0.187952
0 0.5 0.785542 0.0480769 0.0385542
0 0.44351 0.787952 0.0360577 0.0433735
0 0.444712 0.868675 0.0384615 0.0409639
0 0.492788 0.875904 0.0480769 0.0361446
0 0.542067 0.886747 0.0360577 0.0337349
0 0.542067 0.777108 0.0264423 0.0361446
0 0.582933 0.762651 0.0408654 0.0361446
0 0.585337 0.896386 0.0408654 0.0385542
11 0.461538 0.628916 0.0913462 0.245783
11 0.254808 0.675904 0.125 0.306024
11 0.573317 0.621687 0.0793269 0.216867
