6 0.609375 0.592771 0.0456731 0.0433735
6 0.711538 0.573494 0.0384615 0.0433735
6 0.242788 0.553012 0.0288462 0.0361446
6 0.382212 0.551807 0.0240385 0.0337349
0 0.705529 0.753012 0.0264423 0.0650602
0 0.706731 0.908434 0.0384615 0.0722892
0 0.237981 0.7 0.0480769 0.0506024
8 0.703125 0.636145 0.0552885 0.086747
8 0.609375 0.672289 0.0697115 0.115663
8 0.610577 0.96506 0.0721154 0.0698795
9 0.237981 0.592771 0.0576923 0.0674699
9 0.38101 0.584337 0.0456731 0.0554217
11 0.609375 0.687952 0.0697115 0.142169
11 0.698317 0.644578 0.0360577 0.122892
11 0.228365 0.616867 0.0288462 0.110843
