0 0.788462 0.780048 0.110577 0.137019
0 0.66226 0.752404 0.0600962 0.120192
0 0.0204327 0.730769 0.0408654 0.144231
0 0.129808 0.655048 0.0480769 0.0793269
0 0.21274 0.638221 0.0697115 0.0745192
0 0.399038 0.604567 0.0625 0.0841346
0 0.455529 0.616587 0.0456731 0.0985577
4 0.569712 0.534856 0.0576923 0.0697115
4 0.795673 0.526442 0.0625 0.0528846
4 0.492788 0.447115 0.0384615 0.0673077
4 0.385817 0.454327 0.0456731 0.0528846
4 0.0540865 0.530048 0.0360577 0.0504808
5 0.125 0.466346 0.0288462 0.0336538
5 0.225962 0.448317 0.0288462 0.0264423
6 0.173077 0.235577 0.0913462 0.105769
6 0.436298 0.252404 0.0841346 0.0913462
6 0.677885 0.242788 0.100962 0.0817308
6 0.03125 0.248798 0.0625 0.122596
9 0.151442 0.359375 0.139423 0.180288
9 0.415865 0.376202 0.115385 0.170673
9 0.673077 0.40625 0.182692 0.259615
11 0.147837 0.40625 0.122596 0.259615
11 0.419471 0.424279 0.112981 0.247596
11 0.694712 0.496394 0.216346 0.40625
