1 0.195913 0.769231 0.0360577 0.0288462
1 0.236779 0.771635 0.03125 0.0288462
1 0.284856 0.769231 0.0264423 0.0240385
1 0.33774 0.769231 0.03125 0.0240385
1 0.372596 0.771635 0.0288462 0.0288462
1 0.418269 0.782452 0.0336538 0.0264423
1 0.447115 0.78726 0.0288462 0.0264423
1 0.498798 0.78726 0.0360577 0.0264423
1 0.542067 0.794471 0.0264423 0.03125
1 0.591346 0.792067 0.0336538 0.03125
1 0.628606 0.800481 0.03125 0.0288462
1 0.673077 0.804087 0.0336538 0.0264423
1 0.713942 0.808894 0.0384615 0.03125
1 0.751202 0.829327 0.0408654 0.0240385
1 0.793269 0.828125 0.0384615 0.0264423
1 0.834135 0.825721 0.0384615 0.03125
1 0.300481 0.769231 0.0240385 0.0240385
3 0.855769 0.564904 0.0336538 0.0240385
3 0.753606 0.550481 0.03125 0.0240385
3 0.679087 0.545673 0.0264423 0.0240385
3 0.59976 0.546875 0.0264423 0.0264423
3 0.518029 0.552885 0.03125 0.0240385
3 0.430288 0.538462 0.0288462 0.0240385
3 0.353365 0.557692 0.0240385 0.0240385
3 0.286058 0.567308 0.0240385 0.0240385
3 0.210337 0.543269 0.0264423 0.0240385
7 0.209135 0.536058 0.0432692 0.0432692
7 0.289663 0.561298 0.0408654 0.0456731
7 0.352163 0.55649 0.0408654 0.0408654
7 0.430288 0.533654 0.0432692 0.0480769
7 0.524038 0.550481 0.0432692 0.0480769
7 0.602163 0.546875 0.0408654 0.0504808
7 0.680288 0.544471 0.0432692 0.0552885
7 0.75601 0.554087 0.0456731 0.0600962
7 0.853365 0.5625 0.0480769 0.0480769
9 0.211538 0.600962 0.0817308 0.110577
9 0.284856 0.625 0.0697115 0.0961538
9 0.358173 0.628606 0.0817308 0.112981
9 0.43149 0.604567 0.0841346 0.117788
9 0.518029 0.61899 0.0793269 0.108173
9 0.610577 0.612981 0.0913462 0.120192
9 0.682692 0.617788 0.0721154 0.120192
9 0.768029 0.638221 0.122596 0.112981
9 0.861779 0.649038 0.0841346 0.134615
11 0.209135 0.653846 0.0913462 0.225962
11 0.284856 0.670673 0.0697115 0.192308
11 0.356971 0.670673 0.0841346 0.206731
11 0.43149 0.665865 0.0793269 0.225962
11 0.516827 0.680288 0.0961538 0.225962
11 0.603365 0.680288 0.0961538 0.230769
11 0.689904 0.68149 0.0961538 0.242788
11 0.768029 0.697115 0.127404 0.240385
11 0.862981 0.695913 0.0961538 0.237981
