6 0.465144 0.534856 0.0504808 0.0649038
6 0.546875 0.550481 0.0504808 0.0625
6 0.652644 0.539663 0.0456731 0.0649038
6 0.731971 0.557692 0.0456731 0.0721154
9 0.456731 0.626202 0.0817308 0.117788
0 0.411058 0.824519 0.0432692 0.0480769
0 0.449519 0.829327 0.0288462 0.0384615
0 0.451923 0.920673 0.0384615 0.0432692
0 0.409856 0.918269 0.0456731 0.0432692
0 0.533654 0.836538 0.0384615 0.0384615
0 0.563702 0.807692 0.0264423 0.0432692
0 0.530048 0.911058 0.03125 0.0336538
0 0.5625 0.938702 0.0240385 0.0264423
11 0.451923 0.679087 0.0961538 0.21875
11 0.540865 0.683894 0.0721154 0.213942
11 0.646635 0.691106 0.0865385 0.237981
11 0.751202 0.6875 0.0745192 0.201923
