7 0.0228365 0.330529 0.0456731 0.0841346
7 0.248798 0.276442 0.117788 0.139423
7 0.397837 0.290865 0.0889423 0.105769
7 0.621394 0.296875 0.0793269 0.108173
7 0.155048 0.323317 0.0408654 0.0793269
2 0.621394 0.292067 0.0745192 0.0408654
3 0.401442 0.289663 0.0769231 0.0408654
3 0.272837 0.278846 0.0552885 0.0384615
3 0.0228365 0.329327 0.0360577 0.0288462
5 0.658654 0.55649 0.0528846 0.0552885
5 0.450721 0.548077 0.0504808 0.0721154
5 0.336538 0.634615 0.0384615 0.0432692
5 0.0168269 0.461538 0.0336538 0.0480769
9 0.237981 0.518029 0.153846 0.334135
9 0.395433 0.504808 0.151442 0.302885
9 0.639423 0.459135 0.144231 0.211538
9 0.0372596 0.469952 0.0745192 0.170673
0 0.078125 0.790865 0.0649038 0.0384615
0 0.135817 0.78726 0.0360577 0.0408654
11 0.0456731 0.580529 0.0865385 0.391827
11 0.240385 0.665865 0.163462 0.629808
11 0.408654 0.620192 0.192308 0.548077
11 0.643029 0.588942 0.204327 0.480769
