3 0.790865 0.504808 0.0384615 0.0240385
3 0.709135 0.463942 0.0288462 0.0240385
5 0.237981 0.629808 0.0432692 0.0480769
5 0.75 0.576923 0.0336538 0.0240385
5 0.633413 0.502404 0.0264423 0.0240385
5 0.621394 0.532452 0.0360577 0.0264423
5 0.46875 0.490385 0.0288462 0.0240385
5 0.277644 0.5625 0.0360577 0.0240385
7 0.173077 0.579327 0.120192 0.115385
7 0.0805288 0.560096 0.0841346 0.0817308
7 0.116587 0.504808 0.0456731 0.0528846
7 0.215144 0.495192 0.0600962 0.0528846
7 0.152644 0.47476 0.0504808 0.0552885
7 0.209135 0.451923 0.0432692 0.0528846
7 0.501202 0.448317 0.0408654 0.0456731
7 0.65024 0.465144 0.0600962 0.0697115
7 0.717548 0.461538 0.0697115 0.0576923
7 0.790865 0.496394 0.0673077 0.0697115
9 0.141827 0.731971 0.173077 0.209135
9 0.825721 0.560096 0.117788 0.0961538
9 0.727163 0.519231 0.103365 0.0721154
9 0.646635 0.510817 0.0769231 0.0649038
9 0.519231 0.475962 0.0528846 0.0432692
9 0.0709135 0.63101 0.0745192 0.0697115
11 0.0709135 0.634615 0.0793269 0.0769231
11 0.139423 0.747596 0.182692 0.25
11 0.819712 0.558894 0.120192 0.112981
11 0.731971 0.521635 0.0841346 0.0769231
11 0.65625 0.510817 0.0480769 0.0649038
11 0.512019 0.475962 0.0625 0.0480769
