3 0.138221 0.447115 0.03125 0.0336538
3 0.185096 0.415865 0.0288462 0.0336538
5 0.259615 0.602163 0.0721154 0.0408654
5 0.264423 0.564904 0.0625 0.0288462
5 0.27524 0.480769 0.0408654 0.0384615
5 0.262019 0.514423 0.0480769 0.0288462
5 0.908654 0.746394 0.0721154 0.0649038
5 0.828125 0.543269 0.0600962 0.0528846
5 0.649038 0.555288 0.0625 0.0576923
5 0.610577 0.501202 0.0432692 0.0360577
7 0.103365 0.448317 0.0817308 0.108173
7 0.158654 0.418269 0.0769231 0.0913462
7 0.206731 0.40625 0.0480769 0.0721154
7 0.239183 0.408654 0.03125 0.0673077
7 0.86899 0.492788 0.127404 0.125
7 0.766827 0.455529 0.0817308 0.0985577
7 0.717548 0.43149 0.0600962 0.0745192
7 0.674279 0.408654 0.0552885 0.0576923
7 0.603365 0.407452 0.0480769 0.0504808
9 0.046875 0.564904 0.0889423 0.149038
9 0.938702 0.633413 0.122596 0.15625
