6 0.0889423 0.373494 0.134615 0.13012
6 0.41226 0.379518 0.0649038 0.0987952
6 0.561298 0.379518 0.0793269 0.103614
6 0.888221 0.381928 0.0793269 0.103614
5 0.891827 0.609639 0.0913462 0.0578313
5 0.457933 0.590361 0.0456731 0.0578313
5 0.612981 0.624096 0.0336538 0.053012
5 0.25601 0.563855 0.0552885 0.053012
5 0.100962 0.761446 0.0576923 0.0433735
9 0.418269 0.508434 0.120192 0.178313
9 0.563702 0.521687 0.112981 0.185542
9 0.733173 0.545783 0.125 0.161446
0 0.513221 0.80241 0.0360577 0.0578313
0 0.584135 0.80241 0.0432692 0.053012
0 0.585337 0.933735 0.0552885 0.0457831
0 0.510817 0.93253 0.0408654 0.053012
0 0.472356 0.96506 0.0504808 0.0554217
0 0.40024 0.96506 0.0649038 0.060241
0 0.469952 0.771084 0.0600962 0.0578313
0 0.40024 0.768675 0.0552885 0.0481928
0 0.30649 0.825301 0.0600962 0.0795181
0 0.308894 0.920482 0.0649038 0.086747
0 0.248798 0.907229 0.0456731 0.0795181
0 0.251202 0.825301 0.0408654 0.0795181
0 0.728365 0.808434 0.0384615 0.0891566
0 0.689904 0.807229 0.0432692 0.0915663
0 0.69351 0.928916 0.0408654 0.0746988
0 0.729567 0.925301 0.0408654 0.0915663
0 0.823317 0.808434 0.0552885 0.0698795
0 0.888221 0.819277 0.0649038 0.0915663
0 0.885817 0.910843 0.0697115 0.0771084
0 0.820913 0.921687 0.0456731 0.0650602
11 0.55649 0.606024 0.117788 0.339759
11 0.716346 0.614458 0.0961538 0.308434
11 0.86899 0.613253 0.0985577 0.363855
11 0.260817 0.622892 0.127404 0.354217
11 0.0901442 0.685542 0.141827 0.46988
