7 0.49399 0.46747 0.0600962 0.0674699
7 0.449519 0.439759 0.0528846 0.060241
7 0.372596 0.424096 0.0576923 0.0915663
7 0.638221 0.498795 0.0745192 0.0963855
7 0.704327 0.478313 0.0625 0.0987952
7 0.772837 0.444578 0.0793269 0.103614
7 0.855769 0.473494 0.115385 0.127711
2 0.487981 0.46747 0.0576923 0.0385542
9 0.34976 0.542169 0.137019 0.187952
9 0.510817 0.589157 0.117788 0.166265
9 0.668269 0.628916 0.134615 0.187952
9 0.86899 0.721687 0.228365 0.325301
11 0.347356 0.645783 0.141827 0.375904
11 0.510817 0.687952 0.0985577 0.33012
11 0.659856 0.713253 0.117788 0.342169
