3 0.513221 0.41226 0.0504808 0.0264423
3 0.752404 0.370192 0.0432692 0.0288462
3 0.802885 0.395433 0.0432692 0.03125
5 0.477163 0.514423 0.0600962 0.0432692
5 0.813702 0.548077 0.0697115 0.0528846
6 0.513221 0.40024 0.0841346 0.117788
6 0.627404 0.372596 0.0769231 0.105769
6 0.709135 0.390625 0.0576923 0.0841346
6 0.758413 0.356971 0.0600962 0.112981
6 0.814904 0.38101 0.110577 0.122596
9 0.626202 0.486779 0.122596 0.127404
9 0.747596 0.485577 0.0817308 0.110577
9 0.872596 0.53125 0.0961538 0.149038
