11 0.479518 0.210337 0.115663 0.189904
11 0.353012 0.75 0.103614 0.240385
4 0.515663 0.192308 0.0337349 0.0384615
11 0.619277 0.461538 0.13494 0.197115
4 0.5 0.485577 0.0457831 0.0432692
9 0.59759 0.414663 0.086747 0.103365
9 0.480723 0.173077 0.113253 0.110577
6 0.507229 0.0985577 0.060241 0.0769231
9 0.345783 0.680288 0.0795181 0.115385
6 0.377108 0.61899 0.0650602 0.0697115
6 0.537349 0.376202 0.0626506 0.0697115
4 0.484337 0.204327 0.0385542 0.0336538
4 0.415663 0.680288 0.0457831 0.0528846
4 0.385542 0.918269 0.0578313 0.0432692
