2 0.44351 0.307229 0.0600962 0.0216867
6 0.816106 0.442169 0.03125 0.0361446
2 0.245192 0.256627 0.0817308 0.0313253
9 0.22476 0.40241 0.194712 0.226506
9 0.41226 0.43253 0.122596 0.180723
6 0.765625 0.414458 0.03125 0.0481928
6 0.728365 0.391566 0.0528846 0.0506024
6 0.610577 0.36506 0.0528846 0.0746988
6 0.549279 0.345783 0.0745192 0.0795181
10 0.411058 0.520482 0.125 0.356627
10 0.223558 0.549398 0.1875 0.510843
6 0.438702 0.291566 0.0889423 0.106024
6 0.247596 0.240964 0.105769 0.125301
10 0.52524 0.522892 0.127404 0.342169
10 0.71875 0.526506 0.0769231 0.219277
9 0.526442 0.457831 0.115385 0.159036
0 0.604567 0.685542 0.0456731 0.0361446
