7 0.293269 0.416867 0.0384615 0.053012
7 0.341346 0.425301 0.0336538 0.0457831
7 0.366587 0.410843 0.0264423 0.0361446
7 0.432692 0.407229 0.0336538 0.0433735
7 0.459135 0.404819 0.0288462 0.0481928
7 0.557692 0.401205 0.0384615 0.0554217
7 0.612981 0.416867 0.0432692 0.053012
7 0.665865 0.416867 0.0336538 0.0481928
7 0.721154 0.412048 0.0432692 0.0626506
7 0.758413 0.410843 0.0360577 0.0457831
5 0.632212 0.555422 0.0240385 0.026506
5 0.588942 0.551807 0.0240385 0.0337349
9 0.552885 0.462651 0.0432692 0.0722892
9 0.614183 0.493976 0.0504808 0.0963855
9 0.719952 0.498795 0.0600962 0.110843
9 0.46274 0.485542 0.0600962 0.0939759
9 0.292067 0.480723 0.0552885 0.0795181
9 0.347356 0.484337 0.0456731 0.0722892
0 0.727163 0.708434 0.0360577 0.0385542
0 0.688702 0.690361 0.0552885 0.0313253
0 0.63101 0.675904 0.0504808 0.0313253
0 0.600962 0.668675 0.0480769 0.026506
0 0.539663 0.646988 0.0408654 0.0313253
0 0.444712 0.638554 0.0480769 0.0240964
0 0.323317 0.644578 0.0360577 0.0361446
0 0.274038 0.649398 0.0336538 0.026506
0 0.688702 0.975904 0.0552885 0.0385542
0 0.733173 0.963855 0.0432692 0.053012
11 0.459135 0.53012 0.0625 0.19759
11 0.295673 0.538554 0.0721154 0.185542
11 0.560096 0.527711 0.0528846 0.192771
11 0.719952 0.559036 0.0552885 0.207229
