0 0.351807 0.706731 0.110843 0.0480769
0 0.209639 0.742788 0.0626506 0.0913462
0 0.0626506 0.730769 0.0481928 0.0913462
0 0.843373 0.658654 0.0578313 0.0480769
3 0.757831 0.283654 0.026506 0.0336538
4 0.225301 0.424279 0.060241 0.0649038
4 0.0493976 0.420673 0.0554217 0.0625
4 0.309639 0.567308 0.0650602 0.105769
4 0.76506 0.40024 0.0650602 0.0504808
6 0.353012 0.284856 0.113253 0.132212
6 0.762651 0.262019 0.0843373 0.0865385
6 0.957831 0.259615 0.0843373 0.100962
8 0.246988 0.389423 0.228916 0.173077
9 0.83494 0.354567 0.0698795 0.175481
