3 0.813702 0.407229 0.0504808 0.0289157
1 0.239183 0.783133 0.0360577 0.0337349
9 0.939904 0.518072 0.0817308 0.125301
6 0.497596 0.43012 0.0288462 0.0457831
11 0.456731 0.575904 0.0817308 0.245783
5 0.47476 0.587952 0.0264423 0.0385542
9 0.978365 0.518072 0.0432692 0.106024
3 0.408654 0.398795 0.0384615 0.026506
5 0.643029 0.56506 0.0264423 0.026506
5 0.9375 0.560241 0.0288462 0.0361446
2 0.914663 0.438554 0.0408654 0.0192771
3 0.612981 0.409639 0.0384615 0.0240964
5 0.899038 0.60241 0.0336538 0.053012
9 0.460337 0.510843 0.0745192 0.115663
0 0.344952 0.791566 0.0552885 0.0409639
0 0.615385 0.778313 0.0480769 0.0385542
0 0.450721 0.73494 0.0360577 0.0337349
5 0.34375 0.557831 0.0384615 0.0409639
5 0.727163 0.587952 0.0408654 0.0385542
9 0.713942 0.509639 0.0913462 0.127711
6 0.623798 0.407229 0.0600962 0.0819277
6 0.448317 0.424096 0.0504808 0.0674699
6 0.706731 0.409639 0.0576923 0.0626506
11 0.604567 0.595181 0.117788 0.298795
6 0.825721 0.409639 0.0841346 0.086747
5 0.8125 0.644578 0.0576923 0.060241
6 0.235577 0.420482 0.0625 0.0795181
5 0.237981 0.581928 0.0432692 0.0457831
6 0.399038 0.39759 0.0576923 0.0674699
0 0.408654 0.773494 0.0625 0.0385542
6 0.911058 0.431325 0.0528846 0.0626506
9 0.378606 0.50241 0.117788 0.13253
11 0.376202 0.586747 0.112981 0.306024
9 0.826923 0.531325 0.125 0.166265
9 0.604567 0.509639 0.117788 0.127711
11 0.227163 0.607229 0.103365 0.303614
9 0.229567 0.515663 0.108173 0.125301
1 0.182692 0.8 0.0336538 0.0578313
0 0.546875 0.778313 0.0360577 0.0481928
0 0.471154 0.7 0.0240385 0.026506
0 0.372596 0.73494 0.0240385 0.0240964
0 0.963942 0.662651 0.0288462 0.0289157
5 0.512019 0.408434 0.0336538 0.0409639
6 0.979567 0.457831 0.0360577 0.053012
3 0.703125 0.412048 0.03125 0.0240964
3 0.233173 0.424096 0.0432692 0.0240964
