6 0.605769 0.414663 0.0384615 0.0456731
6 0.555288 0.608173 0.0240385 0.0432692
6 0.453125 0.588942 0.03125 0.0432692
6 0.354567 0.615385 0.0264423 0.0432692
6 0.311298 0.597356 0.0408654 0.0552885
6 0.204327 0.567308 0.0432692 0.0625
6 0.112981 0.534856 0.0480769 0.0649038
0 0.747596 0.427885 0.0288462 0.0240385
0 0.716346 0.432692 0.0288462 0.0336538
0 0.346154 0.808894 0.0336538 0.03125
4 0.296875 0.705529 0.0264423 0.0264423
5 0.0757212 0.686298 0.03125 0.03125
5 0.18149 0.644231 0.0264423 0.0288462
5 0.247596 0.6875 0.0240385 0.0288462
4 0.384615 0.683894 0.0240385 0.0264423
4 0.365385 0.699519 0.0240385 0.0288462
9 0.111779 0.625 0.0745192 0.139423
9 0.203125 0.643029 0.0697115 0.108173
9 0.308894 0.659856 0.0600962 0.0985577
9 0.352163 0.66226 0.0360577 0.0841346
9 0.455529 0.640625 0.0408654 0.0841346
9 0.555288 0.652644 0.0528846 0.0649038
9 0.65625 0.395433 0.0673077 0.0504808
11 0.103365 0.673077 0.0865385 0.235577
11 0.199519 0.699519 0.0625 0.221154
11 0.3125 0.700721 0.0625 0.180288
11 0.352163 0.670673 0.0264423 0.0913462
11 0.379808 0.69351 0.0288462 0.112981
11 0.460337 0.674279 0.0552885 0.127404
11 0.55649 0.675481 0.0552885 0.105769
4 0.581731 0.688702 0.0240385 0.0264423
4 0.536058 0.6875 0.0240385 0.0240385
