0 0.0120192 0.984375 0.0240385 0.03125
3 0.387019 0.360577 0.120192 0.0432692
5 0.504808 0.956731 0.0673077 0.0865385
4 0.225962 0.420673 0.0721154 0.105769
2 0.387019 0.360577 0.115385 0.0384615
10 0.138221 0.707933 0.266827 0.584135
2 0.766827 0.373798 0.144231 0.0504808
5 0.225962 0.419471 0.0721154 0.103365
3 0.161058 0.34976 0.129808 0.0504808
11 0.138221 0.706731 0.266827 0.581731
9 0.403846 0.622596 0.288462 0.370192
6 0.387019 0.344952 0.125 0.170673
11 0.793269 0.721154 0.302885 0.557692
9 0.792067 0.645433 0.295673 0.401442
6 0.766827 0.355769 0.149038 0.197115
6 0.161058 0.334135 0.134615 0.1875
11 0.403846 0.716346 0.293269 0.567308
9 0.133413 0.598558 0.257212 0.360577
