2 0.645433 0.463855 0.0504808 0.0313253
3 0.746394 0.43494 0.0360577 0.026506
3 0.901442 0.398795 0.0480769 0.0361446
5 0.78125 0.654217 0.0384615 0.0554217
5 0.981971 0.669879 0.0360577 0.0722892
5 0.567308 0.519277 0.0528846 0.060241
5 0.496394 0.679518 0.0456731 0.0578313
5 0.364183 0.69759 0.0360577 0.0506024
5 0.719952 0.668675 0.0360577 0.0409639
6 0.429087 0.46747 0.0745192 0.101205
6 0.497596 0.466265 0.0721154 0.0891566
6 0.655048 0.463855 0.0745192 0.0987952
6 0.769231 0.433735 0.0913462 0.106024
6 0.921875 0.393976 0.108173 0.122892
9 0.942308 0.562651 0.115385 0.209639
9 0.786058 0.574699 0.129808 0.2
9 0.652644 0.591566 0.122596 0.180723
9 0.527644 0.560241 0.117788 0.118072
9 0.415865 0.610843 0.158654 0.190361
11 0.939904 0.669879 0.120192 0.438554
11 0.792067 0.661446 0.137019 0.363855
11 0.655048 0.7 0.132212 0.387952
11 0.409856 0.7 0.146635 0.373494
