6 0.485577 0.374699 0.0528846 0.0698795
7 0.235577 0.371084 0.0384615 0.053012
7 0.330529 0.348193 0.0456731 0.0698795
7 0.549279 0.377108 0.0360577 0.0506024
7 0.677885 0.353012 0.0432692 0.0650602
7 0.807692 0.340964 0.0384615 0.0554217
7 0.864183 0.342169 0.0504808 0.0578313
7 0.90625 0.353012 0.0336538 0.0506024
5 0.28726 0.483133 0.03125 0.0409639
5 0.379808 0.493976 0.0240385 0.053012
5 0.408654 0.487952 0.0240385 0.0457831
5 0.586538 0.450602 0.0240385 0.0337349
5 0.629808 0.50241 0.0240385 0.0457831
5 0.735577 0.504819 0.0240385 0.0506024
5 0.816106 0.484337 0.0264423 0.0433735
5 0.919471 0.490361 0.0264423 0.0506024
9 0.323317 0.43494 0.0985577 0.0843373
9 0.478365 0.463855 0.0817308 0.0939759
9 0.677885 0.424096 0.0913462 0.0963855
9 0.848558 0.426506 0.0817308 0.106024
9 0.239183 0.43012 0.0697115 0.0698795
0 0.346154 0.666265 0.0384615 0.0361446
0 0.91226 0.663855 0.0456731 0.0457831
0 0.799279 0.606024 0.0360577 0.0313253
0 0.680288 0.66506 0.0384615 0.0385542
11 0.485577 0.524096 0.0721154 0.228916
11 0.325721 0.506024 0.0889423 0.255422
11 0.675481 0.507229 0.0865385 0.248193
11 0.859375 0.5 0.103365 0.253012
