3 0.734375 0.344952 0.0841346 0.0360577
3 0.426683 0.295673 0.0889423 0.0384615
11 0.725962 0.65625 0.158654 0.495192
5 0.330529 0.567308 0.0600962 0.0576923
9 0.423077 0.453125 0.144231 0.194712
11 0.417067 0.664663 0.161058 0.632212
9 0.727163 0.526442 0.151442 0.245192
9 0.230769 0.540865 0.173077 0.336538
6 0.426683 0.293269 0.09375 0.134615
6 0.246394 0.300481 0.117788 0.149038
6 0.734375 0.335337 0.09375 0.122596
11 0.228365 0.68149 0.173077 0.622596
5 0.629808 0.50601 0.110577 0.0793269
5 0.269231 0.335337 0.0769231 0.0697115
