0 0.24399 0.801205 0.0600962 0.0409639
0 0.313702 0.795181 0.03125 0.0481928
5 0.258413 0.633735 0.03125 0.0481928
5 0.356971 0.624096 0.0264423 0.0481928
5 0.423077 0.703614 0.0384615 0.0433735
5 0.103365 0.79759 0.0528846 0.0674699
5 0.576923 0.686747 0.0432692 0.0433735
5 0.638221 0.610843 0.0456731 0.0506024
5 0.685096 0.748193 0.0432692 0.060241
5 0.817308 0.749398 0.0528846 0.0626506
5 0.893029 0.43253 0.0793269 0.0795181
5 0.890625 0.748193 0.03125 0.0650602
2 0.169471 0.439759 0.0504808 0.026506
2 0.871394 0.408434 0.0649038 0.0409639
2 0.653846 0.443374 0.0480769 0.0240964
3 0.490385 0.403614 0.0673077 0.0361446
3 0.706731 0.408434 0.0673077 0.0409639
6 0.140625 0.439759 0.112981 0.137349
6 0.294471 0.448193 0.0552885 0.0626506
6 0.359375 0.461446 0.0456731 0.0506024
6 0.425481 0.440964 0.0576923 0.0771084
6 0.480769 0.398795 0.0769231 0.108434
6 0.645433 0.437349 0.0649038 0.0843373
6 0.723558 0.406024 0.100962 0.127711
9 0.116587 0.628916 0.151442 0.245783
9 0.300481 0.549398 0.105769 0.13012
9 0.495192 0.56747 0.177885 0.2
9 0.740385 0.585542 0.139423 0.212048
9 0.930288 0.59759 0.139423 0.221687
11 0.292067 0.627711 0.0889423 0.262651
11 0.492788 0.659036 0.177885 0.363855
11 0.735577 0.678313 0.144231 0.387952
