3 0.598558 0.448317 0.0432692 0.0216346
5 0.379808 0.66226 0.0384615 0.0408654
0 0.489183 0.713942 0.0504808 0.0192308
2 0.723558 0.460337 0.0721154 0.0264423
11 0.752404 0.689904 0.158654 0.365385
5 0.201923 0.616587 0.0288462 0.03125
9 0.606971 0.566106 0.122596 0.141827
5 0.545673 0.674279 0.0336538 0.0456731
6 0.484375 0.457933 0.0456731 0.0600962
5 0.0961538 0.626202 0.0288462 0.03125
5 0.63101 0.686298 0.0360577 0.0552885
11 0.501202 0.585337 0.0697115 0.213942
9 0.501202 0.53125 0.0649038 0.100962
6 0.727163 0.453125 0.0841346 0.108173
11 0.617788 0.679087 0.153846 0.377404
6 0.323317 0.415865 0.09375 0.110577
9 0.319712 0.561298 0.149038 0.199519
9 0.748798 0.604567 0.165865 0.189904
6 0.609375 0.450721 0.0745192 0.0841346
6 0.134615 0.44351 0.0576923 0.0793269
11 0.153846 0.625 0.115385 0.298077
9 0.149038 0.538462 0.105769 0.125
11 0.317308 0.639423 0.158654 0.365385
3 0.307692 0.417067 0.0432692 0.0264423
5 0.50601 0.566106 0.03125 0.0216346
