10 0.465144 0.601205 0.122596 0.195181
8 0.569712 0.407229 0.0384615 0.0481928
4 0.373798 0.646988 0.0456731 0.0457831
10 0.0733173 0.572289 0.108173 0.146988
8 0.314904 0.583133 0.0721154 0.0963855
6 0.0745192 0.481928 0.0673077 0.0626506
6 0.538462 0.387952 0.0432692 0.0481928
6 0.435096 0.377108 0.0432692 0.0409639
9 0.0829327 0.549398 0.09375 0.101205
6 0.0853365 0.43012 0.0456731 0.0457831
10 0.320913 0.613253 0.0985577 0.171084
6 0.135817 0.398795 0.0456731 0.0457831
8 0.274038 0.43012 0.0769231 0.0843373
6 0.492788 0.522892 0.0480769 0.0626506
6 0.366587 0.36988 0.0456731 0.0506024
10 0.272837 0.46506 0.0793269 0.159036
6 0.276442 0.361446 0.0432692 0.0481928
