1 0.194712 0.798077 0.0480769 0.0528846
1 0.252404 0.799279 0.0528846 0.0504808
1 0.316106 0.794471 0.0456731 0.0456731
1 0.356971 0.78726 0.0504808 0.0456731
1 0.418269 0.783654 0.0384615 0.0528846
1 0.456731 0.78125 0.0432692 0.0480769
1 0.508413 0.774038 0.0360577 0.0528846
1 0.544471 0.780048 0.0408654 0.0504808
1 0.608173 0.77524 0.0384615 0.0552885
1 0.65625 0.777644 0.0384615 0.03125
1 0.695913 0.774038 0.03125 0.0432692
1 0.737981 0.776442 0.0432692 0.0432692
3 0.228365 0.471154 0.0336538 0.0240385
3 0.34976 0.460337 0.0360577 0.0264423
3 0.448317 0.480769 0.0456731 0.0288462
3 0.534856 0.478365 0.0408654 0.0288462
3 0.638221 0.483173 0.0408654 0.0240385
3 0.716346 0.498798 0.0384615 0.0360577
5 0.183894 0.65024 0.0360577 0.0360577
7 0.222356 0.466346 0.0552885 0.0625
7 0.34375 0.465144 0.0528846 0.0745192
7 0.445913 0.484375 0.0504808 0.0600962
7 0.534856 0.481971 0.0456731 0.0697115
7 0.635817 0.478365 0.0456731 0.0625
7 0.721154 0.49399 0.0528846 0.0649038
9 0.21274 0.564904 0.137019 0.144231
9 0.33774 0.543269 0.0985577 0.120192
9 0.441106 0.574519 0.0889423 0.149038
9 0.533654 0.591346 0.0961538 0.173077
9 0.627404 0.569712 0.0817308 0.144231
9 0.721154 0.586538 0.0865385 0.139423
11 0.219952 0.637019 0.117788 0.298077
11 0.336538 0.626202 0.0865385 0.28125
11 0.438702 0.633413 0.0889423 0.262019
11 0.536058 0.621394 0.100962 0.228365
11 0.625 0.629808 0.0961538 0.264423
11 0.722356 0.639423 0.0841346 0.230769
