2 0.736779 0.265625 0.112981 0.0552885
3 0.484375 0.262019 0.108173 0.0528846
3 0.330529 0.313702 0.0841346 0.0504808
3 0.163462 0.324519 0.0721154 0.0384615
3 0.0733173 0.300481 0.0600962 0.0288462
3 0.911058 0.311298 0.0673077 0.0408654
5 0.408654 0.592548 0.0673077 0.0745192
5 0.223558 0.848558 0.0817308 0.0336538
5 0.740385 0.487981 0.0913462 0.0961538
5 0.794471 0.585337 0.127404 0.09375
6 0.640625 0.313702 0.0649038 0.0745192
7 0.0709135 0.300481 0.0697115 0.0961538
7 0.15024 0.325721 0.0889423 0.117788
7 0.294471 0.331731 0.15625 0.192308
7 0.478365 0.268029 0.120192 0.165865
7 0.760817 0.262019 0.15625 0.182692
7 0.913462 0.316106 0.100962 0.117788
9 0.280048 0.575721 0.262019 0.305288
9 0.481971 0.498798 0.21875 0.310096
9 0.783654 0.570913 0.230769 0.387019
9 0.633413 0.413462 0.0697115 0.125
