0 0.147837 0.733173 0.0504808 0.0673077
0 0.286058 0.75601 0.0961538 0.0456731
0 0.6875 0.768029 0.0673077 0.0793269
0 0.626202 0.790865 0.108173 0.0817308
2 0.539663 0.463942 0.0600962 0.0576923
2 0.28726 0.447115 0.0697115 0.0384615
4 0.217548 0.670673 0.0456731 0.0480769
4 0.254808 0.635817 0.0480769 0.0552885
4 0.478365 0.710337 0.0625 0.0408654
6 0.277644 0.423077 0.0889423 0.110577
6 0.561298 0.441106 0.122596 0.127404
9 0.647837 0.580529 0.170673 0.199519
9 0.228365 0.551683 0.182692 0.199519
10 0.242788 0.606971 0.216346 0.310096
10 0.615385 0.635817 0.230769 0.310096
