0 0.4375 0.807229 0.0384615 0.0481928
0 0.354567 0.807229 0.0360577 0.0337349
5 0.433894 0.625301 0.0264423 0.0506024
5 0.334135 0.627711 0.0336538 0.0409639
4 0.521635 0.679518 0.0384615 0.0481928
6 0.536058 0.384337 0.0865385 0.103614
6 0.384615 0.412048 0.0625 0.0819277
6 0.216346 0.437349 0.0913462 0.108434
10 0.225962 0.722892 0.0913462 0.448193
10 0.388221 0.601205 0.108173 0.301205
10 0.550481 0.646988 0.100962 0.40241
9 0.389423 0.518072 0.0961538 0.115663
9 0.549279 0.533735 0.0889423 0.166265
9 0.22476 0.59759 0.0841346 0.187952
2 0.391827 0.406024 0.0480769 0.026506
2 0.518029 0.391566 0.0408654 0.026506
3 0.240385 0.442169 0.0432692 0.0313253
