6 0.865385 0.308434 0.0817308 0.086747
6 0.867788 0.0433735 0.0721154 0.0722892
6 0.610577 0.0542169 0.0817308 0.0795181
6 0.603365 0.287952 0.0769231 0.0939759
6 0.460337 0.36747 0.0889423 0.0987952
6 0.347356 0.30241 0.0745192 0.118072
6 0.254808 0.26747 0.0625 0.0722892
6 0.175481 0.26506 0.0721154 0.0722892
6 0.248798 0.0795181 0.0697115 0.086747
6 0.177885 0.0795181 0.0769231 0.0771084
6 0.347356 0.0506024 0.09375 0.0915663
6 0.36899 0.43494 0.0456731 0.0891566
4 0.34375 0.606024 0.0384615 0.0698795
4 0.801683 0.403614 0.0408654 0.0506024
0 0.69351 0.73494 0.0360577 0.0722892
0 0.93149 0.714458 0.0360577 0.0650602
0 0.88101 0.957831 0.03125 0.0843373
0 0.929087 0.959036 0.03125 0.0819277
0 0.210337 0.753012 0.0600962 0.0795181
0 0.209135 0.915663 0.0528846 0.0674699
0 0.698317 0.928916 0.0504808 0.118072
9 0.588942 0.437349 0.158654 0.175904
9 0.905048 0.412048 0.137019 0.144578
9 0.278846 0.454217 0.120192 0.185542
9 0.194712 0.337349 0.0817308 0.106024
9 0.103365 0.353012 0.0913462 0.122892
10 0.608173 0.519277 0.216346 0.363855
10 0.274038 0.550602 0.125 0.40241
10 0.902644 0.506024 0.137019 0.351807
