0 0.682692 0.782452 0.0721154 0.0456731
9 0.604567 0.944712 0.0985577 0.105769
6 0.674279 0.407452 0.0504808 0.0552885
6 0.538462 0.584135 0.0673077 0.0673077
9 0.715144 0.572115 0.127404 0.163462
9 0.59976 0.661058 0.132212 0.115385
0 0.634615 0.856971 0.0576923 0.0456731
10 0.609375 0.730769 0.165865 0.254808
10 0.716346 0.581731 0.153846 0.1875
6 0.634615 0.485577 0.0576923 0.0817308
4 0.0432692 0.598558 0.0865385 0.153846
0 0.579327 0.55649 0.0240385 0.0264423
0 0.545673 0.549279 0.0288462 0.0216346
