0 0.73012 0.96988 0.0819277 0.0457831
0 0.948193 0.96988 0.0746988 0.0457831
0 0.63253 0.933735 0.0698795 0.0506024
0 0.463855 0.863855 0.0313253 0.0409639
0 0.422892 0.879518 0.0409639 0.0433735
0 0.287952 0.898795 0.0313253 0.0433735
0 0.213253 0.96988 0.0361446 0.0506024
0 0.116867 0.968675 0.0409639 0.0578313
0 0.0445783 0.896386 0.0361446 0.053012
6 0.0578313 0.536145 0.0626506 0.0939759
6 0.26988 0.539759 0.0626506 0.0915663
6 0.645783 0.528916 0.0626506 0.0891566
6 0.463855 0.544578 0.0506024 0.0819277
9 0.0650602 0.638554 0.101205 0.144578
9 0.262651 0.639759 0.106024 0.146988
9 0.445783 0.628916 0.0771084 0.115663
9 0.672289 0.673494 0.086747 0.209639
5 0.346988 0.642169 0.0240964 0.0361446
5 0.727711 0.731325 0.0289157 0.0554217
11 0.0686747 0.738554 0.13253 0.349398
11 0.262651 0.733735 0.144578 0.344578
11 0.438554 0.70241 0.139759 0.262651
11 0.686747 0.745783 0.139759 0.354217
3 0.060241 0.543373 0.0385542 0.026506
3 0.268675 0.546988 0.0409639 0.0289157
