0 0.657452 0.612981 0.0360577 0.0480769
5 0.5 0.71274 0.0384615 0.0504808
5 0.498798 0.913462 0.0408654 0.0625
5 0.789663 0.610577 0.03125 0.0528846
5 0.699519 0.585337 0.0432692 0.0360577
6 0.403846 0.721154 0.0865385 0.105769
6 0.247596 0.701923 0.0913462 0.0913462
6 0.241587 0.915865 0.0889423 0.120192
6 0.401442 0.914663 0.0913462 0.122596
6 0.870192 0.573317 0.100962 0.0841346
6 0.763221 0.551683 0.0841346 0.0841346
7 0.731971 0.633413 0.0697115 0.0745192
7 0.860577 0.651442 0.0625 0.0673077
7 0.855769 0.963942 0.0576923 0.0721154
9 0.727163 0.701923 0.0889423 0.110577
9 0.722356 0.911058 0.117788 0.0865385
