0 0.777644 0.627404 0.0504808 0.0480769
0 0.705529 0.663462 0.0552885 0.0673077
0 0.415865 0.617788 0.0432692 0.0288462
0 0.344952 0.616587 0.0360577 0.0264423
0 0.308894 0.608173 0.0408654 0.0240385
4 0.905048 0.449519 0.0504808 0.0576923
4 0.731971 0.430288 0.0456731 0.0384615
4 0.727163 0.614183 0.03125 0.0408654
4 0.600962 0.546875 0.0480769 0.0408654
4 0.396635 0.563702 0.0480769 0.0504808
4 0.3125 0.379808 0.0384615 0.0384615
6 0.379808 0.485577 0.0769231 0.0625
6 0.552885 0.450721 0.0721154 0.0697115
6 0.513221 0.411058 0.0649038 0.0576923
6 0.669471 0.41226 0.0600962 0.0600962
6 0.71274 0.473558 0.0889423 0.0769231
6 0.272837 0.455529 0.0600962 0.0600962
6 0.210337 0.448317 0.0504808 0.0504808
6 0.254808 0.376202 0.0480769 0.0552885
6 0.104567 0.444712 0.0504808 0.0432692
6 0.132212 0.40024 0.0480769 0.0456731
6 0.0324519 0.445913 0.0360577 0.0504808
7 0.828125 0.441106 0.0745192 0.0697115
9 0.340144 0.534856 0.0456731 0.0745192
9 0.266827 0.53125 0.0673077 0.0961538
9 0.49399 0.538462 0.0649038 0.129808
9 0.784856 0.519231 0.0600962 0.120192
9 0.65024 0.533654 0.0552885 0.120192
9 0.129808 0.507212 0.0721154 0.0769231
9 0.0576923 0.492788 0.0625 0.0480769
9 0.200721 0.519231 0.0408654 0.0721154
