4 0.728365 0.28125 0.0288462 0.0240385
4 0.729567 0.295673 0.03125 0.0240385
4 0.705529 0.364183 0.0264423 0.0264423
4 0.625 0.439904 0.0288462 0.0240385
4 0.740385 0.427885 0.0240385 0.0336538
4 0.550481 0.532452 0.0384615 0.0264423
4 0.316106 0.640625 0.03125 0.03125
4 0.407452 0.622596 0.03125 0.0240385
1 0.365385 0.734375 0.0384615 0.03125
1 0.403846 0.727163 0.0384615 0.0408654
1 0.633413 0.540865 0.03125 0.0336538
1 0.683894 0.487981 0.0264423 0.0336538
1 0.711538 0.456731 0.0240385 0.0432692
4 0.596154 0.580529 0.0384615 0.03125
0 0.519231 0.65625 0.0336538 0.0336538
0 0.56851 0.615385 0.03125 0.0384615
6 0.379808 0.576923 0.0625 0.0625
6 0.56851 0.481971 0.0552885 0.0552885
6 0.667067 0.405048 0.0456731 0.0649038
6 0.721154 0.342548 0.0480769 0.0649038
6 0.757212 0.259615 0.0480769 0.0576923
9 0.387019 0.632212 0.0817308 0.0817308
9 0.563702 0.532452 0.0889423 0.0793269
9 0.637019 0.455529 0.0865385 0.0697115
9 0.710337 0.389423 0.0841346 0.0769231
9 0.748798 0.304087 0.0745192 0.0600962
10 0.388221 0.646635 0.0841346 0.134615
10 0.5625 0.542067 0.100962 0.127404
10 0.652644 0.473558 0.0649038 0.100962
10 0.722356 0.359375 0.0600962 0.09375
10 0.75 0.293269 0.0576923 0.0769231
