6 0.0372596 0.614183 0.0745192 0.103365
6 0.341346 0.622596 0.0865385 0.100962
6 0.612981 0.602163 0.0673077 0.0793269
6 0.748798 0.628606 0.0360577 0.0504808
6 0.884615 0.622596 0.0336538 0.0480769
6 0.992788 0.596154 0.0240385 0.0576923
4 0.5 0.707933 0.0432692 0.0456731
5 0.382212 0.713942 0.0432692 0.0528846
9 0.623798 0.71875 0.0985577 0.173077
9 0.748798 0.68149 0.0600962 0.09375
9 0.878606 0.6875 0.0456731 0.0817308
10 0.621394 0.822115 0.103365 0.326923
10 0.757212 0.727163 0.0865385 0.151442
10 0.300481 0.832933 0.105769 0.319712
10 0.867788 0.717548 0.0673077 0.165865
