0 0.149038 0.75601 0.0528846 0.0504808
0 0.240385 0.69351 0.0625 0.0408654
0 0.0877404 0.75 0.0504808 0.0528846
0 0.649038 0.801683 0.0721154 0.0552885
0 0.723558 0.810096 0.0576923 0.0528846
3 0.0817308 0.372596 0.0336538 0.0240385
3 0.197115 0.393029 0.0432692 0.0264423
3 0.395433 0.336538 0.0649038 0.0288462
3 0.532452 0.326923 0.0600962 0.0336538
2 0.689904 0.336538 0.0528846 0.0288462
2 0.846154 0.332933 0.0673077 0.0360577
5 0.0384615 0.588942 0.0336538 0.0528846
5 0.161058 0.569712 0.0288462 0.0384615
5 0.233173 0.555288 0.0384615 0.0336538
5 0.644231 0.552885 0.0528846 0.0576923
5 0.770433 0.61899 0.0360577 0.0408654
5 0.919471 0.634615 0.0552885 0.0480769
5 0.751202 0.596154 0.0264423 0.0480769
7 0.0805288 0.382212 0.0745192 0.0721154
7 0.199519 0.394231 0.0528846 0.0528846
7 0.391827 0.340144 0.0769231 0.108173
7 0.526442 0.329327 0.0817308 0.0913462
7 0.699519 0.338942 0.0721154 0.0865385
7 0.840144 0.330529 0.09375 0.0985577
9 0.0841346 0.483173 0.115385 0.129808
9 0.203125 0.473558 0.0697115 0.105769
9 0.387019 0.459135 0.153846 0.163462
9 0.540865 0.487981 0.149038 0.201923
9 0.688702 0.465144 0.0985577 0.161058
9 0.854567 0.483173 0.165865 0.197115
11 0.0961538 0.5625 0.134615 0.302885
11 0.210337 0.542067 0.0889423 0.242788
11 0.395433 0.585337 0.165865 0.411058
11 0.550481 0.585337 0.153846 0.425481
11 0.704327 0.572115 0.115385 0.360577
11 0.861779 0.611779 0.170673 0.454327
