0 0.174279 0.801205 0.0649038 0.0361446
0 0.200721 0.771084 0.0504808 0.0289157
0 0.320913 0.772289 0.0456731 0.0409639
0 0.364183 0.755422 0.0552885 0.026506
0 0.485577 0.744578 0.0432692 0.0289157
0 0.521635 0.771084 0.0384615 0.0289157
0 0.574519 0.76747 0.0384615 0.0361446
0 0.604567 0.790361 0.0697115 0.0289157
0 0.782452 0.813253 0.0793269 0.0457831
0 0.759615 0.775904 0.0625 0.0385542
5 0.185096 0.654217 0.0384615 0.0506024
5 0.379808 0.559036 0.0336538 0.0433735
5 0.515625 0.614458 0.0360577 0.0433735
5 0.608173 0.63253 0.0384615 0.0506024
5 0.774038 0.60241 0.0432692 0.0385542
6 0.179087 0.460241 0.0697115 0.0915663
6 0.336538 0.460241 0.0673077 0.0819277
6 0.487981 0.459036 0.0673077 0.0795181
6 0.594952 0.438554 0.0793269 0.0819277
6 0.760817 0.440964 0.0889423 0.086747
9 0.169471 0.544578 0.09375 0.115663
9 0.332933 0.549398 0.0793269 0.120482
9 0.50601 0.539759 0.0745192 0.0915663
9 0.604567 0.53494 0.0841346 0.125301
9 0.788462 0.53494 0.0913462 0.110843
11 0.161058 0.625301 0.100962 0.26747
11 0.331731 0.603614 0.0769231 0.219277
11 0.507212 0.607229 0.0865385 0.236145
11 0.59976 0.607229 0.09375 0.26506
11 0.78125 0.615663 0.105769 0.277108
