6 0.466346 0.245783 0.0384615 0.0433735
6 0.582933 0.212048 0.03125 0.0481928
6 0.646635 0.225301 0.0288462 0.0361446
6 0.753606 0.833735 0.0360577 0.0433735
6 0.77524 0.803614 0.0264423 0.0313253
6 0.817308 0.843373 0.0336538 0.0385542
6 0.805288 0.806024 0.0288462 0.0409639
6 0.882212 0.842169 0.0336538 0.0457831
6 0.94351 0.83253 0.0360577 0.0409639
6 0.924279 0.801205 0.03125 0.0313253
6 0.895433 0.804819 0.03125 0.0385542
8 0.558894 0.266265 0.0504808 0.0795181
8 0.620192 0.26988 0.0625 0.0771084
8 0.74399 0.893976 0.0552885 0.0915663
8 0.80649 0.909639 0.0600962 0.0891566
11 0.561298 0.291566 0.0408654 0.125301
11 0.617788 0.29759 0.0288462 0.103614
