0 0.592548 0.625301 0.0360577 0.026506
11 0.375 0.490361 0.0673077 0.2
0 0.74399 0.666265 0.03125 0.0313253
0 0.164663 0.660241 0.0360577 0.0337349
0 0.379808 0.607229 0.0576923 0.0289157
0 0.829327 0.687952 0.0576923 0.0361446
0 0.629808 0.628916 0.0336538 0.0289157
9 0.292067 0.459036 0.0841346 0.151807
11 0.609375 0.50241 0.0985577 0.233735
0 0.322115 0.715663 0.0528846 0.0337349
0 0.205529 0.653012 0.0456731 0.0385542
9 0.491587 0.463855 0.0985577 0.156627
11 0.288462 0.536145 0.0865385 0.306024
0 0.513221 0.677108 0.0504808 0.0337349
0 0.466346 0.695181 0.0432692 0.0361446
9 0.372596 0.456627 0.0625 0.127711
11 0.490385 0.533735 0.0961538 0.296386
0 0.698317 0.656627 0.0456731 0.0313253
0 0.871394 0.708434 0.0600962 0.0433735
9 0.609375 0.450602 0.0985577 0.125301
6 0.354567 0.371084 0.0408654 0.053012
6 0.485577 0.362651 0.0576923 0.0650602
0 0.289663 0.737349 0.0504808 0.0433735
6 0.307692 0.380723 0.0528846 0.0722892
6 0.600962 0.36747 0.0528846 0.0650602
11 0.722356 0.519277 0.108173 0.26747
6 0.719952 0.362651 0.0552885 0.0650602
9 0.866587 0.474699 0.0889423 0.13012
9 0.722356 0.455422 0.108173 0.13494
6 0.155048 0.379518 0.0600962 0.060241
9 0.159856 0.471084 0.09375 0.127711
11 0.159856 0.520482 0.09375 0.231325
11 0.866587 0.546988 0.09375 0.284337
6 0.856971 0.381928 0.0649038 0.0746988
5 0.277644 0.354217 0.0360577 0.0481928
0 0.289663 0.922892 0.0552885 0.0481928
0 0.330529 0.950602 0.0552885 0.0409639
0 0.46875 0.968675 0.0480769 0.0433735
0 0.512019 0.981928 0.0576923 0.0361446
0 0.871394 0.948193 0.0600962 0.0506024
0 0.831731 0.974699 0.0625 0.0361446
