6 0.388221 0.506024 0.0504808 0.0481928
6 0.522837 0.43494 0.0456731 0.0506024
6 0.640625 0.46506 0.0504808 0.0578313
6 0.816106 0.457831 0.0504808 0.0578313
6 0.850962 0.457831 0.0288462 0.0481928
9 0.626202 0.540964 0.0697115 0.113253
9 0.786058 0.539759 0.0769231 0.120482
9 0.415865 0.563855 0.0913462 0.101205
9 0.544471 0.513253 0.0889423 0.0915663
0 0.610577 0.739759 0.0528846 0.086747
0 0.432692 0.704819 0.0432692 0.0843373
0 0.394231 0.689157 0.0336538 0.0771084
0 0.615385 0.93012 0.0673077 0.086747
0 0.43149 0.959036 0.0264423 0.0819277
0 0.396635 0.977108 0.0288462 0.0457831
0 0.771635 0.763855 0.0384615 0.0915663
0 0.675481 0.727711 0.0384615 0.0674699
0 0.774038 0.903614 0.0480769 0.086747
0 0.675481 0.933735 0.0480769 0.0746988
11 0.604567 0.6 0.0889423 0.20241
11 0.421875 0.579518 0.103365 0.127711
11 0.758413 0.596386 0.127404 0.219277
