6 0.8125 0.424096 0.129808 0.173494
6 0.49399 0.418072 0.103365 0.127711
6 0.544471 0.46747 0.175481 0.192771
3 0.792067 0.446988 0.0552885 0.0409639
3 0.508413 0.495181 0.0649038 0.0409639
3 0.467548 0.426506 0.0360577 0.0337349
5 0.353365 0.379518 0.0576923 0.0506024
5 0.257212 0.428916 0.0576923 0.053012
5 0.408654 0.624096 0.0721154 0.053012
5 0.335337 0.627711 0.0456731 0.0554217
5 0.671875 0.555422 0.0504808 0.0506024
9 0.564904 0.653012 0.197115 0.154217
9 0.846154 0.604819 0.182692 0.183133
