7 0.112981 0.436145 0.0432692 0.0578313
7 0.239183 0.380723 0.0697115 0.101205
7 0.399038 0.395181 0.0865385 0.120482
7 0.572115 0.377108 0.0913462 0.127711
7 0.645433 0.416867 0.0552885 0.0771084
7 0.491587 0.436145 0.0408654 0.0578313
7 0.524038 0.422892 0.0288462 0.060241
7 0.75601 0.395181 0.0985577 0.13012
7 0.814904 0.424096 0.0432692 0.0578313
7 0.91226 0.385542 0.122596 0.139759
7 0.969952 0.333735 0.0600962 0.13253
2 0.401442 0.383133 0.0769231 0.0337349
3 0.879808 0.386747 0.0576923 0.0361446
3 0.730769 0.401205 0.0432692 0.0313253
3 0.231971 0.380723 0.0456731 0.0337349
5 0.234375 0.540964 0.0649038 0.060241
5 0.570913 0.608434 0.0697115 0.0746988
9 0.394231 0.554217 0.125 0.173494
9 0.555288 0.56747 0.120192 0.2
9 0.734375 0.56506 0.108173 0.180723
9 0.90625 0.556626 0.134615 0.187952
9 0.235577 0.515663 0.144231 0.110843
9 0.126202 0.515663 0.0793269 0.110843
0 0.0745192 0.742169 0.0625 0.0337349
0 0.149038 0.740964 0.0480769 0.0361446
0 0.0757212 0.925301 0.0649038 0.0385542
0 0.15024 0.922892 0.0456731 0.0385542
11 0.396635 0.668675 0.139423 0.436145
11 0.572115 0.685542 0.158654 0.474699
11 0.748798 0.669879 0.151442 0.409639
11 0.251202 0.669879 0.137019 0.462651
11 0.127404 0.591566 0.0817308 0.26747
