6 0.360577 0.327711 0.0625 0.086747
7 0.429087 0.307229 0.0745192 0.0746988
7 0.427885 0.0385542 0.0721154 0.0626506
7 0.721154 0.361446 0.0336538 0.0337349
7 0.890625 0.375904 0.0264423 0.0289157
3 0.360577 0.336145 0.0432692 0.0361446
5 0.502404 0.549398 0.0432692 0.0674699
5 0.217548 0.316867 0.0408654 0.0554217
5 0.387019 0.536145 0.0384615 0.0650602
0 0.509615 0.750602 0.0576923 0.0698795
0 0.43149 0.754217 0.0841346 0.0481928
0 0.323317 0.704819 0.0504808 0.0506024
0 0.332933 0.966265 0.0697115 0.0578313
0 0.43149 0.918072 0.0889423 0.0722892
0 0.50601 0.920482 0.0552885 0.0674699
0 0.711538 0.542169 0.0528846 0.0337349
8 0.359375 0.437349 0.0985577 0.151807
8 0.711538 0.418072 0.0432692 0.0650602
9 0.46875 0.419277 0.115385 0.149398
11 0.466346 0.527711 0.0913462 0.366265
11 0.352163 0.513253 0.103365 0.322892
11 0.707933 0.449398 0.0360577 0.146988
