0 0.236779 0.744578 0.0456731 0.0674699
0 0.0685096 0.773494 0.0889423 0.0385542
0 0.294471 0.710843 0.0745192 0.0433735
0 0.389423 0.704819 0.0336538 0.0457831
0 0.421875 0.677108 0.0408654 0.0337349
0 0.456731 0.633735 0.0432692 0.0289157
0 0.50601 0.606024 0.0264423 0.026506
0 0.539663 0.645783 0.0360577 0.0385542
0 0.585337 0.660241 0.03125 0.0433735
0 0.646635 0.578313 0.0528846 0.0240964
0 0.680288 0.636145 0.0480769 0.0289157
0 0.715144 0.643373 0.03125 0.0385542
0 0.822115 0.708434 0.0769231 0.0433735
0 0.860577 0.742169 0.0721154 0.0433735
0 0.93149 0.66506 0.0552885 0.0337349
2 0.847356 0.340964 0.0408654 0.026506
2 0.992788 0.36747 0.0240385 0.0313253
3 0.407452 0.351807 0.0408654 0.0240964
3 0.550481 0.356627 0.0432692 0.0240964
3 0.717548 0.359036 0.0360577 0.0240964
3 0.788462 0.349398 0.0240385 0.0240964
2 0.264423 0.342169 0.0528846 0.0240964
5 0.0408654 0.486747 0.0528846 0.0385542
5 0.0216346 0.506024 0.0432692 0.0433735
5 0.705529 0.489157 0.0360577 0.0289157
5 0.770433 0.46506 0.0264423 0.0240964
6 0.252404 0.324096 0.0817308 0.0939759
6 0.40024 0.337349 0.0600962 0.0819277
6 0.442308 0.338554 0.0480769 0.0746988
6 0.504808 0.359036 0.0432692 0.0626506
6 0.554087 0.348193 0.0552885 0.0698795
6 0.615385 0.344578 0.0432692 0.053012
6 0.717548 0.355422 0.0552885 0.060241
6 0.780048 0.349398 0.0408654 0.0481928
6 0.861779 0.33494 0.0889423 0.0915663
9 0.235577 0.439759 0.149038 0.151807
9 0.393029 0.438554 0.108173 0.120482
9 0.555288 0.438554 0.0961538 0.110843
9 0.707933 0.444578 0.0745192 0.127711
9 0.615385 0.413253 0.0480769 0.0891566
9 0.768029 0.420482 0.0504808 0.103614
9 0.883413 0.486747 0.0985577 0.20241
11 0.242788 0.519277 0.144231 0.296386
11 0.393029 0.5 0.09375 0.243373
11 0.552885 0.493976 0.0913462 0.20241
11 0.866587 0.539759 0.0793269 0.313253
