5 0.522837 0.745783 0.0216346 0.0361446
10 0.475962 0.774699 0.100962 0.257831
7 0.251202 0.56747 0.0600962 0.060241
4 0.415865 0.774699 0.0240385 0.0361446
6 0.252404 0.56747 0.0576923 0.060241
4 0.28125 0.750602 0.0336538 0.0457831
9 0.233173 0.662651 0.120192 0.13012
6 0.611779 0.593976 0.0552885 0.060241
9 0.471154 0.70241 0.0865385 0.108434
7 0.459135 0.619277 0.0480769 0.053012
9 0.597356 0.685542 0.0889423 0.118072
5 0.598558 0.693976 0.0384615 0.0337349
4 0.173077 0.483133 0.0528846 0.0554217
