6 0.895433 0.442308 0.0504808 0.0480769
6 0.842548 0.449519 0.0360577 0.0480769
6 0.733173 0.449519 0.0288462 0.0480769
6 0.706731 0.451923 0.0336538 0.0576923
6 0.675481 0.438702 0.0336538 0.0504808
6 0.639423 0.432692 0.0432692 0.0625
6 0.0240385 0.461538 0.0480769 0.0721154
6 0.133413 0.445913 0.0408654 0.0649038
6 0.204327 0.442308 0.0528846 0.0769231
6 0.335337 0.455529 0.0504808 0.0793269
6 0.300481 0.455529 0.0288462 0.0456731
6 0.278846 0.461538 0.0240385 0.0336538
6 0.414663 0.461538 0.0264423 0.0432692
6 0.439904 0.450721 0.0384615 0.0600962
6 0.480769 0.453125 0.0288462 0.0456731
6 0.522837 0.442308 0.03125 0.0625
6 0.552885 0.451923 0.0336538 0.0576923
6 0.574519 0.451923 0.0240385 0.0288462
9 0.336538 0.551683 0.0913462 0.127404
9 0.206731 0.551683 0.0817308 0.132212
9 0.0408654 0.564904 0.0817308 0.110577
9 0.444712 0.533654 0.0865385 0.0913462
9 0.546875 0.515625 0.0745192 0.0841346
9 0.634615 0.516827 0.0769231 0.129808
9 0.90024 0.519231 0.0552885 0.105769
8 0.835337 0.510817 0.0504808 0.0793269
0 0.911058 0.710337 0.0480769 0.03125
0 0.865385 0.694712 0.0480769 0.0336538
0 0.645433 0.72476 0.0360577 0.03125
0 0.548077 0.709135 0.0384615 0.0336538
0 0.441106 0.74399 0.0360577 0.0408654
0 0.358173 0.757212 0.0336538 0.0288462
0 0.236779 0.783654 0.0504808 0.0336538
0 0.182692 0.759615 0.0336538 0.0432692
0 0.0552885 0.75 0.0384615 0.0288462
11 0.540865 0.573317 0.0625 0.204327
11 0.44351 0.592548 0.0793269 0.209135
11 0.334135 0.605769 0.0817308 0.245192
11 0.210337 0.602163 0.0793269 0.242788
11 0.644231 0.579327 0.0817308 0.225962
11 0.835337 0.554087 0.0456731 0.175481
11 0.90024 0.566106 0.0504808 0.213942
