0 0.239183 0.784337 0.0600962 0.118072
0 0.397837 0.791566 0.0456731 0.113253
0 0.536058 0.787952 0.0673077 0.0578313
3 0.299279 0.468675 0.0600962 0.0313253
3 0.620192 0.483133 0.0528846 0.0361446
5 0.223558 0.466265 0.0721154 0.0554217
5 0.550481 0.5 0.0384615 0.0939759
4 0.621394 0.738554 0.0456731 0.0746988
6 0.305288 0.457831 0.0865385 0.120482
6 0.620192 0.473494 0.0961538 0.118072
9 0.311298 0.584337 0.15625 0.175904
9 0.645433 0.580723 0.132212 0.168675
11 0.300481 0.628916 0.254808 0.279518
11 0.625 0.660241 0.216346 0.327711
