0 0.550481 0.733735 0.0721154 0.0409639
0 0.445913 0.76988 0.0552885 0.0746988
0 0.149038 0.742169 0.0817308 0.0433735
0 0.554087 0.926506 0.0745192 0.0457831
3 0.320913 0.480723 0.0504808 0.0361446
5 0.509615 0.510843 0.0384615 0.0337349
5 0.528846 0.484337 0.0384615 0.0337349
5 0.396635 0.577108 0.0480769 0.0409639
6 0.286058 0.475904 0.110577 0.13253
6 0.438702 0.475904 0.0697115 0.0891566
6 0.128606 0.454217 0.0745192 0.060241
6 0.346154 0.446988 0.0528846 0.060241
9 0.132212 0.553012 0.134615 0.13253
9 0.240385 0.654217 0.125 0.238554
9 0.445913 0.584337 0.108173 0.151807
9 0.358173 0.512048 0.0673077 0.0843373
