7 0.13101 0.399038 0.0841346 0.110577
7 0.207933 0.353365 0.0697115 0.0865385
7 0.435096 0.384615 0.0576923 0.0769231
7 0.489183 0.40024 0.0552885 0.0745192
7 0.555288 0.385817 0.0480769 0.0745192
7 0.676683 0.387019 0.0504808 0.0769231
7 0.796875 0.372596 0.0504808 0.0769231
7 0.796875 0.11899 0.0504808 0.0841346
7 0.675481 0.105769 0.0432692 0.0865385
7 0.55649 0.109375 0.0456731 0.0649038
7 0.492788 0.0949519 0.0528846 0.09375
7 0.433894 0.110577 0.0552885 0.0769231
7 0.209135 0.132212 0.0721154 0.105769
7 0.13101 0.0889423 0.0745192 0.105769
5 0.594952 0.512019 0.0264423 0.0336538
5 0.665865 0.459135 0.0240385 0.0336538
5 0.730769 0.477163 0.0288462 0.0408654
