0 0.302885 0.73012 0.139423 0.0481928
0 0.425481 0.737349 0.0769231 0.0578313
0 0.75601 0.753012 0.103365 0.0746988
3 0.471154 0.461446 0.100962 0.0409639
3 0.659856 0.410843 0.103365 0.0506024
5 0.472356 0.739759 0.0600962 0.0578313
5 0.534856 0.763855 0.0985577 0.0819277
5 0.584135 0.750602 0.0865385 0.0843373
5 0.826923 0.755422 0.0721154 0.0939759
6 0.473558 0.43494 0.134615 0.166265
6 0.663462 0.387952 0.134615 0.163855
9 0.689904 0.533735 0.225962 0.161446
9 0.455529 0.550602 0.189904 0.0987952
