0 0.326923 0.804819 0.0480769 0.0578313
0 0.451923 0.763855 0.0673077 0.0385542
0 0.516827 0.690361 0.0384615 0.026506
0 0.543269 0.703614 0.0384615 0.0240964
0 0.567308 0.718072 0.0384615 0.0337349
0 0.789663 0.80241 0.0552885 0.0481928
3 0.432692 0.390361 0.0336538 0.0240964
3 0.603365 0.404819 0.0432692 0.0240964
3 0.665865 0.345783 0.0432692 0.0313253
3 0.831731 0.342169 0.0432692 0.0289157
3 0.18149 0.440964 0.0504808 0.0240964
4 0.492788 0.583133 0.0240385 0.0289157
4 0.545673 0.592771 0.0240385 0.0289157
4 0.61899 0.609639 0.03125 0.0578313
4 0.742788 0.640964 0.0480769 0.0722892
4 0.884615 0.618072 0.0528846 0.0554217
5 0.0757212 0.708434 0.0456731 0.053012
5 0.49399 0.487952 0.0456731 0.0409639
5 0.549279 0.466265 0.0504808 0.026506
6 0.177885 0.424096 0.0769231 0.106024
6 0.419471 0.373494 0.0697115 0.106024
6 0.520433 0.451807 0.0456731 0.0554217
6 0.68149 0.325301 0.0745192 0.101205
6 0.84976 0.338554 0.09375 0.0987952
9 0.164663 0.56506 0.137019 0.214458
9 0.396635 0.475904 0.0961538 0.161446
9 0.518029 0.510843 0.0552885 0.0963855
9 0.600962 0.479518 0.0673077 0.106024
9 0.703125 0.466265 0.112981 0.161446
9 0.850962 0.484337 0.120192 0.183133
11 0.15625 0.642169 0.168269 0.368675
11 0.395433 0.574699 0.108173 0.359036
11 0.598558 0.577108 0.0673077 0.301205
11 0.704327 0.573494 0.139423 0.390361
10 0.521635 0.578313 0.0625 0.231325
10 0.856971 0.56747 0.137019 0.349398
