6 0.31851 0.402644 0.127404 0.137019
6 0.543269 0.377404 0.105769 0.153846
6 0.210337 0.354567 0.0697115 0.112981
6 0.28125 0.30649 0.0961538 0.0793269
6 0.734375 0.418269 0.15625 0.163462
6 0.951923 0.399038 0.0961538 0.201923
6 0.961538 0.282452 0.0769231 0.127404
3 0.520433 0.389423 0.0456731 0.0288462
5 0.209135 0.46274 0.0673077 0.103365
5 0.271635 0.479567 0.0528846 0.0745192
5 0.783654 0.817308 0.0528846 0.105769
5 0.695913 0.760817 0.03125 0.108173
5 0.782452 0.930288 0.0504808 0.0913462
5 0.972356 0.491587 0.0552885 0.141827
5 0.157452 0.598558 0.0504808 0.0528846
9 0.338942 0.5625 0.177885 0.1875
9 0.603365 0.557692 0.153846 0.197115
9 0.75601 0.655048 0.137019 0.257212
0 0.0649038 0.776442 0.125 0.0865385
0 0.0649038 0.965144 0.105769 0.0697115
0 0.293269 0.826923 0.0528846 0.0961538
0 0.286058 0.925481 0.0528846 0.0625
11 0.359375 0.664663 0.213942 0.420673
11 0.596154 0.668269 0.158654 0.461538
