2 0.605769 0.445783 0.0721154 0.0240964
2 0.88101 0.487952 0.0697115 0.026506
6 0.46274 0.46506 0.117788 0.110843
6 0.609375 0.439759 0.0889423 0.0987952
6 0.850962 0.455422 0.0817308 0.106024
6 0.882212 0.472289 0.0817308 0.106024
9 0.25601 0.428916 0.117788 0.115663
5 0.34976 0.53253 0.0649038 0.0722892
5 0.18149 0.80241 0.0552885 0.0433735
5 0.793269 0.53012 0.0384615 0.0433735
5 0.777644 0.686747 0.03125 0.0433735
9 0.25601 0.616867 0.209135 0.318072
9 0.459135 0.651807 0.177885 0.291566
9 0.625 0.601205 0.129808 0.253012
9 0.810096 0.596386 0.0721154 0.204819
9 0.909856 0.620482 0.132212 0.2
11 0.25 0.642169 0.240385 0.354217
11 0.457933 0.657831 0.175481 0.289157
11 0.634615 0.653012 0.134615 0.356627
11 0.822115 0.646988 0.115385 0.301205
11 0.90625 0.656627 0.125 0.315663
