0 0.0949519 0.798077 0.0600962 0.0384615
0 0.231971 0.752404 0.0408654 0.0336538
0 0.268029 0.737981 0.0456731 0.0336538
5 0.25 0.659856 0.0240385 0.0264423
5 0.276442 0.610577 0.0240385 0.0288462
6 0.206731 0.490385 0.0625 0.0673077
6 0.38101 0.481971 0.0841346 0.0841346
7 0.0817308 0.478365 0.0625 0.0673077
7 0.251202 0.490385 0.0408654 0.0528846
9 0.0757212 0.588942 0.108173 0.163462
9 0.211538 0.586538 0.0913462 0.129808
9 0.391827 0.633413 0.139423 0.199519
11 0.0697115 0.652644 0.110577 0.295673
11 0.205529 0.659856 0.0841346 0.276442
11 0.384615 0.705529 0.125 0.329327
