0 0.364183 0.834135 0.0552885 0.0528846
0 0.206731 0.691106 0.0432692 0.0360577
0 0.508413 0.78125 0.0649038 0.0336538
0 0.558894 0.746394 0.0360577 0.0408654
0 0.622596 0.745192 0.0432692 0.0288462
0 0.6875 0.721154 0.0384615 0.0384615
0 0.956731 0.722356 0.0384615 0.0456731
0 0.985577 0.722356 0.0288462 0.0456731
0 0.789663 0.710337 0.0456731 0.03125
0 0.722356 0.6875 0.03125 0.0240385
0 0.415865 0.670673 0.0336538 0.0288462
0 0.387019 0.673077 0.0336538 0.0240385
5 0.581731 0.623798 0.0240385 0.03125
6 0.0456731 0.486779 0.0913462 0.0985577
6 0.310096 0.498798 0.0721154 0.0793269
6 0.534856 0.480769 0.0552885 0.0528846
6 0.652644 0.497596 0.0504808 0.0576923
6 0.700721 0.489183 0.0408654 0.0456731
6 0.811298 0.484375 0.0456731 0.0456731
7 0.179087 0.481971 0.0504808 0.0456731
7 0.403846 0.478365 0.0480769 0.0432692
8 0.0396635 0.622596 0.0793269 0.1875
8 0.299279 0.614183 0.117788 0.170673
8 0.519231 0.573317 0.0961538 0.122596
8 0.638221 0.579327 0.0841346 0.120192
8 0.709135 0.558894 0.0576923 0.103365
8 0.805288 0.567308 0.0913462 0.110577
9 0.182692 0.540865 0.0865385 0.0865385
9 0.40024 0.543269 0.0649038 0.0913462
11 0.298077 0.663462 0.129808 0.274038
11 0.512019 0.622596 0.110577 0.206731
11 0.638221 0.610577 0.0889423 0.1875
11 0.802885 0.592548 0.0961538 0.170673
11 0.969952 0.594952 0.0600962 0.151442
