6 0.71274 0.445913 0.0793269 0.0889423
3 0.161058 0.447115 0.0576923 0.0384615
6 0.658654 0.53726 0.100962 0.117788
2 0.826923 0.528846 0.0913462 0.0625
6 0.340144 0.733173 0.15625 0.211538
6 0.854567 0.373798 0.0745192 0.0745192
6 0.6875 0.385817 0.0625 0.0793269
6 0.472356 0.551683 0.137019 0.165865
6 0.540865 0.471154 0.0913462 0.0961538
9 0.504808 0.727163 0.182692 0.223558
6 0.856971 0.514423 0.161058 0.1875
6 0.52524 0.393029 0.0841346 0.0841346
6 0.637019 0.356971 0.0528846 0.0697115
6 0.138221 0.438702 0.112981 0.127404
6 0.18149 0.596154 0.137019 0.168269
9 0.173077 0.736779 0.168269 0.170673
