0 0.364183 0.612981 0.0264423 0.0192308
0 0.58774 0.649038 0.0408654 0.0288462
0 0.466346 0.609375 0.0288462 0.0264423
0 0.558894 0.629808 0.0456731 0.0192308
0 0.429087 0.609375 0.0264423 0.0264423
9 0.370192 0.451923 0.0769231 0.110577
9 0.582933 0.451923 0.0793269 0.110577
6 0.569712 0.375 0.0480769 0.0576923
11 0.581731 0.509615 0.0817308 0.230769
6 0.444712 0.34976 0.0432692 0.0600962
11 0.372596 0.49399 0.0817308 0.199519
6 0.377404 0.367788 0.0528846 0.0625
11 0.450721 0.481971 0.0841346 0.213942
9 0.450721 0.438702 0.0889423 0.127404
0 0.390625 0.611779 0.0360577 0.0216346
2 0.448317 0.354567 0.0360577 0.0168269
