2 0.591346 0.40625 0.0673077 0.0384615
2 0.439904 0.447115 0.0817308 0.0384615
5 0.260817 0.645433 0.0985577 0.0985577
5 0.302885 0.758413 0.0480769 0.0745192
5 0.483173 0.795673 0.0673077 0.0817308
5 0.735577 0.825721 0.0625 0.0793269
3 0.350962 0.455529 0.0673077 0.0360577
6 0.245192 0.394231 0.0528846 0.163462
6 0.348558 0.445913 0.0913462 0.122596
6 0.460337 0.436298 0.122596 0.165865
6 0.637019 0.421875 0.153846 0.161058
6 0.735577 0.418269 0.0769231 0.168269
9 0.252404 0.584135 0.0721154 0.245192
9 0.323317 0.569712 0.127404 0.197115
9 0.426683 0.63101 0.213942 0.252404
9 0.538462 0.513221 0.0817308 0.103365
9 0.603365 0.682692 0.192308 0.365385
9 0.736779 0.603365 0.151442 0.230769
11 0.207933 0.663462 0.15625 0.408654
11 0.323317 0.596154 0.132212 0.25
11 0.411058 0.6875 0.211538 0.360577
11 0.538462 0.515625 0.0769231 0.112981
11 0.603365 0.688702 0.197115 0.358173
11 0.739183 0.673077 0.15625 0.375
