6 0.185096 0.513221 0.0528846 0.0793269
6 0.177885 0.612981 0.0673077 0.0913462
6 0.265625 0.680288 0.0793269 0.120192
6 0.292067 0.569712 0.0552885 0.0817308
6 0.496394 0.622596 0.0745192 0.105769
6 0.682692 0.617788 0.0721154 0.0961538
6 0.61899 0.534856 0.0504808 0.0745192
6 0.532452 0.579327 0.0600962 0.0913462
6 0.456731 0.479567 0.0384615 0.0600962
6 0.555288 0.512019 0.0384615 0.0625
6 0.893029 0.543269 0.0600962 0.0865385
6 0.94351 0.532452 0.0504808 0.0841346
6 0.734375 0.588942 0.0649038 0.0913462
6 0.777644 0.514423 0.0552885 0.0721154
3 0.492788 0.633413 0.0528846 0.0360577
3 0.272837 0.689904 0.0552885 0.0384615
3 0.179087 0.625 0.0360577 0.0240385
3 0.19351 0.519231 0.0456731 0.0288462
3 0.733173 0.597356 0.0384615 0.0456731
3 0.685096 0.620192 0.0625 0.0240385
3 0.941106 0.53726 0.0360577 0.03125
3 0.897837 0.552885 0.0504808 0.0240385
3 0.778846 0.526442 0.0240385 0.0240385
3 0.620192 0.540865 0.0384615 0.0240385
3 0.455529 0.492788 0.0360577 0.0240385
3 0.301683 0.579327 0.0408654 0.0240385
4 0.841346 0.439904 0.0528846 0.0721154
4 0.917067 0.786058 0.0456731 0.0721154
4 0.914663 0.860577 0.0504808 0.0817308
9 0.28125 0.811298 0.153846 0.204327
9 0.495192 0.77524 0.139423 0.247596
9 0.68149 0.758413 0.122596 0.223558
9 0.887019 0.663462 0.125 0.197115
9 0.159856 0.705529 0.108173 0.189904
11 0.859375 0.733173 0.0793269 0.331731
