9 0.0612981 0.586538 0.117788 0.447115
6 0.328125 0.399038 0.0504808 0.0769231
3 0.141827 0.371394 0.0721154 0.0408654
11 0.925481 0.555288 0.149038 0.221154
4 0.825721 0.651442 0.0408654 0.0625
9 0.125 0.56851 0.139423 0.286058
11 0.0600962 0.674279 0.120192 0.627404
6 0.0516827 0.294471 0.103365 0.151442
9 0.924279 0.551683 0.151442 0.213942
5 0.609375 0.663462 0.0408654 0.0528846
6 0.853365 0.375 0.0769231 0.0913462
9 0.421875 0.53726 0.141827 0.252404
6 0.558894 0.385817 0.0841346 0.0985577
6 0.463942 0.346154 0.0961538 0.115385
6 0.264423 0.36899 0.110577 0.127404
9 0.554087 0.536058 0.165865 0.206731
6 0.137019 0.356971 0.0961538 0.146635
9 0.265625 0.567308 0.180288 0.25
11 0.548077 0.638221 0.173077 0.411058
6 0.716346 0.33774 0.0961538 0.112981
6 0.9375 0.383413 0.0961538 0.112981
9 0.722356 0.515625 0.180288 0.228365
11 0.72476 0.694712 0.185096 0.605769
11 0.258413 0.717548 0.165865 0.560096
11 0.418269 0.703125 0.144231 0.584135
3 0.575721 0.391827 0.0408654 0.0144231
3 0.734375 0.347356 0.0456731 0.0216346
2 0.486779 0.354567 0.0504808 0.0264423
2 0.292067 0.378606 0.0504808 0.0264423
3 0.859375 0.38101 0.0456731 0.0216346
3 0.951923 0.394231 0.0528846 0.0336538
2 0.0829327 0.324519 0.0504808 0.0384615
4 0.403846 0.665865 0.0576923 0.0480769
4 0.658654 0.637019 0.0432692 0.0432692
4 0.801683 0.626202 0.0360577 0.0456731
