0 0.520433 0.785542 0.0456731 0.053012
0 0.467548 0.793976 0.0360577 0.0361446
0 0.143029 0.812048 0.0504808 0.0337349
0 0.100962 0.804819 0.0432692 0.0385542
2 0.395433 0.449398 0.0408654 0.0361446
2 0.746394 0.450602 0.0456731 0.0240964
3 0.112981 0.474699 0.0432692 0.0289157
3 0.296875 0.371084 0.0745192 0.0337349
3 0.657452 0.461446 0.0745192 0.0313253
9 0.282452 0.554217 0.165865 0.221687
9 0.478365 0.525301 0.0961538 0.139759
9 0.632212 0.598795 0.158654 0.185542
9 0.103365 0.573494 0.0913462 0.139759
7 0.112981 0.468675 0.0528846 0.0746988
7 0.298077 0.378313 0.0961538 0.101205
7 0.390625 0.443374 0.0504808 0.0674699
7 0.472356 0.414458 0.0649038 0.0674699
7 0.653846 0.445783 0.0817308 0.115663
7 0.742788 0.442169 0.0576923 0.0746988
11 0.108173 0.643373 0.0913462 0.289157
11 0.480769 0.593976 0.105769 0.277108
