3 0.176683 0.46747 0.0649038 0.0385542
3 0.353365 0.443374 0.0769231 0.0337349
3 0.459135 0.457831 0.0480769 0.0337349
3 0.733173 0.46988 0.0769231 0.0385542
3 0.84976 0.461446 0.0600962 0.0409639
4 0.518029 0.745783 0.0408654 0.0506024
4 0.03125 0.754217 0.0625 0.0963855
5 0.816106 0.704819 0.0985577 0.0650602
6 0.139423 0.454217 0.149038 0.146988
6 0.344952 0.422892 0.108173 0.127711
6 0.453125 0.455422 0.09375 0.110843
6 0.570913 0.475904 0.09375 0.122892
6 0.734375 0.451807 0.103365 0.137349
7 0.896635 0.479518 0.144231 0.144578
9 0.125 0.666265 0.216346 0.277108
9 0.325721 0.606024 0.132212 0.219277
9 0.449519 0.585542 0.0769231 0.159036
9 0.563702 0.618072 0.108173 0.161446
9 0.697115 0.628916 0.129808 0.221687
9 0.905048 0.627711 0.170673 0.156627
