4 0.307692 0.512048 0.0240385 0.0361446
11 0.354567 0.503614 0.09375 0.19759
11 0.532452 0.586747 0.175481 0.315663
0 0.352163 0.625301 0.0216346 0.0313253
0 0.229567 0.722892 0.0552885 0.0385542
0 0.471154 0.624096 0.0384615 0.0385542
11 0.121394 0.519277 0.09375 0.219277
6 0.0949519 0.383133 0.0408654 0.0626506
0 0.376202 0.640964 0.03125 0.0433735
6 0.455529 0.389157 0.0360577 0.0506024
6 0.242788 0.379518 0.0336538 0.0409639
0 0.143029 0.661446 0.03125 0.0361446
4 0.725962 0.591566 0.0336538 0.0457831
6 0.122596 0.392771 0.0432692 0.0626506
6 0.498798 0.398795 0.0697115 0.0891566
6 0.152644 0.368675 0.0408654 0.0433735
6 0.195913 0.368675 0.0360577 0.0433735
9 0.219952 0.509639 0.112981 0.142169
9 0.114183 0.478313 0.09375 0.13253
6 0.21875 0.416867 0.0528846 0.0771084
9 0.820913 0.512048 0.161058 0.190361
6 0.352163 0.378313 0.0504808 0.0626506
11 0.222356 0.560241 0.112981 0.248193
11 0.820913 0.681928 0.161058 0.549398
9 0.522837 0.516867 0.170673 0.171084
6 0.832933 0.378313 0.0841346 0.106024
9 0.354567 0.461446 0.09375 0.113253
4 0.402644 0.609639 0.0408654 0.0481928
4 0.395433 0.512048 0.0168269 0.026506
4 0.289663 0.580723 0.0216346 0.0289157
4 0.0504808 0.501205 0.0288462 0.0289157
4 0.984375 0.589157 0.03125 0.0650602
