0 0.540865 0.796875 0.100962 0.0697115
0 0.115385 0.788462 0.0576923 0.0625
0 0.164663 0.722356 0.0793269 0.0504808
3 0.151442 0.36899 0.0673077 0.0408654
3 0.497596 0.308894 0.0576923 0.03125
3 0.74399 0.40625 0.103365 0.0480769
4 0.921875 0.867788 0.117788 0.0673077
4 0.423077 0.530048 0.0625 0.0649038
4 0.433894 0.408654 0.108173 0.0576923
4 0.0408654 0.447115 0.0576923 0.0432692
4 0.204327 0.465144 0.0480769 0.0456731
6 0.152644 0.344952 0.0889423 0.122596
6 0.536058 0.295673 0.125 0.144231
6 0.757212 0.355769 0.177885 0.230769
9 0.134615 0.491587 0.144231 0.199519
9 0.609375 0.451923 0.141827 0.245192
9 0.78125 0.632212 0.235577 0.365385
