7 0.677108 0.0360577 0.0626506 0.0721154
4 0.421687 0.735577 0.115663 0.134615
3 0.613253 0.0324519 0.0457831 0.0264423
7 0.613253 0.0324519 0.0506024 0.0649038
3 0.557831 0.0456731 0.0506024 0.0240385
3 0.409639 0.28726 0.20241 0.0504808
2 0.56747 0.197115 0.127711 0.0528846
11 0.56747 0.629808 0.387952 0.740385
9 0.577108 0.457933 0.281928 0.382212
6 0.675904 0.276442 0.0843373 0.100962
3 0.674699 0.0360577 0.0626506 0.0288462
11 0.279518 0.649038 0.337349 0.697115
9 0.286747 0.516827 0.327711 0.355769
6 0.0493976 0.133413 0.0987952 0.170673
7 0.559036 0.0432692 0.053012 0.0769231
6 0.56747 0.183894 0.13253 0.185096
6 0.186747 0.137019 0.171084 0.168269
6 0.410843 0.24399 0.204819 0.276442
4 0.283133 0.939904 0.146988 0.120192
3 0.866265 0.126202 0.0939759 0.0600962
4 0.728916 0.174279 0.0843373 0.0889423
7 0.43253 0.0552885 0.0313253 0.0336538
7 0.521687 0.0444712 0.0361446 0.0456731
7 0.783133 0.0817308 0.0337349 0.0384615
