11 0.0313253 0.586538 0.0626506 0.485577
4 0.662651 0.31851 0.0433735 0.0504808
6 0.336145 0.299279 0.0795181 0.108173
1 0.363855 0.84976 0.0385542 0.0697115
9 0.660241 0.266827 0.115663 0.153846
6 0.654217 0.159856 0.0698795 0.0745192
1 0.39759 0.853365 0.0433735 0.0625
2 0.344578 0.30649 0.0578313 0.0264423
5 0.356627 0.456731 0.0337349 0.0336538
0 0.622892 0.532452 0.0506024 0.03125
0 0.472289 0.805288 0.110843 0.0528846
11 0.660241 0.347356 0.115663 0.310096
3 0.524096 0.25601 0.0746988 0.03125
0 0.548193 0.850962 0.0939759 0.0625
9 0.975904 0.268029 0.0481928 0.161058
5 0.416867 0.430288 0.0481928 0.0673077
5 0.389157 0.174279 0.0554217 0.0697115
9 0.525301 0.409856 0.159036 0.204327
0 0.678313 0.533654 0.0457831 0.0384615
9 0.354217 0.43149 0.144578 0.165865
6 0.520482 0.247596 0.086747 0.115385
11 0.354217 0.574519 0.149398 0.447115
11 0.525301 0.555288 0.163855 0.5
4 0.581928 0.30649 0.0313253 0.0408654
0 0.985542 0.530048 0.0289157 0.0408654
