6 0.736779 0.361446 0.151442 0.149398
6 0.598558 0.391566 0.100962 0.113253
6 0.171875 0.306024 0.151442 0.183133
6 0.307692 0.313253 0.0913462 0.13012
6 0.305288 0.13494 0.0961538 0.120482
6 0.597356 0.0542169 0.0985577 0.103614
3 0.30649 0.327711 0.0600962 0.0433735
5 0.467548 0.543373 0.0697115 0.0650602
5 0.513221 0.586747 0.0504808 0.0746988
5 0.658654 0.595181 0.0721154 0.053012
5 0.0877404 0.610843 0.0697115 0.0795181
5 0.362981 0.587952 0.0432692 0.0481928
9 0.132212 0.520482 0.240385 0.318072
9 0.298077 0.473494 0.110577 0.248193
9 0.774038 0.563855 0.206731 0.240964
