0 0.204327 0.681928 0.0480769 0.0289157
0 0.143029 0.681928 0.0264423 0.0289157
0 0.350962 0.693976 0.0336538 0.0385542
0 0.40024 0.678313 0.0456731 0.0313253
0 0.495192 0.669879 0.0240385 0.0289157
0 0.534856 0.66506 0.0360577 0.0337349
0 0.586538 0.661446 0.0336538 0.026506
0 0.634615 0.668675 0.0240385 0.026506
0 0.671875 0.671084 0.0456731 0.026506
0 0.72476 0.687952 0.0264423 0.0313253
0 0.850962 0.683133 0.0384615 0.0409639
0 0.796875 0.684337 0.03125 0.0289157
7 0.15625 0.414458 0.0480769 0.053012
7 0.399038 0.408434 0.0384615 0.0506024
7 0.840144 0.426506 0.0408654 0.0481928
7 0.716346 0.407229 0.0432692 0.053012
7 0.61899 0.420482 0.0408654 0.0506024
7 0.534856 0.416867 0.0408654 0.053012
5 0.112981 0.562651 0.0240385 0.026506
5 0.671875 0.442169 0.0264423 0.0313253
9 0.153846 0.49759 0.0769231 0.108434
9 0.389423 0.492771 0.0576923 0.113253
9 0.621394 0.484337 0.0600962 0.0771084
9 0.711538 0.479518 0.0625 0.0819277
9 0.836538 0.496386 0.0576923 0.086747
5 0.543269 0.436145 0.0240385 0.0289157
9 0.528846 0.483133 0.0576923 0.0746988
11 0.157452 0.53494 0.0985577 0.192771
11 0.38101 0.533735 0.0793269 0.195181
11 0.527644 0.53253 0.0697115 0.178313
11 0.622596 0.537349 0.0721154 0.183133
11 0.711538 0.536145 0.0673077 0.190361
11 0.836538 0.545783 0.0673077 0.185542
