0 0.197115 0.737349 0.0865385 0.053012
0 0.300481 0.742169 0.0432692 0.053012
0 0.329327 0.704819 0.0384615 0.0506024
0 0.449519 0.716867 0.0432692 0.0554217
0 0.52524 0.746988 0.0889423 0.0433735
0 0.586538 0.798795 0.0673077 0.0554217
2 0.871394 0.445783 0.0649038 0.0337349
3 0.0829327 0.431325 0.0456731 0.0337349
3 0.328125 0.448193 0.0456731 0.0289157
3 0.483173 0.443374 0.0432692 0.0289157
3 0.637019 0.453012 0.0288462 0.0337349
5 0.0949519 0.633735 0.0456731 0.053012
5 0.324519 0.604819 0.0384615 0.0433735
5 0.34976 0.606024 0.03125 0.0409639
5 0.472356 0.590361 0.03125 0.0289157
5 0.492788 0.590361 0.0288462 0.0385542
5 0.597356 0.620482 0.0504808 0.0457831
5 0.811298 0.646988 0.0552885 0.0650602
7 0.0649038 0.437349 0.0817308 0.0939759
7 0.322115 0.445783 0.0576923 0.0819277
7 0.478365 0.442169 0.0576923 0.0746988
7 0.659856 0.455422 0.0745192 0.0915663
7 0.896635 0.444578 0.120192 0.13253
9 0.0817308 0.526506 0.139423 0.0939759
9 0.3125 0.527711 0.120192 0.0915663
9 0.479567 0.525301 0.117788 0.101205
9 0.657452 0.559036 0.122596 0.106024
9 0.891827 0.56506 0.163462 0.13253
