6 0.46875 0.248193 0.0432692 0.0626506
6 0.658654 0.250602 0.0721154 0.101205
6 0.834135 0.331325 0.120192 0.137349
6 0.0769231 0.377108 0.0528846 0.0795181
6 0.171875 0.395181 0.0456731 0.0674699
9 0.0829327 0.479518 0.09375 0.125301
9 0.836538 0.491566 0.168269 0.178313
9 0.675481 0.36988 0.0961538 0.156627
6 0.536058 0.274699 0.0384615 0.0433735
9 0.426683 0.30241 0.0793269 0.0987952
9 0.576923 0.306024 0.0576923 0.0578313
4 0.959135 0.657831 0.0576923 0.0819277
4 0.715144 0.562651 0.0456731 0.0795181
3 0.808894 0.351807 0.0552885 0.0385542
