1 0.472289 0.670673 0.0433735 0.0384615
4 0.542169 0.472356 0.0240964 0.03125
4 0.548193 0.384615 0.0313253 0.0288462
6 0.53494 0.322115 0.0433735 0.0480769
6 0.479518 0.497596 0.0626506 0.0769231
6 0.748193 0.16226 0.0554217 0.0504808
6 0.915663 0.165865 0.053012 0.0528846
9 0.538554 0.362981 0.0409639 0.0673077
9 0.725301 0.225962 0.053012 0.0961538
9 0.948193 0.228365 0.060241 0.100962
9 0.485542 0.561298 0.0891566 0.103365
11 0.70241 0.263221 0.0987952 0.165865
11 0.533735 0.379808 0.0554217 0.110577
11 0.486747 0.590144 0.0915663 0.165865
11 0.951807 0.251202 0.0674699 0.15625
