0 0.549279 0.765625 0.0649038 0.0552885
0 0.360577 0.752404 0.0528846 0.0528846
0 0.614183 0.709135 0.0456731 0.0576923
0 0.709135 0.742788 0.0576923 0.0480769
0 0.920673 0.665865 0.0480769 0.0384615
0 0.956731 0.632212 0.0384615 0.0480769
3 0.512019 0.396635 0.0480769 0.0240385
4 0.354567 0.680288 0.0552885 0.0625
4 0.748798 0.586538 0.0504808 0.0625
4 0.691106 0.617788 0.0600962 0.0673077
4 0.36899 0.445913 0.0504808 0.0408654
4 0.504808 0.466346 0.0384615 0.0432692
4 0.572115 0.444712 0.0384615 0.0480769
6 0.460337 0.560096 0.0841346 0.100962
6 0.747596 0.453125 0.0721154 0.0985577
6 0.835337 0.371394 0.0552885 0.0793269
6 0.953125 0.359375 0.0552885 0.0697115
6 0.385817 0.36899 0.0745192 0.0841346
9 0.651442 0.497596 0.105769 0.100962
9 0.884615 0.465144 0.0865385 0.137019
9 0.377404 0.457933 0.110577 0.117788
