11 0.390625 0.461538 0.0697115 0.192308
3 0.0673077 0.322115 0.0432692 0.0240385
5 0.825721 0.426683 0.03125 0.0264423
11 0.835337 0.456731 0.0745192 0.182692
5 0.614183 0.487981 0.0216346 0.0288462
2 0.383413 0.34375 0.03125 0.0144231
0 0.384615 0.578125 0.0240385 0.0264423
0 0.344952 0.581731 0.03125 0.0288462
9 0.840144 0.41226 0.0649038 0.09375
5 0.554087 0.483173 0.0168269 0.0288462
5 0.116587 0.50601 0.0264423 0.0360577
0 0.0949519 0.614183 0.0264423 0.0360577
0 0.0841346 0.740385 0.0913462 0.0384615
0 0.65625 0.606971 0.0288462 0.0216346
11 0.3125 0.501202 0.0865385 0.189904
0 0.591346 0.602163 0.0240385 0.0216346
0 0.288462 0.608173 0.0336538 0.0288462
0 0.387019 0.564904 0.0240385 0.0240385
0 0.5 0.612981 0.0288462 0.0288462
0 0.641827 0.598558 0.0288462 0.0240385
5 0.379808 0.487981 0.0288462 0.0288462
0 0.670673 0.605769 0.0384615 0.0240385
9 0.31851 0.460337 0.0745192 0.103365
7 0.516827 0.359375 0.0336538 0.0456731
7 0.384615 0.342548 0.0384615 0.0456731
0 0.47476 0.598558 0.03125 0.0288462
0 0.146635 0.606971 0.0432692 0.03125
9 0.0456731 0.447115 0.0913462 0.1875
5 0.158654 0.495192 0.0288462 0.0336538
11 0.592548 0.456731 0.0697115 0.197115
0 0.191106 0.606971 0.03125 0.0264423
0 0.435096 0.575721 0.0384615 0.0264423
0 0.572115 0.621394 0.0432692 0.0264423
7 0.367788 0.409856 0.0432692 0.0649038
7 0.171875 0.358173 0.0408654 0.0528846
0 0.0913462 0.659856 0.0384615 0.0360577
0 0.322115 0.638221 0.0528846 0.0360577
11 0.655048 0.472356 0.0600962 0.194712
0 0.713942 0.612981 0.0288462 0.0288462
7 0.316106 0.353365 0.0408654 0.0480769
5 0.0252404 0.555288 0.0408654 0.0432692
0 0.236779 0.59375 0.0504808 0.0288462
7 0.653846 0.356971 0.0384615 0.0552885
11 0.0480769 0.52524 0.0961538 0.353365
7 0.83774 0.364183 0.0408654 0.0504808
7 0.600962 0.358173 0.0384615 0.0480769
9 0.518029 0.429087 0.0745192 0.103365
9 0.180288 0.435096 0.0769231 0.105769
11 0.723558 0.46875 0.0721154 0.216346
11 0.182692 0.475962 0.0817308 0.197115
11 0.518029 0.478365 0.0697115 0.201923
7 0.0576923 0.320913 0.0625 0.0889423
9 0.588942 0.419471 0.0673077 0.0985577
9 0.655048 0.426683 0.0600962 0.108173
9 0.72476 0.417067 0.0697115 0.112981
7 0.472356 0.34375 0.03125 0.0432692
5 0.532452 0.423077 0.0264423 0.0528846
7 0.723558 0.331731 0.0432692 0.0576923
