3 0.518029 0.382212 0.0649038 0.0192308
3 0.665865 0.373798 0.0480769 0.0216346
5 0.710337 0.581731 0.03125 0.0384615
1 0.661058 0.768029 0.0673077 0.0360577
11 0.831731 0.472356 0.0576923 0.122596
7 0.25 0.388221 0.0384615 0.0408654
9 0.620192 0.467548 0.0576923 0.146635
0 0.842548 0.548077 0.0216346 0.0192308
5 0.633413 0.572115 0.0264423 0.0384615
9 0.740385 0.466346 0.0336538 0.0625
3 0.30649 0.372596 0.0600962 0.0192308
1 0.707933 0.78125 0.0600962 0.0576923
0 0.5625 0.742788 0.0336538 0.0384615
0 0.308894 0.842548 0.0697115 0.0552885
0 0.622596 0.707933 0.0576923 0.0408654
5 0.448317 0.578125 0.03125 0.0408654
5 0.405048 0.596154 0.0360577 0.0576923
11 0.671875 0.56851 0.103365 0.34375
5 0.231971 0.61899 0.0360577 0.0504808
9 0.677885 0.484375 0.0913462 0.170673
0 0.495192 0.776442 0.0673077 0.0432692
9 0.52524 0.497596 0.146635 0.158654
9 0.319712 0.485577 0.1875 0.177885
9 0.830529 0.442308 0.0552885 0.0625
7 0.302885 0.360577 0.0721154 0.100962
11 0.52524 0.581731 0.141827 0.331731
7 0.516827 0.38101 0.0673077 0.0841346
11 0.319712 0.594952 0.1875 0.396635
3 0.627404 0.360577 0.0528846 0.0240385
0 0.828125 0.551683 0.0216346 0.0216346
7 0.671875 0.364183 0.0649038 0.0697115
7 0.621394 0.354567 0.0456731 0.0649038
