4 0.957831 0.510817 0.0216867 0.0168269
0 0.751807 0.58774 0.0192771 0.0264423
10 0.940964 0.532452 0.0554217 0.108173
0 0.957831 0.604567 0.026506 0.0216346
0 0.913253 0.586538 0.0192771 0.0240385
0 0.708434 0.603365 0.0289157 0.0240385
9 0.451807 0.604567 0.0650602 0.0841346
6 0.718072 0.460337 0.0337349 0.0456731
6 0.950602 0.460337 0.0361446 0.0408654
9 0.940964 0.503606 0.0506024 0.0552885
9 0.725301 0.50601 0.0481928 0.0600962
6 0.409639 0.564904 0.0385542 0.0480769
0 0.456627 0.161058 0.0361446 0.0240385
0 0.468675 0.210337 0.0216867 0.0264423
