3 0.612981 0.367788 0.0625 0.0288462
3 0.383413 0.367788 0.0793269 0.0288462
9 0.508413 0.417067 0.0985577 0.127404
5 0.492788 0.598558 0.0336538 0.0528846
0 0.585337 0.807692 0.0456731 0.0528846
5 0.284856 0.629808 0.0360577 0.0576923
0 0.432692 0.814904 0.0432692 0.0528846
9 0.604567 0.497596 0.146635 0.168269
5 0.542067 0.614183 0.0360577 0.0504808
11 0.396635 0.605769 0.168269 0.384615
9 0.395433 0.516827 0.170673 0.201923
6 0.383413 0.355769 0.09375 0.125
6 0.504808 0.320913 0.0528846 0.0697115
6 0.614183 0.356971 0.0793269 0.108173
11 0.608173 0.59375 0.149038 0.360577
0 0.58774 0.894231 0.0456731 0.0528846
0 0.430288 0.891827 0.0480769 0.0480769
