2 0.534856 0.573494 0.0408654 0.0240964
2 0.640625 0.566265 0.0264423 0.0240964
2 0.313702 0.575904 0.0408654 0.0240964
2 0.046875 0.580723 0.0408654 0.0289157
3 0.347356 0.592771 0.0504808 0.0289157
6 0.169471 0.553012 0.132212 0.166265
6 0.283654 0.56747 0.0817308 0.103614
6 0.348558 0.595181 0.0576923 0.0722892
6 0.552885 0.573494 0.0961538 0.115663
6 0.668269 0.56506 0.125 0.113253
6 0.0336538 0.577108 0.0673077 0.127711
9 0.134615 0.813253 0.1875 0.354217
9 0.288462 0.779518 0.134615 0.286747
9 0.385817 0.731325 0.0985577 0.185542
9 0.543269 0.746988 0.120192 0.245783
9 0.680288 0.745783 0.149038 0.219277
