0 0.175481 0.703125 0.0721154 0.0456731
0 0.597356 0.570913 0.0408654 0.0360577
0 0.772837 0.801683 0.0985577 0.0697115
5 0.18149 0.47476 0.0408654 0.03125
5 0.824519 0.608173 0.0336538 0.0480769
5 0.611779 0.461538 0.0264423 0.0240385
6 0.135817 0.325721 0.0600962 0.0889423
6 0.602163 0.344952 0.0408654 0.0504808
6 0.774038 0.354567 0.0961538 0.103365
9 0.129808 0.426683 0.0721154 0.117788
9 0.748798 0.478365 0.103365 0.163462
9 0.591346 0.418269 0.0480769 0.105769
11 0.137019 0.528846 0.0961538 0.341346
11 0.745192 0.585337 0.0913462 0.387019
11 0.591346 0.454327 0.0576923 0.182692
