7 0.253606 0.582933 0.0697115 0.0697115
7 0.177885 0.521635 0.0480769 0.0528846
7 0.133413 0.532452 0.03125 0.0456731
7 0.342548 0.651442 0.0649038 0.0769231
7 0.722356 0.647837 0.0456731 0.0649038
7 0.893029 0.659856 0.0360577 0.0552885
7 0.913462 0.612981 0.0384615 0.0528846
7 0.418269 0.604567 0.0384615 0.0697115
7 0.567308 0.622596 0.0336538 0.0336538
7 0.621394 0.635817 0.0360577 0.0552885
9 0.389423 0.764423 0.134615 0.134615
9 0.229567 0.682692 0.0841346 0.144231
9 0.0661058 0.58774 0.0697115 0.122596
9 0.71274 0.71274 0.0408654 0.0600962
11 0.706731 0.757212 0.0721154 0.163462
11 0.396635 0.795673 0.144231 0.235577
11 0.899038 0.776442 0.0528846 0.173077
