0 0.473558 0.784337 0.0480769 0.0698795
0 0.671875 0.692771 0.0793269 0.0554217
6 0.489183 0.553012 0.0600962 0.060241
6 0.739183 0.463855 0.0697115 0.0795181
6 0.802885 0.357831 0.0528846 0.0698795
6 0.367788 0.591566 0.0432692 0.0506024
6 0.355769 0.638554 0.0432692 0.0578313
6 0.191106 0.513253 0.0552885 0.0626506
8 0.197115 0.580723 0.0817308 0.0915663
9 0.498798 0.657831 0.0985577 0.139759
9 0.768029 0.572289 0.0841346 0.156627
9 0.832933 0.445783 0.0745192 0.183133
9 0.300481 0.659036 0.0673077 0.103614
11 0.483173 0.679518 0.0769231 0.178313
