3 0.137019 0.498798 0.0721154 0.0504808
3 0.527644 0.319712 0.0745192 0.0288462
9 0.53726 0.475962 0.223558 0.216346
3 0.707933 0.424279 0.0793269 0.0360577
3 0.875 0.429087 0.0576923 0.03125
5 0.332933 0.697115 0.0793269 0.0721154
5 0.272837 0.612981 0.0649038 0.0480769
6 0.911058 0.407452 0.139423 0.165865
9 0.0829327 0.679087 0.165865 0.257212
6 0.723558 0.405048 0.129808 0.151442
6 0.222356 0.513221 0.127404 0.15625
9 0.921875 0.670673 0.15625 0.399038
6 0.527644 0.302885 0.108173 0.139423
6 0.104567 0.465144 0.146635 0.165865
5 0.965144 0.84375 0.0552885 0.0432692
5 0.967548 0.90024 0.0552885 0.0408654
9 0.703125 0.603365 0.180288 0.254808
