9 0.698317 0.538554 0.103365 0.190361
3 0.0709135 0.43253 0.0552885 0.026506
7 0.0733173 0.422892 0.0841346 0.0987952
9 0.5625 0.625301 0.177885 0.262651
7 0.973558 0.379518 0.0625 0.161446
7 0.585337 0.431325 0.0889423 0.110843
7 0.680288 0.408434 0.0480769 0.0698795
6 0.277644 0.442169 0.0649038 0.0891566
6 0.432692 0.436145 0.0480769 0.0626506
6 0.903846 0.383133 0.0721154 0.0915663
9 0.828125 0.562651 0.15625 0.228916
6 0.480769 0.437349 0.0480769 0.0746988
9 0.364183 0.596386 0.146635 0.257831
6 0.359375 0.414458 0.0889423 0.101205
6 0.823317 0.389157 0.09375 0.122892
9 0.174279 0.616867 0.21875 0.33253
6 0.204327 0.384337 0.144231 0.161446
6 0.524038 0.422892 0.0384615 0.0698795
