0 0.919471 0.574519 0.0408654 0.0240385
0 0.230769 0.688702 0.0384615 0.0456731
0 0.146635 0.638221 0.0384615 0.0360577
5 0.16226 0.561298 0.0408654 0.0408654
5 0.865385 0.480769 0.0288462 0.0288462
5 0.932692 0.459135 0.0336538 0.0384615
6 0.11899 0.418269 0.0504808 0.0480769
6 0.0625 0.426683 0.0384615 0.0360577
6 0.258413 0.459135 0.0504808 0.0480769
6 0.867788 0.370192 0.0528846 0.0625
9 0.137019 0.475962 0.0625 0.0769231
9 0.0504808 0.463942 0.0480769 0.0480769
9 0.245192 0.508413 0.0769231 0.0793269
9 0.90024 0.429087 0.0456731 0.0793269
