6 0.328125 0.339759 0.0649038 0.0819277
6 0.841346 0.351807 0.0625 0.0722892
7 0.524038 0.348193 0.0528846 0.0746988
7 0.596154 0.344578 0.0576923 0.0819277
7 0.659856 0.344578 0.0841346 0.101205
5 0.195913 0.378313 0.0504808 0.0578313
5 0.383413 0.50241 0.0264423 0.0554217
5 0.463942 0.508434 0.0240385 0.0481928
5 0.569712 0.515663 0.0240385 0.0578313
5 0.602163 0.556626 0.0408654 0.0481928
5 0.664663 0.622892 0.0504808 0.0843373
9 0.326923 0.444578 0.115385 0.146988
9 0.519231 0.442169 0.0865385 0.122892
9 0.853365 0.450602 0.0865385 0.120482
0 0.471154 0.671084 0.0384615 0.0409639
0 0.539663 0.680723 0.0504808 0.0361446
0 0.539663 0.983133 0.0360577 0.0337349
0 0.469952 0.980723 0.0504808 0.0385542
0 0.882212 0.708434 0.0336538 0.053012
0 0.808894 0.687952 0.0600962 0.0457831
0 0.810096 0.975904 0.0625 0.0433735
0 0.877404 0.956627 0.0432692 0.0337349
0 0.379808 0.679518 0.0528846 0.053012
0 0.302885 0.672289 0.0480769 0.053012
0 0.300481 0.980723 0.0528846 0.0385542
0 0.383413 0.979518 0.0504808 0.0409639
0 0.605769 0.787952 0.0769231 0.0433735
0 0.609375 0.881928 0.0745192 0.0481928
11 0.512019 0.510843 0.0721154 0.250602
11 0.331731 0.492771 0.110577 0.26747
11 0.688702 0.628916 0.0841346 0.443374
11 0.84375 0.53494 0.0913462 0.303614
