0 0.262019 0.819277 0.0432692 0.0771084
0 0.489183 0.751807 0.0456731 0.053012
0 0.540865 0.720482 0.0480769 0.0337349
0 0.652644 0.675904 0.0360577 0.0409639
0 0.700721 0.655422 0.0408654 0.0433735
2 0.210337 0.236145 0.0841346 0.0385542
3 0.414663 0.318072 0.0649038 0.0385542
3 0.5 0.268675 0.0480769 0.0313253
4 0.264423 0.43012 0.0721154 0.0554217
4 0.463942 0.443374 0.0528846 0.0385542
4 0.635817 0.455422 0.0456731 0.0385542
4 0.667067 0.453012 0.0360577 0.053012
6 0.203125 0.218072 0.122596 0.142169
6 0.41226 0.308434 0.0889423 0.120482
6 0.49399 0.250602 0.0889423 0.115663
6 0.596154 0.287952 0.0625 0.0939759
9 0.236779 0.339759 0.204327 0.125301
9 0.430288 0.392771 0.139423 0.0819277
9 0.504808 0.366265 0.0961538 0.125301
9 0.600962 0.383133 0.0961538 0.0915663
11 0.25601 0.531325 0.209135 0.503614
11 0.432692 0.520482 0.163462 0.356627
11 0.611779 0.484337 0.122596 0.289157
