7 0.317308 0.414458 0.0673077 0.110843
7 0.36899 0.426506 0.0408654 0.0385542
7 0.44351 0.433735 0.0264423 0.0385542
7 0.478365 0.439759 0.0240385 0.0409639
7 0.539663 0.43012 0.0504808 0.0746988
7 0.606971 0.440964 0.0408654 0.0337349
7 0.722356 0.438554 0.0504808 0.0722892
7 0.96875 0.506024 0.0288462 0.0481928
2 0.723558 0.440964 0.0480769 0.0240964
3 0.542067 0.43012 0.0408654 0.026506
0 0.276442 0.807229 0.0480769 0.0433735
0 0.274038 0.833735 0.0480769 0.0337349
9 0.304087 0.514458 0.117788 0.166265
9 0.52524 0.53253 0.103365 0.178313
9 0.709135 0.542169 0.0961538 0.159036
9 0.884615 0.526506 0.0576923 0.0843373
9 0.606971 0.489157 0.0649038 0.0771084
11 0.52524 0.631325 0.108173 0.313253
11 0.715144 0.63012 0.112981 0.291566
11 0.872596 0.562651 0.0384615 0.13253
11 0.289663 0.593976 0.117788 0.315663
