2 0.477163 0.53253 0.0745192 0.0433735
2 0.941106 0.486747 0.0600962 0.0289157
5 0.582933 0.725301 0.0649038 0.0385542
5 0.704327 0.757831 0.0480769 0.0361446
5 0.713942 0.790361 0.0336538 0.0240964
5 0.789663 0.83494 0.0408654 0.0361446
7 0.117788 0.520482 0.144231 0.139759
7 0.270433 0.528916 0.09375 0.108434
7 0.394231 0.519277 0.0673077 0.0698795
7 0.473558 0.538554 0.0817308 0.103614
7 0.59375 0.53494 0.0576923 0.0771084
7 0.742788 0.519277 0.0865385 0.108434
7 0.850962 0.483133 0.125 0.151807
9 0.260817 0.678313 0.170673 0.190361
9 0.100962 0.704819 0.197115 0.2
9 0.448317 0.689157 0.175481 0.207229
9 0.585337 0.653012 0.127404 0.163855
9 0.734375 0.669879 0.132212 0.20241
9 0.897837 0.706024 0.175481 0.260241
