6 0.379808 0.416867 0.0288462 0.0337349
6 0.228365 0.415663 0.0288462 0.0361446
6 0.304087 0.420482 0.0264423 0.0361446
7 0.336538 0.418072 0.0336538 0.0457831
7 0.448317 0.421687 0.0360577 0.0481928
7 0.528846 0.426506 0.0240385 0.0385542
7 0.585337 0.442169 0.03125 0.0409639
0 0.348558 0.587952 0.0336538 0.0337349
0 0.324519 0.59759 0.0240385 0.0337349
0 0.445913 0.583133 0.0360577 0.0289157
0 0.519231 0.580723 0.0240385 0.0385542
0 0.536058 0.573494 0.0240385 0.0337349
0 0.586538 0.563855 0.0288462 0.0289157
0 0.567308 0.554217 0.0240385 0.0433735
0 0.248798 0.577108 0.0264423 0.0361446
9 0.329327 0.462651 0.0432692 0.0626506
9 0.225962 0.46988 0.0480769 0.0819277
9 0.447115 0.466265 0.0432692 0.0698795
9 0.519231 0.46988 0.0384615 0.0722892
9 0.578125 0.475904 0.0360577 0.0554217
9 0.382212 0.451807 0.0336538 0.060241
11 0.376202 0.490361 0.0360577 0.122892
11 0.326923 0.508434 0.0528846 0.139759
11 0.234375 0.493976 0.0504808 0.125301
11 0.447115 0.504819 0.0432692 0.122892
11 0.518029 0.479518 0.0408654 0.0771084
11 0.581731 0.493976 0.0336538 0.086747
