9 0.625 0.661446 0.206731 0.272289
2 0.852163 0.466265 0.0985577 0.026506
5 0.204327 0.844578 0.0865385 0.0795181
2 0.138221 0.422892 0.0649038 0.0216867
5 0.870192 0.783133 0.0480769 0.0578313
3 0.432692 0.504819 0.0721154 0.0313253
3 0.717548 0.454217 0.0841346 0.026506
5 0.834135 0.783133 0.0576923 0.0578313
2 0.623798 0.489157 0.0745192 0.0289157
3 0.223558 0.43494 0.0721154 0.026506
3 0.519231 0.46747 0.0625 0.0240964
3 0.347356 0.443374 0.0600962 0.0240964
5 0.206731 0.771084 0.0865385 0.0915663
6 0.522837 0.457831 0.0841346 0.115663
6 0.22476 0.433735 0.0985577 0.125301
6 0.433894 0.503614 0.0985577 0.125301
9 0.221154 0.621687 0.225962 0.255422
9 0.848558 0.662651 0.201923 0.260241
6 0.625 0.471084 0.0961538 0.13253
6 0.137019 0.418072 0.0913462 0.127711
6 0.350962 0.439759 0.0913462 0.113253
6 0.716346 0.454217 0.0865385 0.103614
6 0.850962 0.460241 0.100962 0.125301
9 0.429087 0.695181 0.175481 0.243373
5 0.832933 0.833735 0.0600962 0.0481928
5 0.873798 0.831325 0.0408654 0.0481928
