7 0.639423 0.337349 0.0576923 0.0722892
5 0.747596 0.56506 0.0336538 0.0409639
11 0.90625 0.585542 0.134615 0.313253
9 0.401442 0.479518 0.0769231 0.125301
11 0.403846 0.531325 0.0769231 0.228916
7 0.907452 0.373494 0.09375 0.0963855
7 0.27524 0.359036 0.0697115 0.0819277
6 0.510817 0.373494 0.0649038 0.0819277
11 0.497596 0.554217 0.134615 0.298795
5 0.939904 0.607229 0.0432692 0.053012
5 0.841346 0.577108 0.0288462 0.0409639
7 0.0697115 0.386747 0.0480769 0.0506024
11 0.645433 0.533735 0.117788 0.320482
9 0.498798 0.480723 0.141827 0.156627
9 0.644231 0.453012 0.120192 0.159036
7 0.765625 0.392771 0.0697115 0.0771084
9 0.257212 0.483133 0.115385 0.161446
11 0.0745192 0.515663 0.0913462 0.212048
11 0.768029 0.573494 0.112981 0.298795
9 0.765625 0.506024 0.117788 0.159036
9 0.0721154 0.460241 0.0865385 0.101205
11 0.258413 0.580723 0.117788 0.361446
7 0.403846 0.390361 0.0480769 0.0578313
7 0.179087 0.392771 0.0408654 0.053012
9 0.903846 0.506024 0.129808 0.168675
0 0.0661058 0.642169 0.03125 0.0313253
0 0.102163 0.637349 0.0264423 0.0313253
0 0.165865 0.651807 0.0432692 0.0313253
0 0.219952 0.790361 0.0408654 0.0626506
0 0.288462 0.762651 0.0769231 0.0506024
0 0.394231 0.671084 0.0576923 0.0409639
0 0.459135 0.714458 0.0336538 0.0746988
0 0.540865 0.715663 0.0528846 0.053012
0 0.602163 0.701205 0.0649038 0.0337349
0 0.66226 0.712048 0.0504808 0.0457831
0 0.734375 0.738554 0.0504808 0.0409639
0 0.786058 0.751807 0.0384615 0.0578313
0 0.736779 0.943374 0.0504808 0.0409639
0 0.788462 0.924096 0.0384615 0.0554217
0 0.659856 0.974699 0.0552885 0.0506024
0 0.600962 0.980723 0.0576923 0.0385542
0 0.540865 0.96988 0.0576923 0.0409639
0 0.456731 0.962651 0.0384615 0.0457831
0 0.222356 0.892771 0.0360577 0.0506024
0 0.288462 0.918072 0.0721154 0.0433735
5 0.140625 0.396386 0.0456731 0.0457831
5 0.308894 0.39759 0.03125 0.0626506
5 0.50601 0.528916 0.0408654 0.0361446
