1 0.637019 0.744578 0.0384615 0.0240964
1 0.675481 0.757831 0.0432692 0.026506
1 0.698317 0.691566 0.0360577 0.0240964
1 0.721154 0.737349 0.0432692 0.0289157
1 0.757212 0.759036 0.0336538 0.0240964
1 0.762019 0.773494 0.0528846 0.0289157
1 0.831731 0.737349 0.0432692 0.0240964
1 0.927885 0.737349 0.0432692 0.0240964
5 0.0528846 0.561446 0.0288462 0.0240964
5 0.126202 0.725301 0.03125 0.0289157
5 0.747596 0.66506 0.0288462 0.0289157
5 0.723558 0.598795 0.0288462 0.0361446
6 0.192308 0.566265 0.0576923 0.0578313
6 0.387019 0.542169 0.0288462 0.0385542
6 0.61899 0.546988 0.0360577 0.0433735
6 0.561298 0.562651 0.0264423 0.0313253
6 0.526442 0.544578 0.0336538 0.0289157
6 0.498798 0.542169 0.0264423 0.0385542
6 0.647837 0.538554 0.0360577 0.0457831
6 0.699519 0.53494 0.0240385 0.0385542
6 0.711538 0.533735 0.0288462 0.0313253
6 0.737981 0.53253 0.0288462 0.0433735
6 0.768029 0.538554 0.0360577 0.0506024
6 0.819712 0.539759 0.0336538 0.0433735
6 0.842548 0.545783 0.0264423 0.0361446
6 0.882212 0.542169 0.0432692 0.053012
6 0.921875 0.531325 0.0360577 0.0457831
7 0.0336538 0.546988 0.0432692 0.0481928
7 0.432692 0.542169 0.0240385 0.0240964
7 0.478365 0.543373 0.0240385 0.026506
7 0.576923 0.544578 0.0288462 0.0337349
9 0.0264423 0.615663 0.0528846 0.103614
9 0.194712 0.662651 0.0817308 0.139759
9 0.379808 0.585542 0.0384615 0.0578313
9 0.50601 0.583133 0.0600962 0.0771084
9 0.575721 0.598795 0.0552885 0.0795181
9 0.63101 0.59759 0.0504808 0.0771084
9 0.699519 0.589157 0.0432692 0.0843373
9 0.772837 0.604819 0.0600962 0.0771084
9 0.828125 0.586747 0.0360577 0.0746988
9 0.882212 0.609639 0.0576923 0.110843
9 0.939904 0.593976 0.0480769 0.0891566
9 0.990385 0.571084 0.0240385 0.0481928
11 0.0264423 0.671084 0.0528846 0.214458
11 0.1875 0.7 0.0817308 0.224096
11 0.382212 0.595181 0.0336538 0.0819277
11 0.508413 0.639759 0.0697115 0.175904
11 0.569712 0.63494 0.0576923 0.151807
11 0.640625 0.660241 0.0841346 0.187952
11 0.699519 0.63494 0.0528846 0.166265
11 0.774038 0.662651 0.0673077 0.183133
11 0.825721 0.625301 0.0456731 0.151807
11 0.872596 0.642169 0.0817308 0.175904
11 0.939904 0.637349 0.0625 0.175904
11 0.990385 0.595181 0.0240385 0.101205
