7 0.228365 0.29759 0.0865385 0.122892
7 0.822115 0.278313 0.0625 0.0843373
2 0.813702 0.285542 0.0456731 0.0313253
3 0.233173 0.309639 0.0625 0.0361446
3 0.627404 0.291566 0.0432692 0.0289157
5 0.179087 0.539759 0.0697115 0.0481928
5 0.689904 0.557831 0.0384615 0.0650602
5 0.8125 0.501205 0.0384615 0.053012
5 0.96875 0.507229 0.0625 0.0698795
5 0.579327 0.481928 0.0288462 0.0385542
9 0.221154 0.425301 0.120192 0.180723
9 0.853365 0.387952 0.0625 0.149398
9 0.765625 0.393976 0.0745192 0.171084
6 0.58774 0.280723 0.0408654 0.0891566
6 0.627404 0.280723 0.0673077 0.103614
9 0.688702 0.408434 0.09375 0.171084
9 0.614183 0.379518 0.0793269 0.118072
11 0.22476 0.509639 0.146635 0.359036
11 0.853365 0.471084 0.0673077 0.315663
11 0.766827 0.486747 0.0769231 0.361446
0 0.846154 0.685542 0.0432692 0.0409639
0 0.780048 0.720482 0.0360577 0.053012
