6 0.719952 0.544578 0.0504808 0.0578313
6 0.723558 0.348193 0.0384615 0.060241
6 0.871394 0.340964 0.0649038 0.0698795
6 0.97476 0.33494 0.0504808 0.0915663
6 0.401442 0.526506 0.0528846 0.0650602
6 0.296875 0.7 0.0985577 0.0891566
6 0.294471 0.962651 0.103365 0.0746988
6 0.301683 0.583133 0.0600962 0.0722892
7 0.211538 0.3 0.100962 0.103614
7 0.323317 0.354217 0.0600962 0.0771084
7 0.448317 0.336145 0.0504808 0.0795181
7 0.649038 0.353012 0.0769231 0.0698795
7 0.205529 0.0518072 0.112981 0.0843373
3 0.449519 0.339759 0.0432692 0.0289157
3 0.322115 0.351807 0.0576923 0.0289157
0 0.653846 0.786747 0.0673077 0.060241
0 0.623798 0.733735 0.03125 0.0506024
0 0.65024 0.887952 0.0889423 0.0409639
0 0.769231 0.966265 0.0817308 0.0289157
0 0.477163 0.669879 0.0745192 0.0433735
0 0.403846 0.685542 0.0384615 0.0457831
0 0.770433 0.703614 0.0745192 0.0385542
0 0.841346 0.722892 0.0432692 0.0433735
0 0.932692 0.803614 0.0913462 0.0313253
0 0.939904 0.862651 0.0913462 0.0433735
0 0.465144 0.992771 0.0697115 0.0240964
0 0.841346 0.936145 0.0432692 0.0554217
9 0.197115 0.490361 0.149038 0.272289
9 0.328125 0.454217 0.108173 0.127711
9 0.436298 0.437349 0.09375 0.127711
9 0.653846 0.479518 0.100962 0.163855
9 0.733173 0.431325 0.0769231 0.115663
9 0.865385 0.456627 0.110577 0.156627
9 0.966346 0.46506 0.0673077 0.173494
11 0.644231 0.574699 0.0769231 0.354217
11 0.852163 0.53494 0.122596 0.303614
11 0.430288 0.515663 0.0817308 0.260241
11 0.199519 0.633735 0.158654 0.559036
