0 0.479567 0.807229 0.0504808 0.0626506
0 0.53726 0.801205 0.0649038 0.0554217
3 0.114183 0.33494 0.0745192 0.0289157
3 0.420673 0.371084 0.0528846 0.0240964
3 0.347356 0.360241 0.0504808 0.0313253
3 0.534856 0.354217 0.0552885 0.0240964
5 0.271635 0.550602 0.0432692 0.0409639
5 0.643029 0.472289 0.0552885 0.0337349
5 0.665865 0.455422 0.0336538 0.0385542
6 0.0901442 0.328916 0.141827 0.161446
6 0.201923 0.33494 0.0865385 0.106024
6 0.342548 0.360241 0.0600962 0.0795181
6 0.41226 0.361446 0.0889423 0.115663
6 0.524038 0.342169 0.0625 0.101205
6 0.674279 0.331325 0.0600962 0.0650602
9 0.0829327 0.566265 0.165865 0.303614
9 0.223558 0.515663 0.125 0.221687
9 0.389423 0.540964 0.149038 0.257831
9 0.526442 0.506024 0.115385 0.20241
11 0.0697115 0.668675 0.139423 0.498795
11 0.215144 0.609639 0.141827 0.4
11 0.376202 0.628916 0.141827 0.409639
