3 0.97476 0.362651 0.0360577 0.0313253
4 0.31851 0.374699 0.0408654 0.0409639
4 0.55649 0.551807 0.0456731 0.0626506
4 0.979567 0.592771 0.0408654 0.0481928
6 0.263221 0.427711 0.0600962 0.0650602
6 0.592548 0.353012 0.0697115 0.0650602
6 0.977163 0.354217 0.0456731 0.086747
9 0.221154 0.487952 0.115385 0.118072
9 0.617788 0.445783 0.115385 0.13012
9 0.987981 0.485542 0.0240385 0.166265
11 0.213942 0.586747 0.182692 0.363855
11 0.625 0.572289 0.1875 0.387952
11 0.981971 0.559036 0.0360577 0.318072
