0 0.298077 0.813253 0.0673077 0.0506024
0 0.322115 0.616867 0.0240385 0.0240964
0 0.364183 0.609639 0.0264423 0.0337349
1 0.0793269 0.684337 0.0528846 0.0481928
1 0.122596 0.679518 0.0288462 0.0337349
1 0.158654 0.721687 0.0625 0.0554217
1 0.864183 0.803614 0.0793269 0.0409639
2 0.161058 0.368675 0.0576923 0.0240964
2 0.0805288 0.378313 0.0408654 0.0240964
2 0.263221 0.328916 0.0841346 0.0313253
2 0.885817 0.391566 0.0745192 0.0313253
2 0.324519 0.387952 0.0288462 0.0240964
5 0.0144231 0.539759 0.0240385 0.0385542
5 0.179087 0.572289 0.0456731 0.060241
5 0.340144 0.43494 0.0408654 0.0554217
5 0.561298 0.70241 0.0504808 0.0650602
5 0.913462 0.624096 0.0432692 0.0481928
5 0.370192 0.5 0.0288462 0.0361446
6 0.403846 0.366265 0.0384615 0.0385542
7 0.0757212 0.373494 0.0552885 0.0674699
7 0.15625 0.356627 0.0576923 0.0771084
7 0.246394 0.337349 0.0841346 0.110843
7 0.326923 0.383133 0.0432692 0.0433735
7 0.625 0.391566 0.120192 0.0987952
7 0.894231 0.389157 0.0817308 0.0843373
9 0.0757212 0.479518 0.112981 0.13494
9 0.236779 0.472289 0.141827 0.173494
9 0.61899 0.581928 0.137019 0.243373
9 0.890625 0.519277 0.09375 0.166265
11 0.241587 0.575904 0.137019 0.390361
11 0.0769231 0.519277 0.110577 0.224096
11 0.605769 0.66506 0.105769 0.409639
11 0.891827 0.612048 0.105769 0.346988
11 0.405048 0.477108 0.0504808 0.168675
9 0.403846 0.436145 0.0480769 0.0819277
