2 0.365385 0.439759 0.0625 0.026506
2 0.805288 0.426506 0.0288462 0.0240964
3 0.174279 0.383133 0.03125 0.0240964
3 0.59976 0.424096 0.0504808 0.0240964
5 0.0769231 0.701205 0.0576923 0.0674699
5 0.278846 0.56747 0.0480769 0.0457831
5 0.46875 0.645783 0.0384615 0.0433735
5 0.539663 0.63012 0.0360577 0.0409639
5 0.679087 0.63012 0.0264423 0.0361446
6 0.137019 0.371084 0.100962 0.120482
6 0.375 0.439759 0.0865385 0.0843373
6 0.609375 0.426506 0.0697115 0.0819277
6 0.829327 0.414458 0.105769 0.0963855
9 0.116587 0.526506 0.141827 0.161446
9 0.379808 0.549398 0.144231 0.125301
9 0.604567 0.542169 0.122596 0.13494
9 0.84976 0.559036 0.117788 0.168675
11 0.125 0.63253 0.153846 0.359036
11 0.391827 0.674699 0.149038 0.366265
11 0.598558 0.672289 0.129808 0.404819
11 0.848558 0.680723 0.129808 0.416867
