6 0.197115 0.427885 0.0817308 0.110577
6 0.460337 0.429087 0.0793269 0.117788
6 0.692308 0.445913 0.100962 0.122596
6 0.927885 0.49399 0.105769 0.122596
3 0.47476 0.435096 0.0504808 0.0240385
3 0.227163 0.4375 0.0600962 0.0384615
5 0.157452 0.682692 0.0456731 0.0480769
5 0.263221 0.685096 0.0360577 0.0432692
9 0.194712 0.53726 0.125 0.117788
9 0.439904 0.575721 0.153846 0.189904
9 0.683894 0.603365 0.127404 0.201923
9 0.935096 0.637019 0.129808 0.1875
11 0.433894 0.671875 0.108173 0.372596
11 0.674279 0.719952 0.103365 0.430288
11 0.923077 0.747596 0.0961538 0.408654
11 0.195913 0.620192 0.122596 0.278846
