1 0.557692 0.734375 0.0336538 0.0408654
2 0.814904 0.364183 0.0384615 0.03125
2 0.711538 0.361779 0.0432692 0.0264423
2 0.786058 0.348558 0.0384615 0.0240385
2 0.503606 0.382212 0.0504808 0.0240385
5 0.153846 0.389423 0.0528846 0.0865385
5 0.239183 0.496394 0.0504808 0.0600962
5 0.364183 0.417067 0.0408654 0.0649038
5 0.40024 0.498798 0.0552885 0.0552885
7 0.0817308 0.314904 0.163462 0.201923
7 0.216346 0.335337 0.0865385 0.112981
7 0.418269 0.390625 0.0721154 0.0649038
7 0.50601 0.387019 0.0552885 0.0625
7 0.615385 0.364183 0.0769231 0.0793269
3 0.245192 0.331731 0.0384615 0.0240385
3 0.409856 0.394231 0.03125 0.0240385
3 0.59375 0.372596 0.0336538 0.0288462
7 0.735577 0.353365 0.0913462 0.100962
7 0.852163 0.358173 0.127404 0.100962
9 0.078125 0.576923 0.170673 0.365385
9 0.213942 0.5 0.144231 0.245192
9 0.43149 0.491587 0.122596 0.141827
9 0.515625 0.469952 0.103365 0.112981
9 0.626202 0.475962 0.117788 0.149038
9 0.729567 0.498798 0.127404 0.180288
9 0.84375 0.530048 0.125 0.204327
11 0.0805288 0.576923 0.161058 0.355769
11 0.234375 0.566106 0.108173 0.372596
11 0.427885 0.594952 0.129808 0.329327
11 0.528846 0.569712 0.0673077 0.326923
11 0.626202 0.570913 0.108173 0.353365
11 0.736779 0.578125 0.127404 0.34375
11 0.842548 0.586538 0.127404 0.322115
