1 0.284856 0.826923 0.0552885 0.0288462
1 0.355769 0.825721 0.0336538 0.03125
1 0.421875 0.814904 0.0504808 0.0288462
1 0.516827 0.800481 0.0432692 0.0384615
1 0.561298 0.790865 0.0552885 0.0336538
1 0.615385 0.782452 0.0384615 0.0360577
1 0.658654 0.771635 0.0480769 0.0336538
1 0.689904 0.675481 0.0384615 0.0240385
1 0.795673 0.651442 0.0240385 0.0240385
1 0.84375 0.663462 0.0240385 0.0240385
1 0.867788 0.669471 0.0240385 0.0264423
1 0.957933 0.627404 0.03125 0.0240385
1 0.935096 0.629808 0.0288462 0.0240385
2 0.265625 0.480769 0.03125 0.0240385
3 0.373798 0.461538 0.03125 0.0240385
3 0.545673 0.471154 0.0288462 0.0240385
3 0.638221 0.495192 0.0264423 0.0240385
3 0.668269 0.487981 0.0240385 0.0240385
3 0.84375 0.475962 0.0240385 0.0240385
5 0.383413 0.608173 0.0456731 0.0336538
5 0.451923 0.463942 0.0432692 0.0625
5 0.659856 0.597356 0.0360577 0.03125
6 0.364183 0.46875 0.0600962 0.0625
6 0.538462 0.467548 0.0528846 0.0552885
6 0.628606 0.492788 0.0552885 0.0528846
6 0.667067 0.478365 0.0408654 0.0528846
6 0.790865 0.475962 0.0336538 0.0384615
6 0.847356 0.466346 0.0360577 0.0480769
7 0.254808 0.484375 0.0625 0.0649038
7 0.941106 0.480769 0.0360577 0.0336538
9 0.240385 0.59375 0.115385 0.163462
9 0.376202 0.573317 0.127404 0.15625
9 0.532452 0.572115 0.103365 0.153846
9 0.628606 0.581731 0.09375 0.125
9 0.680288 0.554087 0.0480769 0.117788
9 0.786058 0.53726 0.0721154 0.09375
9 0.853365 0.533654 0.0673077 0.0961538
9 0.942308 0.527644 0.0528846 0.0697115
9 0.992788 0.536058 0.0240385 0.0721154
11 0.239183 0.667067 0.117788 0.314904
11 0.378606 0.649038 0.132212 0.307692
11 0.536058 0.634615 0.105769 0.283654
11 0.63101 0.641827 0.0985577 0.25
11 0.677885 0.586538 0.0432692 0.182692
11 0.78726 0.5625 0.0793269 0.149038
11 0.850962 0.56851 0.0721154 0.165865
11 0.942308 0.557692 0.0528846 0.129808
11 0.987981 0.549279 0.0240385 0.0985577
