3 0.257212 0.320482 0.0769231 0.0433735
3 0.512019 0.310843 0.0961538 0.0481928
3 0.663462 0.316867 0.0673077 0.0457831
5 0.219952 0.549398 0.103365 0.0771084
5 0.46274 0.636145 0.0697115 0.0578313
5 0.558894 0.59759 0.0552885 0.0578313
5 0.69351 0.395181 0.0745192 0.106024
6 0.225962 0.319277 0.144231 0.166265
6 0.504808 0.308434 0.120192 0.154217
7 0.697115 0.307229 0.125 0.156627
8 0.194712 0.551807 0.201923 0.342169
8 0.483173 0.522892 0.182692 0.327711
8 0.710337 0.571084 0.175481 0.414458
11 0.169471 0.648193 0.175481 0.515663
11 0.459135 0.639759 0.173077 0.566265
11 0.689904 0.618072 0.168269 0.522892
