3 0.379808 0.627711 0.0240385 0.0361446
3 0.322115 0.642169 0.0240385 0.0409639
5 0.449519 0.589157 0.0336538 0.0650602
5 0.311298 0.795181 0.0264423 0.0481928
6 0.364183 0.627711 0.0697115 0.0891566
6 0.300481 0.639759 0.0528846 0.0891566
6 0.639423 0.262651 0.0288462 0.0481928
6 0.487981 0.372289 0.0240385 0.0457831
9 0.375 0.724096 0.0576923 0.127711
9 0.311298 0.719277 0.0504808 0.113253
9 0.617788 0.3 0.0384615 0.0506024
9 0.383413 0.407229 0.0408654 0.0626506
11 0.375 0.751807 0.0576923 0.212048
11 0.305288 0.779518 0.0576923 0.2
11 0.616587 0.326506 0.0456731 0.103614
11 0.385817 0.431325 0.0264423 0.0819277
