3 0.449519 0.459135 0.0432692 0.0432692
3 0.558894 0.475962 0.0600962 0.0336538
3 0.808894 0.455529 0.0697115 0.0552885
5 0.191106 0.848558 0.0649038 0.0673077
5 0.515625 0.734375 0.03125 0.0408654
5 0.5625 0.777644 0.0673077 0.0649038
5 0.820913 0.774038 0.0889423 0.0817308
7 0.307692 0.433894 0.0961538 0.122596
7 0.405048 0.438702 0.122596 0.146635
7 0.552885 0.463942 0.0913462 0.100962
7 0.847356 0.432692 0.137019 0.153846
9 0.21875 0.645433 0.149038 0.338942
9 0.350962 0.685096 0.235577 0.365385
9 0.575721 0.59976 0.21875 0.223558
9 0.905048 0.633413 0.189904 0.348558
11 0.217548 0.673077 0.141827 0.403846
11 0.362981 0.685096 0.230769 0.379808
11 0.579327 0.680288 0.225962 0.375
11 0.902644 0.664663 0.194712 0.415865
