6 0.498798 0.411058 0.0360577 0.0528846
0 0.252404 0.835337 0.0576923 0.0504808
7 0.5 0.411058 0.0384615 0.0528846
6 0.111779 0.396635 0.0456731 0.0528846
0 0.335337 0.652644 0.0504808 0.0408654
0 0.0540865 0.644231 0.0456731 0.0288462
0 0.703125 0.703125 0.0456731 0.0456731
0 0.433894 0.752404 0.0697115 0.0384615
9 0.512019 0.487981 0.0576923 0.120192
0 0.120192 0.635817 0.0384615 0.03125
11 0.241587 0.608173 0.122596 0.432692
9 0.344952 0.471154 0.0649038 0.0865385
5 0.453125 0.526442 0.03125 0.0384615
6 0.703125 0.420673 0.0456731 0.0528846
9 0.112981 0.471154 0.0721154 0.0961538
9 0.606971 0.486779 0.0745192 0.09375
7 0.441106 0.375 0.0552885 0.0769231
9 0.236779 0.489183 0.112981 0.199519
7 0.703125 0.420673 0.0456731 0.0528846
0 0.389423 0.772837 0.0625 0.0552885
11 0.427885 0.564904 0.100962 0.322115
6 0.604567 0.429087 0.0360577 0.0360577
7 0.25 0.346154 0.0913462 0.100962
11 0.706731 0.554087 0.100962 0.228365
9 0.709135 0.503606 0.100962 0.122596
9 0.424279 0.478365 0.0985577 0.144231
0 0.670673 0.685096 0.0288462 0.0288462
0 0.59976 0.640625 0.03125 0.0552885
0 0.390625 0.961538 0.0456731 0.0528846
0 0.251202 0.91226 0.0456731 0.0552885
0 0.439904 0.984375 0.0625 0.03125
0 0.507212 0.68149 0.0336538 0.0600962
7 0.346154 0.41226 0.0384615 0.0504808
11 0.510817 0.546875 0.0600962 0.21875
11 0.346154 0.53726 0.0721154 0.213942
11 0.104567 0.515625 0.0985577 0.194712
