0 0.171875 0.697115 0.0600962 0.0673077
0 0.295673 0.676683 0.0528846 0.0456731
3 0.692308 0.444712 0.0576923 0.0288462
5 0.317308 0.564904 0.0384615 0.0432692
5 0.336538 0.473558 0.0336538 0.0480769
5 0.489183 0.575721 0.0408654 0.0456731
5 0.652644 0.600962 0.03125 0.0384615
6 0.28125 0.375 0.0817308 0.105769
6 0.704327 0.425481 0.0913462 0.110577
9 0.257212 0.453125 0.125 0.146635
9 0.622596 0.508413 0.168269 0.137019
11 0.239183 0.524038 0.180288 0.302885
11 0.596154 0.528846 0.235577 0.153846
