3 0.444712 0.520433 0.0432692 0.0552885
4 0.282452 0.405048 0.117788 0.0697115
4 0.0540865 0.401442 0.108173 0.0865385
6 0.602163 0.489183 0.204327 0.185096
6 0.980769 0.490385 0.0384615 0.163462
6 0.271635 0.549279 0.211538 0.223558
6 0.0817308 0.546875 0.163462 0.223558
9 0.216346 0.759615 0.100962 0.480769
9 0.105769 0.754808 0.110577 0.490385
9 0.602163 0.670673 0.199519 0.269231
9 0.384615 0.640625 0.168269 0.132212
9 0.973558 0.663462 0.0528846 0.230769
10 0.103365 0.754808 0.110577 0.490385
10 0.219952 0.75601 0.122596 0.487981
10 0.579327 0.673077 0.240385 0.278846
10 0.97476 0.664663 0.0504808 0.228365
11 0.365385 0.644231 0.197115 0.163462
