5 0.305288 0.596386 0.0384615 0.0361446
5 0.319712 0.648193 0.0288462 0.053012
5 0.722356 0.683133 0.0408654 0.0554217
5 0.629808 0.63253 0.0432692 0.0409639
5 0.612981 0.60241 0.0384615 0.0337349
5 0.564904 0.562651 0.0288462 0.0361446
7 0.253606 0.516867 0.0600962 0.0795181
7 0.245192 0.56506 0.0576923 0.0843373
7 0.518029 0.481928 0.0360577 0.0481928
7 0.609375 0.490361 0.0456731 0.0554217
7 0.633413 0.53012 0.0552885 0.0626506
7 0.667067 0.421687 0.0456731 0.0626506
7 0.706731 0.538554 0.0528846 0.0795181
7 0.789663 0.596386 0.0649038 0.0891566
9 0.21274 0.666265 0.103365 0.166265
9 0.526442 0.524096 0.0673077 0.060241
9 0.59375 0.543373 0.0384615 0.0746988
9 0.645433 0.574699 0.0745192 0.060241
9 0.700721 0.472289 0.0697115 0.0915663
9 0.71274 0.608434 0.0985577 0.0987952
9 0.826923 0.698795 0.129808 0.159036
11 0.217548 0.678313 0.117788 0.190361
11 0.52524 0.525301 0.0697115 0.0626506
11 0.59375 0.543373 0.0576923 0.0891566
11 0.65024 0.575904 0.0841346 0.0771084
11 0.698317 0.479518 0.0697115 0.110843
11 0.730769 0.609639 0.0769231 0.110843
11 0.824519 0.695181 0.129808 0.166265
