0 0.655048 0.706024 0.103365 0.0626506
1 0.221154 0.750602 0.129808 0.060241
1 0.734375 0.728916 0.0793269 0.0409639
3 0.366587 0.401205 0.0552885 0.026506
3 0.745192 0.395181 0.0480769 0.0385542
5 0.302885 0.53253 0.0432692 0.0578313
5 0.0829327 0.462651 0.03125 0.0240964
5 0.362981 0.440964 0.0384615 0.0385542
5 0.745192 0.542169 0.0625 0.0674699
5 0.713942 0.503614 0.0480769 0.0289157
5 0.682692 0.498795 0.0240385 0.0337349
5 0.694712 0.396386 0.0240385 0.0313253
6 0.242788 0.480723 0.115385 0.13253
6 0.769231 0.360241 0.139423 0.161446
6 0.362981 0.396386 0.0673077 0.0795181
6 0.0901442 0.426506 0.0456731 0.053012
9 0.121394 0.601205 0.185096 0.214458
9 0.846154 0.546988 0.144231 0.245783
