0 0.30649 0.652644 0.0360577 0.0456731
9 0.0144231 0.442308 0.0288462 0.182692
0 0.341346 0.694712 0.0336538 0.0432692
3 0.778846 0.296875 0.0384615 0.0168269
11 0.305288 0.483173 0.100962 0.264423
3 0.0997596 0.324519 0.0456731 0.0192308
11 0.55649 0.50601 0.132212 0.324519
0 0.639423 0.604567 0.0384615 0.0408654
6 0.0612981 0.344952 0.03125 0.0408654
7 0.657452 0.328125 0.0552885 0.0600962
3 0.420673 0.265625 0.0673077 0.0264423
3 0.0997596 0.322115 0.0456731 0.0240385
3 0.563702 0.308894 0.0456731 0.0216346
7 0.418269 0.266827 0.0673077 0.0913462
9 0.305288 0.435096 0.100962 0.168269
11 0.424279 0.522837 0.15625 0.420673
11 0.66226 0.461538 0.0889423 0.230769
0 0.484375 0.706731 0.03125 0.0432692
0 0.15625 0.699519 0.0721154 0.0480769
3 0.911058 0.274038 0.0480769 0.0192308
0 0.233173 0.65625 0.0480769 0.0528846
11 0.423077 0.521635 0.158654 0.418269
7 0.320913 0.323317 0.0504808 0.0697115
6 0.283654 0.324519 0.0336538 0.0480769
5 0.149038 0.439904 0.0384615 0.0432692
9 0.169471 0.409856 0.137019 0.180288
10 0.0817308 0.472356 0.0865385 0.257212
5 0.858173 0.501202 0.0480769 0.0552885
0 0.800481 0.742788 0.0673077 0.0528846
0 0.710337 0.701923 0.0408654 0.0480769
7 0.911058 0.274038 0.0528846 0.0721154
0 0.0576923 0.628606 0.0528846 0.0408654
0 0.379808 0.782452 0.0576923 0.0649038
0 0.580529 0.709135 0.0408654 0.0480769
9 0.658654 0.411058 0.0817308 0.129808
0 0.966346 0.706731 0.0673077 0.0480769
0 0.897837 0.69351 0.0600962 0.0504808
0 0.526442 0.723558 0.0384615 0.0480769
11 0.557692 0.507212 0.134615 0.326923
0 0.455529 0.77524 0.0552885 0.0552885
7 0.766827 0.294471 0.0721154 0.0793269
9 0.907452 0.396635 0.127404 0.163462
11 0.915865 0.495192 0.134615 0.360577
9 0.557692 0.433894 0.134615 0.185096
9 0.425481 0.423077 0.158654 0.211538
7 0.560096 0.304087 0.0576923 0.0793269
6 0.169471 0.293269 0.0552885 0.0769231
6 0.100962 0.319712 0.0480769 0.0625
5 0.413462 0.491587 0.0576923 0.0552885
11 0.169471 0.490385 0.132212 0.331731
11 0.764423 0.518029 0.144231 0.362981
9 0.762019 0.415865 0.139423 0.158654
3 0.167067 0.305288 0.0408654 0.0240385
3 0.319712 0.326923 0.0384615 0.0144231
3 0.664663 0.330529 0.03125 0.0168269
7 0.956731 0.304087 0.0384615 0.0456731
11 0.887019 0.763221 0.00480769 0.00240385
9 0.0877404 0.421875 0.0745192 0.137019
