0 0.106971 0.73494 0.0649038 0.0385542
0 0.123798 0.707229 0.0504808 0.0313253
0 0.219952 0.659036 0.0408654 0.0361446
0 0.260817 0.649398 0.0504808 0.0361446
0 0.308894 0.645783 0.0264423 0.0337349
0 0.366587 0.645783 0.03125 0.0240964
0 0.427885 0.606024 0.0288462 0.026506
0 0.472356 0.607229 0.0264423 0.0240964
0 0.514423 0.606024 0.0240385 0.026506
0 0.558894 0.609639 0.0360577 0.0240964
0 0.695913 0.571084 0.03125 0.0240964
3 0.0889423 0.373494 0.0384615 0.0240964
3 0.112981 0.414458 0.0240385 0.0240964
3 0.326923 0.395181 0.0240385 0.0240964
3 0.352163 0.4 0.0264423 0.0240964
3 0.435096 0.390361 0.0288462 0.0240964
3 0.52524 0.39759 0.0264423 0.0240964
5 0.432692 0.46506 0.0336538 0.0240964
5 0.31851 0.384337 0.03125 0.026506
7 0.0793269 0.380723 0.0625 0.0674699
7 0.234375 0.378313 0.0552885 0.053012
7 0.435096 0.387952 0.0384615 0.0337349
7 0.46875 0.39759 0.0384615 0.0337349
7 0.698317 0.410843 0.0408654 0.0361446
7 0.598558 0.410843 0.0336538 0.0361446
7 0.560096 0.413253 0.0384615 0.0361446
9 0.0817308 0.485542 0.110577 0.146988
9 0.229567 0.462651 0.0889423 0.110843
9 0.348558 0.463855 0.0865385 0.113253
9 0.438702 0.453012 0.0697115 0.0915663
9 0.561298 0.473494 0.0697115 0.0746988
9 0.692308 0.462651 0.0576923 0.0722892
11 0.0805288 0.540964 0.0985577 0.238554
11 0.234375 0.498795 0.0889423 0.178313
11 0.341346 0.498795 0.0817308 0.178313
11 0.689904 0.478313 0.0480769 0.103614
