4 0.646635 0.718072 0.120192 0.13012
2 0.0721154 0.26747 0.139423 0.0674699
8 0.0396635 0.680723 0.0793269 0.595181
4 0.558894 0.7 0.0985577 0.0891566
6 0.100962 0.271084 0.201923 0.248193
3 0.61899 0.392771 0.146635 0.0337349
3 0.836538 0.472289 0.149038 0.0337349
4 0.633413 0.619277 0.0985577 0.0915663
9 0.228365 0.559036 0.278846 0.438554
6 0.711538 0.290361 0.0961538 0.127711
6 0.43149 0.33253 0.175481 0.212048
8 0.560096 0.613253 0.269231 0.383133
6 0.234375 0.285542 0.09375 0.103614
6 0.84976 0.398795 0.242788 0.257831
6 0.61899 0.339759 0.151442 0.221687
3 0.453125 0.36988 0.0889423 0.0506024
