6 0.135817 0.0673077 0.112981 0.134615
6 0.399038 0.340144 0.0721154 0.09375
6 0.867788 0.36899 0.0913462 0.103365
6 0.569712 0.367788 0.0721154 0.0865385
6 0.134615 0.301683 0.0961538 0.132212
6 0.199519 0.302885 0.0721154 0.105769
6 0.310096 0.353365 0.0528846 0.0721154
6 0.399038 0.0384615 0.0721154 0.0721154
7 0.707933 0.370192 0.0552885 0.0721154
3 0.56851 0.372596 0.0504808 0.0288462
3 0.414663 0.341346 0.03125 0.0240385
3 0.30649 0.356971 0.0408654 0.0360577
0 0.408654 0.768029 0.0480769 0.0408654
0 0.323317 0.777644 0.0408654 0.0408654
0 0.290865 0.669471 0.0336538 0.03125
0 0.222356 0.772837 0.0552885 0.0264423
0 0.22476 0.866587 0.0600962 0.0408654
0 0.328125 0.861779 0.0504808 0.0408654
0 0.403846 0.864183 0.0432692 0.0408654
0 0.52524 0.751202 0.0360577 0.0360577
0 0.5625 0.789663 0.0384615 0.0360577
0 0.566106 0.847356 0.0360577 0.0360577
0 0.528846 0.884615 0.0480769 0.0336538
0 0.685096 0.674279 0.0384615 0.0360577
0 0.634615 0.667067 0.0384615 0.0264423
0 0.680288 0.957933 0.0336538 0.0360577
0 0.638221 0.972356 0.0408654 0.03125
0 0.763221 0.80649 0.03125 0.0360577
9 0.100962 0.444712 0.134615 0.201923
9 0.204327 0.44351 0.129808 0.175481
9 0.382212 0.454327 0.120192 0.153846
9 0.299279 0.436298 0.0745192 0.132212
9 0.563702 0.478365 0.122596 0.139423
9 0.705529 0.450721 0.108173 0.112981
9 0.862981 0.489183 0.163462 0.151442
11 0.563702 0.574519 0.122596 0.326923
11 0.377404 0.557692 0.0961538 0.355769
11 0.188702 0.551683 0.0793269 0.362981
11 0.0889423 0.558894 0.105769 0.444712
11 0.870192 0.603365 0.139423 0.350962
11 0.694712 0.514423 0.120192 0.245192
5 0.893029 0.643029 0.0456731 0.0649038
5 0.497596 0.561298 0.0240385 0.0456731
5 0.274038 0.566106 0.0336538 0.0552885
