2 0.15024 0.165865 0.0360577 0.00961538
6 0.153846 0.163462 0.0625 0.0673077
0 0.399038 0.501202 0.0576923 0.03125
0 0.0721154 0.498798 0.0576923 0.0408654
6 0.31851 0.159856 0.0552885 0.0697115
4 0.317308 0.145433 0.0480769 0.0264423
3 0.320913 0.167067 0.03125 0.0120192
3 0.152644 0.145433 0.0456731 0.0216346
9 0.322115 0.234375 0.0913462 0.0985577
9 0.147837 0.235577 0.0889423 0.0961538
11 0.324519 0.335337 0.120192 0.300481
11 0.129808 0.332933 0.0913462 0.266827
4 0.533654 0.31851 0.0432692 0.03125
4 0.510817 0.341346 0.0360577 0.0432692
6 0.548077 0.341346 0.0576923 0.0721154
9 0.551683 0.44351 0.09375 0.122596
0 0.554087 0.653846 0.03125 0.0336538
11 0.551683 0.507212 0.09375 0.264423
