9 0.426683 0.583133 0.0552885 0.101205
6 0.780048 0.0638554 0.137019 0.127711
3 0.888221 0.360241 0.0504808 0.0506024
4 0.534856 0.627711 0.0552885 0.0795181
5 0.413462 0.672289 0.0432692 0.0481928
7 0.933894 0.0807229 0.132212 0.161446
3 0.515625 0.445783 0.0841346 0.0337349
11 0.527644 0.66747 0.146635 0.371084
3 0.752404 0.363855 0.0673077 0.0433735
9 0.197115 0.398795 0.0625 0.0795181
6 0.407452 0.514458 0.0552885 0.060241
7 0.930288 0.356627 0.139423 0.216867
9 0.521635 0.584337 0.139423 0.195181
6 0.22476 0.348193 0.0456731 0.0554217
6 0.515625 0.43253 0.0889423 0.122892
6 0.778846 0.357831 0.129808 0.161446
9 0.888221 0.622892 0.223558 0.33012
6 0.21875 0.0590361 0.0528846 0.0554217
4 0.699519 0.653012 0.0865385 0.086747
4 0.542067 0.962651 0.0649038 0.0746988
