6 0.903846 0.327711 0.115385 0.139759
6 0.586538 0.361446 0.0384615 0.0481928
6 0.496394 0.343374 0.0360577 0.0506024
6 0.344952 0.377108 0.0456731 0.0698795
6 0.215144 0.396386 0.108173 0.122892
6 0.0456731 0.359036 0.0913462 0.178313
3 0.496394 0.356627 0.03125 0.0240964
3 0.586538 0.378313 0.0240385 0.0240964
4 0.320913 0.601205 0.0408654 0.0554217
4 0.274038 0.651807 0.0673077 0.0746988
4 0.920673 0.578313 0.0384615 0.0626506
0 0.542067 0.56747 0.0264423 0.0313253
0 0.585337 0.572289 0.03125 0.0361446
0 0.475962 0.573494 0.0384615 0.0289157
9 0.399038 0.443374 0.100962 0.0915663
9 0.492788 0.418072 0.0769231 0.113253
9 0.590144 0.426506 0.0841346 0.0915663
9 0.951923 0.468675 0.0961538 0.219277
9 0.0588942 0.578313 0.112981 0.274699
9 0.170673 0.518072 0.129808 0.226506
10 0.396635 0.506024 0.0961538 0.240964
10 0.502404 0.460241 0.0913462 0.20241
10 0.592548 0.462651 0.0793269 0.173494
10 0.164663 0.621687 0.151442 0.428916
