3 0.691106 0.255422 0.0408654 0.0289157
3 0.680288 0.336145 0.0432692 0.0361446
3 0.510817 0.309639 0.0600962 0.0457831
3 0.403846 0.293976 0.0721154 0.0626506
3 0.0769231 0.321687 0.0480769 0.026506
5 0.210337 0.254217 0.0649038 0.0698795
5 0.340144 0.343374 0.0408654 0.0795181
5 0.463942 0.666265 0.0528846 0.060241
6 0.0757212 0.326506 0.0456731 0.0698795
6 0.147837 0.338554 0.0649038 0.0891566
6 0.411058 0.301205 0.110577 0.125301
6 0.536058 0.319277 0.0961538 0.108434
6 0.670673 0.340964 0.0673077 0.0650602
6 0.736779 0.26506 0.127404 0.178313
6 0.889423 0.219277 0.163462 0.173494
1 0.0408654 0.721687 0.0528846 0.0506024
1 0.0997596 0.712048 0.0600962 0.0506024
9 0.0697115 0.448193 0.0817308 0.183133
9 0.177885 0.451807 0.115385 0.190361
9 0.346154 0.453012 0.168269 0.260241
9 0.508413 0.520482 0.189904 0.284337
9 0.641827 0.46747 0.0480769 0.183133
9 0.75 0.49759 0.168269 0.33012
9 0.878606 0.481928 0.165865 0.351807
11 0.0733173 0.524096 0.09375 0.339759
11 0.177885 0.550602 0.134615 0.40241
11 0.334135 0.561446 0.182692 0.443374
11 0.509615 0.591566 0.206731 0.407229
11 0.637019 0.577108 0.0673077 0.421687
11 0.728365 0.579518 0.192308 0.508434
11 0.891827 0.559036 0.163462 0.477108
