0 0.461538 0.826923 0.0865385 0.0384615
0 0.213942 0.850962 0.0913462 0.0480769
0 0.248798 0.790865 0.0552885 0.0336538
0 0.664663 0.78125 0.0552885 0.0384615
0 0.699519 0.820913 0.0528846 0.0504808
0 0.639423 0.736779 0.0336538 0.0504808
0 0.58774 0.713942 0.0456731 0.0336538
0 0.536058 0.673077 0.0336538 0.0336538
0 0.485577 0.671875 0.0240385 0.03125
7 0.207933 0.375 0.0841346 0.0961538
7 0.485577 0.391827 0.0384615 0.0576923
7 0.594952 0.370192 0.0504808 0.0769231
7 0.665865 0.395433 0.0673077 0.0841346
7 0.783654 0.394231 0.0961538 0.110577
7 0.44351 0.377404 0.0552885 0.0673077
5 0.271635 0.520433 0.0432692 0.0408654
5 0.467548 0.576923 0.0456731 0.0528846
5 0.746394 0.715144 0.0456731 0.0600962
9 0.207933 0.489183 0.122596 0.161058
9 0.424279 0.490385 0.0745192 0.139423
9 0.78726 0.580529 0.141827 0.257212
9 0.6875 0.495192 0.0625 0.134615
9 0.603365 0.451923 0.0721154 0.100962
9 0.495192 0.457933 0.0576923 0.0793269
11 0.207933 0.575721 0.127404 0.348558
11 0.424279 0.578125 0.0793269 0.319712
11 0.78726 0.688702 0.146635 0.483173
11 0.6875 0.604567 0.0673077 0.348558
11 0.602163 0.533654 0.0793269 0.264423
