11 0.0673077 0.561298 0.129808 0.483173
7 0.0264423 0.302885 0.0576923 0.0817308
9 0.914663 0.561298 0.170673 0.28125
0 0.465144 0.701923 0.0697115 0.0576923
0 0.158654 0.758413 0.0625 0.0360577
11 0.469952 0.504808 0.122596 0.307692
9 0.471154 0.454327 0.120192 0.201923
9 0.769231 0.632212 0.225962 0.360577
0 0.383413 0.752404 0.09375 0.0480769
0 0.30649 0.816106 0.0649038 0.0600962
9 0.325721 0.453125 0.185096 0.21875
5 0.870192 0.606971 0.0576923 0.0649038
6 0.478365 0.310096 0.0817308 0.0913462
6 0.344952 0.283654 0.09375 0.120192
11 0.325721 0.534856 0.180288 0.387019
6 0.626202 0.432692 0.122596 0.149038
6 0.872596 0.365385 0.125 0.129808
0 0.310096 0.93149 0.0480769 0.0697115
