6 0.348558 0.163855 0.144231 0.187952
6 0.700721 0.249398 0.161058 0.175904
6 0.953125 0.210843 0.09375 0.113253
6 0.539663 0.195181 0.103365 0.144578
6 0.429087 0.179518 0.0697115 0.142169
2 0.53726 0.19759 0.0793269 0.0481928
2 0.966346 0.218072 0.0480769 0.0313253
5 0.408654 0.295181 0.0625 0.0939759
5 0.891827 0.490361 0.0432692 0.060241
0 0.528846 0.854217 0.0865385 0.0795181
0 0.604567 0.83253 0.103365 0.0698795
0 0.86899 0.750602 0.0600962 0.0746988
0 0.938702 0.737349 0.09375 0.0674699
0 0.454327 0.875904 0.115385 0.0650602
9 0.301683 0.481928 0.204327 0.409639
9 0.544471 0.404819 0.132212 0.298795
9 0.698317 0.50241 0.15625 0.325301
9 0.917067 0.371084 0.132212 0.212048
9 0.436298 0.419277 0.09375 0.279518
11 0.293269 0.638554 0.153846 0.693976
11 0.704327 0.674699 0.125 0.631325
11 0.554087 0.550602 0.103365 0.518072
11 0.91226 0.485542 0.117788 0.436145
