6 0.502404 0.331325 0.0817308 0.127711
6 0.707933 0.321687 0.0889423 0.13253
6 0.925481 0.346988 0.0769231 0.0915663
6 0.856971 0.348193 0.0600962 0.0746988
6 0.144231 0.319277 0.0769231 0.108434
6 0.288462 0.314458 0.0961538 0.127711
6 0.347356 0.333735 0.0600962 0.0987952
6 0.604567 0.360241 0.0504808 0.0650602
6 0.411058 0.380723 0.0432692 0.0578313
3 0.697115 0.333735 0.0769231 0.0313253
3 0.495192 0.342169 0.0625 0.0385542
3 0.360577 0.345783 0.0288462 0.0506024
3 0.159856 0.33012 0.0600962 0.0240964
3 0.908654 0.355422 0.0576923 0.0313253
3 0.605769 0.36506 0.0288462 0.026506
5 0.492788 0.486747 0.0721154 0.0481928
0 0.872596 0.812048 0.0576923 0.0337349
0 0.876202 0.851807 0.0504808 0.0457831
0 0.645433 0.759036 0.0408654 0.0433735
0 0.415865 0.822892 0.0576923 0.0409639
0 0.643029 0.913253 0.0552885 0.0433735
9 0.263221 0.478313 0.161058 0.224096
9 0.11899 0.463855 0.141827 0.2
9 0.498798 0.508434 0.15625 0.240964
9 0.734375 0.516867 0.185096 0.262651
9 0.925481 0.498795 0.149038 0.207229
9 0.612981 0.459036 0.0673077 0.146988
9 0.379808 0.471084 0.0865385 0.190361
11 0.728365 0.651807 0.168269 0.542169
11 0.914663 0.593976 0.112981 0.387952
11 0.25601 0.589157 0.151442 0.440964
11 0.115385 0.572289 0.134615 0.412048
