9 0.0564904 0.509639 0.0649038 0.0843373
9 0.299279 0.498795 0.0504808 0.0915663
9 0.394231 0.507229 0.0817308 0.146988
9 0.5625 0.478313 0.0913462 0.103614
9 0.701923 0.457831 0.0961538 0.125301
5 0.105769 0.583133 0.0240385 0.0385542
5 0.0168269 0.584337 0.0240385 0.0506024
5 0.413462 0.560241 0.0432692 0.0554217
5 0.264423 0.538554 0.0240385 0.0313253
5 0.338942 0.548193 0.0240385 0.0361446
5 0.668269 0.419277 0.0336538 0.0433735
5 0.836538 0.414458 0.0576923 0.0289157
7 0.0564904 0.443374 0.0456731 0.0626506
7 0.300481 0.420482 0.0480769 0.060241
7 0.378606 0.383133 0.0649038 0.0819277
7 0.558894 0.380723 0.0600962 0.0674699
7 0.676683 0.363855 0.0649038 0.0674699
0 0.530048 0.746988 0.03125 0.0385542
0 0.605769 0.736145 0.0480769 0.0313253
0 0.689904 0.738554 0.0480769 0.026506
0 0.311298 0.674699 0.0264423 0.0240964
0 0.271635 0.668675 0.0432692 0.0361446
0 0.0336538 0.73253 0.0384615 0.0240964
0 0.0865385 0.733735 0.0288462 0.0361446
11 0.0588942 0.581928 0.0745192 0.233735
11 0.393029 0.598795 0.0841346 0.33012
11 0.301683 0.544578 0.0600962 0.192771
11 0.5625 0.548193 0.0961538 0.253012
11 0.704327 0.544578 0.105769 0.289157
0 0.417067 0.786747 0.0504808 0.0506024
0 0.362981 0.808434 0.0384615 0.0361446
