2 0.188702 0.391827 0.0793269 0.0384615
6 0.445913 0.397837 0.0745192 0.0841346
2 0.836538 0.355769 0.0721154 0.0432692
5 0.641827 0.597356 0.0288462 0.0504808
2 0.25 0.396635 0.0432692 0.0288462
11 0.264423 0.590144 0.110577 0.305288
0 0.75601 0.794471 0.03125 0.03125
3 0.585337 0.389423 0.0456731 0.0240385
6 0.25 0.397837 0.0480769 0.0745192
0 0.548077 0.788462 0.0528846 0.0384615
0 0.789663 0.813702 0.0649038 0.0408654
5 0.52524 0.592548 0.03125 0.0456731
0 0.497596 0.75 0.0432692 0.0480769
0 0.407452 0.828125 0.0408654 0.0408654
0 0.455529 0.801683 0.0649038 0.0360577
7 0.445913 0.397837 0.0793269 0.0889423
0 0.598558 0.788462 0.0384615 0.0336538
6 0.835337 0.359375 0.0793269 0.0985577
0 0.858173 0.829327 0.0432692 0.0432692
9 0.179087 0.546875 0.15625 0.189904
6 0.707933 0.402644 0.0600962 0.0793269
7 0.584135 0.385817 0.0576923 0.0841346
9 0.0709135 0.522837 0.112981 0.137019
9 0.722356 0.516827 0.127404 0.149038
11 0.722356 0.59976 0.122596 0.314904
5 0.155048 0.675481 0.0408654 0.0480769
9 0.858173 0.489183 0.120192 0.15625
7 0.0661058 0.420673 0.0697115 0.0721154
9 0.263221 0.501202 0.108173 0.122596
9 0.578125 0.492788 0.127404 0.139423
11 0.425481 0.604567 0.129808 0.324519
9 0.429087 0.515625 0.132212 0.141827
11 0.188702 0.723558 0.151442 0.548077
11 0.0721154 0.606971 0.115385 0.310096
6 0.1875 0.395433 0.0865385 0.0985577
11 0.580529 0.585337 0.132212 0.324519
11 0.856971 0.597356 0.127404 0.377404
