5 0.490385 0.674279 0.0336538 0.0504808
5 0.0961538 0.43149 0.0336538 0.0456731
5 0.271635 0.628606 0.0240385 0.03125
0 0.185096 0.786058 0.0480769 0.0480769
0 0.25 0.784856 0.0288462 0.0504808
0 0.189904 0.956731 0.0528846 0.0432692
0 0.25 0.957933 0.0336538 0.03125
0 0.370192 0.795673 0.0384615 0.0432692
0 0.390625 0.832933 0.0552885 0.0360577
0 0.389423 0.918269 0.0480769 0.0480769
0 0.367788 0.951923 0.0384615 0.0480769
0 0.739183 0.820913 0.0504808 0.03125
0 0.741587 0.921875 0.0600962 0.0408654
7 0.231971 0.457933 0.0504808 0.0600962
7 0.385817 0.481971 0.0552885 0.0649038
7 0.447115 0.480769 0.0625 0.0673077
7 0.663462 0.46875 0.0961538 0.105769
7 0.78125 0.53125 0.0528846 0.0625
7 0.918269 0.524038 0.163462 0.173077
7 0.828125 0.501202 0.0408654 0.0745192
9 0.908654 0.80649 0.182692 0.377404
9 0.786058 0.639423 0.100962 0.177885
9 0.645433 0.647837 0.132212 0.247596
9 0.450721 0.61899 0.0985577 0.213942
9 0.379808 0.610577 0.0721154 0.177885
9 0.221154 0.558894 0.120192 0.161058
11 0.222356 0.605769 0.103365 0.245192
11 0.455529 0.675481 0.103365 0.326923
