5 0.108173 0.49759 0.0817308 0.0987952
3 0.313702 0.518072 0.0985577 0.0481928
5 0.598558 0.595181 0.105769 0.101205
4 0.598558 0.595181 0.105769 0.101205
9 0.896635 0.657831 0.274038 0.371084
6 0.438702 0.46506 0.108173 0.139759
9 0.445913 0.687952 0.209135 0.315663
9 0.646635 0.66747 0.216346 0.337349
5 0.424279 0.684337 0.0697115 0.0771084
6 0.603365 0.43012 0.115385 0.151807
9 0.276442 0.70241 0.120192 0.257831
6 0.865385 0.351807 0.25 0.236145
6 0.313702 0.516867 0.103365 0.122892
3 0.433894 0.474699 0.103365 0.0481928
3 0.600962 0.427711 0.105769 0.0409639
3 0.871394 0.338554 0.223558 0.0650602
