0 0.112981 0.798077 0.0576923 0.0528846
0 0.170673 0.789663 0.0480769 0.0504808
0 0.241587 0.794471 0.0552885 0.0504808
0 0.299279 0.796875 0.0408654 0.0504808
0 0.347356 0.713942 0.0456731 0.0384615
0 0.387019 0.717548 0.0288462 0.0360577
0 0.459135 0.722356 0.0336538 0.0408654
0 0.516827 0.759615 0.0432692 0.0480769
0 0.564904 0.769231 0.0384615 0.0480769
0 0.649038 0.814904 0.0528846 0.0576923
2 0.532452 0.466346 0.0408654 0.0288462
2 0.621394 0.442308 0.0456731 0.0240385
3 0.127404 0.479567 0.0384615 0.0264423
3 0.251202 0.502404 0.03125 0.0240385
3 0.346154 0.495192 0.0240385 0.0240385
3 0.450721 0.475962 0.03125 0.0240385
5 0.108173 0.629808 0.0480769 0.0384615
5 0.213942 0.641827 0.0336538 0.0432692
5 0.444712 0.578125 0.0240385 0.0408654
6 0.129808 0.478365 0.0721154 0.0721154
7 0.258413 0.497596 0.0697115 0.0721154
7 0.347356 0.49399 0.0600962 0.0552885
7 0.460337 0.473558 0.0649038 0.0673077
7 0.53726 0.465144 0.0649038 0.0552885
7 0.632212 0.441106 0.0625 0.0600962
7 0.733173 0.483173 0.0769231 0.0721154
9 0.126202 0.590144 0.0889423 0.146635
9 0.264423 0.605769 0.0865385 0.158654
9 0.359375 0.579327 0.0697115 0.125
9 0.459135 0.558894 0.0769231 0.127404
9 0.539663 0.576923 0.0889423 0.163462
9 0.640625 0.566106 0.0889423 0.175481
9 0.757212 0.616587 0.105769 0.194712
11 0.763221 0.692308 0.103365 0.326923
11 0.644231 0.616587 0.105769 0.271635
11 0.540865 0.59375 0.0817308 0.211538
11 0.463942 0.598558 0.0865385 0.168269
11 0.354567 0.591346 0.0793269 0.153846
11 0.266827 0.628606 0.100962 0.199519
11 0.127404 0.634615 0.105769 0.235577
