6 0.0961538 0.191106 0.0865385 0.0841346
6 0.09375 0.0600962 0.0865385 0.0865385
6 0.239183 0.316106 0.0649038 0.09375
6 0.814904 0.625 0.0673077 0.100962
6 0.955529 0.645433 0.0841346 0.103365
4 0.308894 0.21875 0.0552885 0.0961538
4 0.310096 0.0384615 0.0480769 0.0769231
9 0.247596 0.396635 0.0913462 0.192308
9 0.0913462 0.289663 0.110577 0.146635
9 0.831731 0.705529 0.144231 0.117788
0 0.326923 0.746394 0.0673077 0.0552885
11 0.828125 0.78125 0.117788 0.288462
11 0.225962 0.471154 0.125 0.322115
