6 0.015625 0.546988 0.03125 0.053012
6 0.0685096 0.550602 0.0408654 0.0457831
6 0.123798 0.6 0.0456731 0.0433735
6 0.15024 0.539759 0.0264423 0.0433735
6 0.169471 0.571084 0.03125 0.0433735
6 0.191106 0.527711 0.03125 0.0385542
6 0.235577 0.546988 0.0288462 0.0385542
6 0.21274 0.542169 0.0264423 0.0433735
6 0.36899 0.56988 0.0408654 0.0457831
6 0.461538 0.528916 0.0432692 0.060241
6 0.526442 0.520482 0.0336538 0.0481928
6 0.5625 0.525301 0.0384615 0.053012
6 0.691106 0.508434 0.0456731 0.0433735
6 0.77524 0.486747 0.0408654 0.0433735
6 0.8125 0.612048 0.0384615 0.0481928
6 0.88101 0.46988 0.03125 0.0385542
7 0.407452 0.571084 0.03125 0.0337349
7 0.628606 0.509639 0.0408654 0.0506024
5 0.614183 0.63012 0.0408654 0.0409639
9 0.469952 0.607229 0.0745192 0.101205
9 0.564904 0.593976 0.0576923 0.0746988
9 0.627404 0.580723 0.0625 0.0771084
9 0.688702 0.578313 0.0456731 0.0771084
9 0.774038 0.539759 0.0384615 0.086747
9 0.888221 0.531325 0.0504808 0.0698795
9 0.116587 0.661446 0.0408654 0.0843373
9 0.225962 0.59759 0.0384615 0.0771084
9 0.157452 0.619277 0.0264423 0.0578313
9 0.399038 0.625301 0.0336538 0.0698795
9 0.362981 0.626506 0.0384615 0.0771084
0 0.146635 0.812048 0.0480769 0.0289157
0 0.141827 0.857831 0.0528846 0.0289157
11 0.469952 0.654217 0.0793269 0.185542
11 0.555288 0.66747 0.0673077 0.216867
11 0.620192 0.645783 0.0528846 0.221687
