0 0.362981 0.8125 0.0576923 0.100962
0 0.50601 0.705529 0.0504808 0.0745192
0 0.436298 0.680288 0.0697115 0.0480769
0 0.241587 0.777644 0.0841346 0.0649038
0 0.0432692 0.646635 0.0817308 0.0432692
0 0.103365 0.679087 0.0528846 0.0552885
0 0.189904 0.682692 0.0865385 0.0384615
0 0.932692 0.768029 0.0528846 0.0697115
3 0.175481 0.254808 0.0576923 0.0288462
3 0.25601 0.222356 0.0745192 0.0360577
3 0.465144 0.231971 0.0552885 0.03125
3 0.673077 0.235577 0.0769231 0.0288462
5 0.0673077 0.451923 0.0480769 0.0480769
5 0.195913 0.546875 0.0456731 0.0360577
5 0.358173 0.549279 0.0528846 0.0600962
5 0.680288 0.5 0.129808 0.0865385
5 0.897837 0.533654 0.141827 0.110577
6 0.0288462 0.204327 0.0576923 0.105769
6 0.179087 0.245192 0.0889423 0.115385
6 0.25601 0.206731 0.103365 0.139423
6 0.31851 0.21875 0.0456731 0.0673077
6 0.46274 0.225962 0.0697115 0.100962
6 0.674279 0.230769 0.09375 0.110577
6 0.848558 0.216346 0.211538 0.283654
9 0.0540865 0.348558 0.108173 0.168269
9 0.288462 0.40625 0.173077 0.230769
9 0.473558 0.358173 0.129808 0.177885
9 0.778846 0.497596 0.317308 0.399038
11 0.0673077 0.427885 0.129808 0.341346
11 0.293269 0.504808 0.1875 0.447115
11 0.466346 0.455529 0.129808 0.377404
11 0.768029 0.649038 0.319712 0.697115
