6 0.528846 0.176683 0.0576923 0.0745192
6 0.540865 0.33774 0.0528846 0.0793269
7 0.389423 0.372596 0.0625 0.0721154
7 0.496394 0.600962 0.0600962 0.0721154
7 0.651442 0.284856 0.0528846 0.0745192
7 0.65024 0.0504808 0.0504808 0.0721154
9 0.471154 0.217548 0.0913462 0.0889423
9 0.501202 0.310096 0.108173 0.110577
9 0.700721 0.305288 0.0841346 0.129808
9 0.695913 0.0504808 0.0697115 0.0913462
9 0.307692 0.411058 0.115385 0.129808
9 0.413462 0.635817 0.149038 0.112981
5 0.528846 0.621394 0.0288462 0.0360577
5 0.546875 0.6875 0.0456731 0.0384615
5 0.290865 0.522837 0.0336538 0.0408654
