6 0.442308 0.432692 0.110577 0.129808
6 0.401442 0.326923 0.0769231 0.0961538
6 0.3125 0.352163 0.100962 0.15625
6 0.179087 0.328125 0.141827 0.204327
6 0.885817 0.335337 0.185096 0.21875
6 0.608173 0.365385 0.139423 0.153846
6 0.540865 0.317308 0.0817308 0.120192
2 0.191106 0.367788 0.108173 0.0480769
3 0.449519 0.445913 0.0625 0.0456731
9 0.133413 0.536058 0.247596 0.317308
9 0.450721 0.576923 0.189904 0.177885
9 0.638221 0.539663 0.175481 0.242788
9 0.842548 0.539663 0.233173 0.276442
9 0.308894 0.489183 0.103365 0.15625
