0 0.555288 0.770433 0.0336538 0.0264423
7 0.313702 0.557692 0.0456731 0.0480769
0 0.456731 0.765625 0.0384615 0.0216346
0 0.359375 0.774038 0.0600962 0.0288462
7 0.555288 0.546875 0.0336538 0.0456731
5 0.597356 0.668269 0.0264423 0.0336538
11 0.56851 0.655048 0.0697115 0.180288
0 0.5 0.771635 0.0432692 0.0240385
7 0.138221 0.515625 0.0649038 0.0697115
7 0.644231 0.524038 0.0528846 0.0576923
11 0.467548 0.652644 0.0697115 0.180288
0 0.302885 0.790865 0.0480769 0.0288462
9 0.66226 0.604567 0.0745192 0.137019
11 0.305288 0.670673 0.0673077 0.192308
9 0.305288 0.61899 0.0673077 0.0889423
9 0.567308 0.612981 0.0625 0.0961538
9 0.46875 0.611779 0.0673077 0.0985577
11 0.132212 0.701923 0.105769 0.331731
11 0.66226 0.664663 0.0793269 0.257212
9 0.129808 0.611779 0.0961538 0.141827
0 0.633413 0.795673 0.0456731 0.0288462
0 0.674279 0.816106 0.0504808 0.0456731
7 0.461538 0.544471 0.0336538 0.0408654
5 0.296875 0.683894 0.0216346 0.0264423
