10 0.259615 0.679087 0.0913462 0.151442
0 0.540865 0.567308 0.0384615 0.0528846
11 0.260817 0.680288 0.09375 0.153846
9 0.830529 0.612981 0.0745192 0.110577
4 0.355769 0.59375 0.0240385 0.0288462
5 0.155048 0.668269 0.0264423 0.0384615
6 0.876202 0.567308 0.0456731 0.0576923
6 0.49399 0.429087 0.0456731 0.0456731
9 0.403846 0.545673 0.0721154 0.100962
9 0.258413 0.652644 0.0841346 0.0985577
9 0.538462 0.454327 0.0673077 0.0673077
6 0.223558 0.596154 0.0480769 0.0528846
6 0.361779 0.489183 0.0456731 0.0504808
6 0.176683 0.548077 0.0456731 0.0528846
4 0.865385 0.674279 0.0288462 0.0360577
