9 0.759615 0.421687 0.0480769 0.0722892
6 0.99399 0.401205 0.0120192 0.0554217
6 0.278846 0.343374 0.0384615 0.0554217
7 0.223558 0.349398 0.0480769 0.0578313
9 0.266827 0.414458 0.0721154 0.0963855
9 0.206731 0.422892 0.0625 0.108434
6 0.457933 0.343374 0.0456731 0.0843373
6 0.111779 0.33012 0.0697115 0.0915663
6 0.705529 0.371084 0.0456731 0.053012
5 0.508413 0.563855 0.0456731 0.0481928
6 0.758413 0.361446 0.0456731 0.053012
6 0.507212 0.346988 0.0576923 0.0915663
6 0.633413 0.339759 0.0649038 0.086747
11 0.63101 0.566265 0.117788 0.361446
9 0.497596 0.491566 0.125 0.183133
9 0.848558 0.456627 0.139423 0.175904
11 0.497596 0.577108 0.120192 0.349398
6 0.347356 0.336145 0.0600962 0.0843373
9 0.352163 0.455422 0.112981 0.144578
6 0.834135 0.320482 0.0721154 0.106024
9 0.110577 0.460241 0.144231 0.149398
11 0.355769 0.554217 0.110577 0.346988
11 0.848558 0.557831 0.134615 0.378313
11 0.109375 0.559036 0.141827 0.346988
9 0.628606 0.468675 0.117788 0.161446
5 0.0588942 0.575904 0.0360577 0.0578313
5 0.608173 0.489157 0.0336538 0.0626506
5 0.805288 0.53253 0.0384615 0.0674699
0 0.0697115 0.774699 0.0432692 0.0506024
0 0.145433 0.76506 0.0600962 0.0457831
0 0.192308 0.662651 0.0576923 0.0433735
0 0.274038 0.677108 0.0528846 0.0337349
0 0.323317 0.757831 0.0408654 0.0457831
0 0.378606 0.754217 0.0600962 0.053012
0 0.432692 0.793976 0.0288462 0.0554217
0 0.503606 0.790361 0.0697115 0.053012
0 0.507212 0.877108 0.0817308 0.0481928
0 0.436298 0.861446 0.0408654 0.0457831
0 0.319712 0.903614 0.0480769 0.053012
0 0.376202 0.907229 0.0600962 0.0457831
0 0.0721154 0.890361 0.0480769 0.0506024
0 0.149038 0.90241 0.0673077 0.0457831
