6 0.71875 0.307229 0.0913462 0.108434
6 0.514423 0.33253 0.0865385 0.0915663
6 0.418269 0.318072 0.0817308 0.0963855
6 0.359375 0.318072 0.0456731 0.0819277
6 0.268029 0.318072 0.0697115 0.101205
6 0.206731 0.313253 0.0576923 0.0819277
6 0.715144 0.0349398 0.0841346 0.0698795
6 0.271635 0.0325301 0.0721154 0.0650602
6 0.210337 0.0228916 0.0504808 0.0457831
5 0.0456731 0.33494 0.0384615 0.0722892
9 0.391827 0.46988 0.149038 0.183133
9 0.542067 0.46747 0.0841346 0.168675
9 0.735577 0.457831 0.0865385 0.168675
0 0.699519 0.766265 0.0817308 0.0481928
0 0.679087 0.714458 0.0649038 0.0361446
0 0.707933 0.896386 0.0841346 0.0674699
0 0.682692 0.945783 0.0576923 0.0409639
0 0.0757212 0.756626 0.09375 0.053012
0 0.0757212 0.907229 0.0985577 0.0554217
0 0.270433 0.96506 0.0793269 0.0409639
0 0.272837 0.704819 0.0841346 0.0361446
1 0.533654 0.760241 0.0721154 0.060241
1 0.513221 0.73253 0.0649038 0.0385542
1 0.534856 0.90241 0.0697115 0.0554217
1 0.507212 0.93494 0.0528846 0.0626506
11 0.384615 0.590361 0.115385 0.438554
11 0.53726 0.551807 0.0793269 0.342169
11 0.730769 0.560241 0.0721154 0.354217
11 0.251202 0.508434 0.09375 0.322892
