7 0.683894 0.078125 0.0697115 0.0985577
5 0.716346 0.465144 0.0480769 0.0745192
0 0.679087 0.728365 0.0600962 0.0432692
0 0.645433 0.628606 0.0504808 0.0456731
4 0.716346 0.466346 0.0480769 0.0721154
5 0.68149 0.686298 0.0600962 0.0697115
9 0.71274 0.384615 0.103365 0.201923
11 0.352163 0.585337 0.189904 0.430288
0 0.721154 0.757212 0.0625 0.0528846
4 0.251202 0.65625 0.0504808 0.0721154
6 0.871394 0.325721 0.122596 0.112981
9 0.352163 0.50601 0.194712 0.266827
7 0.683894 0.235577 0.0649038 0.0913462
7 0.3125 0.329327 0.105769 0.115385
9 0.824519 0.512019 0.216346 0.269231
