3 0.159856 0.372596 0.0552885 0.0192308
2 0.472356 0.408654 0.0649038 0.0288462
11 0.199519 0.646635 0.163462 0.432692
9 0.641827 0.536058 0.100962 0.125
5 0.0985577 0.625 0.0384615 0.0432692
9 0.200721 0.540865 0.165865 0.225962
11 0.644231 0.603365 0.105769 0.259615
5 0.307692 0.670673 0.0480769 0.0625
6 0.65625 0.449519 0.0576923 0.0576923
9 0.463942 0.579327 0.216346 0.230769
6 0.486779 0.399038 0.112981 0.129808
6 0.171875 0.36899 0.0841346 0.103365
11 0.455529 0.688702 0.223558 0.463942
3 0.65024 0.454327 0.0360577 0.0192308
0 0.616587 0.748798 0.0360577 0.0456731
0 0.25 0.786058 0.0432692 0.0865385
6 0.257212 0.389423 0.0336538 0.0432692
