0 0.413462 0.725962 0.0384615 0.0721154
0 0.495192 0.717548 0.0432692 0.0649038
0 0.581731 0.84976 0.0865385 0.0504808
0 0.210337 0.695913 0.0649038 0.0600962
0 0.241587 0.66226 0.0552885 0.0408654
2 0.644231 0.247596 0.0721154 0.0528846
3 0.0925481 0.30649 0.0408654 0.0504808
3 0.204327 0.189904 0.0721154 0.0336538
4 0.0925481 0.706731 0.0649038 0.0865385
5 0.176683 0.460337 0.0504808 0.0552885
5 0.403846 0.487981 0.0336538 0.0528846
5 0.545673 0.50601 0.0336538 0.0360577
6 0.0600962 0.27524 0.115385 0.151442
6 0.200721 0.183894 0.0889423 0.103365
6 0.508413 0.229567 0.0793269 0.122596
6 0.679087 0.213942 0.141827 0.192308
9 0.197115 0.317308 0.129808 0.192308
9 0.490385 0.384615 0.110577 0.230769
9 0.688702 0.463942 0.161058 0.322115
11 0.199519 0.426683 0.139423 0.411058
11 0.473558 0.463942 0.105769 0.394231
11 0.66226 0.566106 0.137019 0.483173
