7 0.149038 0.40241 0.0576923 0.0722892
7 0.22476 0.418072 0.0745192 0.0843373
7 0.425481 0.436145 0.0625 0.0819277
7 0.472356 0.398795 0.0504808 0.0843373
7 0.627404 0.446988 0.0625 0.0843373
7 0.715144 0.424096 0.0889423 0.106024
7 0.798077 0.43494 0.0673077 0.0939759
7 0.877404 0.43494 0.0240385 0.0313253
7 0.896635 0.436145 0.0240385 0.0240964
7 0.949519 0.442169 0.0240385 0.0361446
3 0.234375 0.414458 0.0408654 0.0289157
3 0.427885 0.437349 0.0432692 0.026506
3 0.790865 0.43494 0.0432692 0.0313253
5 0.28726 0.554217 0.03125 0.0385542
5 0.873798 0.708434 0.0360577 0.0385542
9 0.417067 0.561446 0.0985577 0.13012
9 0.211538 0.539759 0.105769 0.149398
9 0.628606 0.540964 0.0889423 0.108434
9 0.734375 0.577108 0.0985577 0.180723
11 0.418269 0.678313 0.105769 0.359036
11 0.213942 0.638554 0.110577 0.337349
11 0.626202 0.631325 0.09375 0.274699
