7 0.483173 0.228365 0.0288462 0.0336538
7 0.31851 0.25601 0.03125 0.0360577
7 0.598558 0.21274 0.0288462 0.0408654
7 0.548077 0.723558 0.0336538 0.0480769
6 0.639423 0.705529 0.0336538 0.0408654
6 0.772837 0.651442 0.0360577 0.0384615
6 0.728365 0.799279 0.0432692 0.0504808
6 0.727163 0.949519 0.0504808 0.0528846
6 0.432692 0.228365 0.0288462 0.0384615
6 0.376202 0.34375 0.03125 0.0432692
8 0.600962 0.248798 0.0528846 0.0600962
8 0.542067 0.778846 0.0552885 0.0865385
9 0.305288 0.311298 0.0288462 0.0745192
9 0.490385 0.272837 0.0384615 0.0552885
9 0.429087 0.276442 0.0360577 0.0625
9 0.623798 0.776442 0.0408654 0.100962
9 0.735577 0.701923 0.0625 0.0576923
9 0.737981 0.878606 0.0480769 0.0985577
10 0.310096 0.34375 0.0384615 0.139423
10 0.491587 0.295673 0.0408654 0.105769
10 0.603365 0.274038 0.0625 0.125
10 0.623798 0.819712 0.0456731 0.192308
11 0.430288 0.296875 0.0432692 0.117788
