9 0.205529 0.427711 0.132212 0.13253
6 0.21875 0.306024 0.0817308 0.101205
0 0.177885 0.718072 0.0528846 0.0481928
9 0.366587 0.428916 0.127404 0.178313
0 0.326923 0.678313 0.0480769 0.0457831
5 0.185096 0.401205 0.0480769 0.0409639
0 0.391827 0.726506 0.0625 0.0457831
5 0.28726 0.537349 0.0408654 0.0433735
0 0.235577 0.771084 0.0528846 0.0578313
5 0.41226 0.361446 0.0408654 0.053012
7 0.219952 0.307229 0.0793269 0.103614
6 0.378606 0.30241 0.0793269 0.0939759
11 0.205529 0.542169 0.137019 0.371084
11 0.367788 0.514458 0.125 0.349398
6 0.217548 0.0433735 0.0841346 0.0771084
6 0.375 0.0445783 0.0817308 0.0795181
0 0.389423 0.93012 0.0528846 0.0433735
0 0.239183 0.890361 0.0600962 0.0506024
0 0.179087 0.945783 0.0552885 0.0457831
0 0.329327 0.980723 0.0432692 0.0385542
