0 0.675481 0.684337 0.0384615 0.0289157
0 0.503606 0.655422 0.0264423 0.0192771
11 0.661058 0.581928 0.0576923 0.156627
0 0.711538 0.66506 0.0384615 0.0289157
9 0.508413 0.553012 0.0504808 0.0650602
0 0.477163 0.651807 0.0264423 0.0216867
0 0.759615 0.668675 0.0336538 0.026506
11 0.563702 0.608434 0.0745192 0.175904
11 0.747596 0.572289 0.0625 0.156627
9 0.564904 0.56988 0.0721154 0.0939759
6 0.776442 0.490361 0.0336538 0.0361446
6 0.752404 0.466265 0.0384615 0.0457831
9 0.747596 0.53253 0.0625 0.0771084
6 0.658654 0.487952 0.0384615 0.0361446
6 0.579327 0.503614 0.0480769 0.0481928
9 0.65625 0.542169 0.0576923 0.0722892
6 0.53125 0.489157 0.0384615 0.0433735
0 0.475962 0.907229 0.0240385 0.026506
0 0.507212 0.903614 0.0336538 0.0240964
