6 0.792067 0.3125 0.185096 0.192308
6 0.578125 0.292067 0.117788 0.137019
6 0.438702 0.330529 0.0793269 0.112981
6 0.375 0.346154 0.0625 0.0961538
6 0.21875 0.207933 0.163462 0.170673
3 0.436298 0.348558 0.0456731 0.0480769
5 0.652644 0.629808 0.0552885 0.0673077
5 0.40625 0.533654 0.0721154 0.0576923
5 0.907452 0.784856 0.0649038 0.103365
5 0.908654 0.950721 0.0625 0.0889423
5 0.0252404 0.754808 0.0504808 0.105769
9 0.137019 0.451923 0.206731 0.331731
9 0.602163 0.480769 0.170673 0.245192
9 0.834135 0.551683 0.206731 0.300481
9 0.489183 0.463942 0.108173 0.177885
11 0.794471 0.674279 0.204327 0.59375
11 0.144231 0.617788 0.221154 0.653846
