6 0.104567 0.421687 0.0745192 0.115663
6 0.253606 0.453012 0.0600962 0.101205
6 0.34976 0.442169 0.0504808 0.0987952
6 0.430288 0.445783 0.0480769 0.086747
6 0.484375 0.471084 0.0456731 0.0650602
6 0.53726 0.46506 0.0360577 0.0626506
6 0.576923 0.460241 0.0336538 0.0626506
6 0.820913 0.455422 0.0456731 0.0626506
6 0.862981 0.443374 0.0480769 0.0771084
9 0.242788 0.551807 0.0961538 0.13012
9 0.346154 0.537349 0.0576923 0.120482
9 0.420673 0.527711 0.0673077 0.106024
9 0.487981 0.536145 0.0384615 0.0746988
9 0.543269 0.53494 0.0480769 0.0915663
9 0.581731 0.526506 0.0240385 0.0650602
9 0.0877404 0.574699 0.137019 0.161446
9 0.81851 0.542169 0.0600962 0.0915663
9 0.873798 0.554217 0.0552885 0.149398
0 0.259615 0.789157 0.0673077 0.0409639
0 0.320913 0.771084 0.0504808 0.0385542
0 0.205529 0.816867 0.0456731 0.0385542
0 0.203125 0.839759 0.0552885 0.0313253
0 0.850962 0.784337 0.0673077 0.0409639
0 0.850962 0.884337 0.0673077 0.0433735
0 0.40024 0.731325 0.0552885 0.0361446
10 0.413462 0.596386 0.0528846 0.228916
10 0.478365 0.587952 0.0480769 0.183133
10 0.528846 0.583133 0.0432692 0.173494
10 0.86899 0.625301 0.0649038 0.277108
10 0.231971 0.63012 0.0841346 0.272289
10 0.334135 0.609639 0.0625 0.274699
10 0.0709135 0.680723 0.112981 0.39759
