7 0.341346 0.0288462 0.0721154 0.0625
0 0.348558 0.746394 0.0480769 0.0360577
7 0.078125 0.0396635 0.09375 0.0793269
5 0.277644 0.850962 0.0649038 0.0673077
7 0.512019 0.0288462 0.0721154 0.0576923
5 0.512019 0.679087 0.0480769 0.0552885
6 0.246394 0.0600962 0.108173 0.120192
5 0.274038 0.692308 0.0673077 0.0721154
9 0.371394 0.52524 0.0985577 0.137019
7 0.512019 0.447115 0.0865385 0.105769
9 0.507212 0.580529 0.139423 0.199519
9 0.0588942 0.530048 0.117788 0.165865
9 0.222356 0.567308 0.185096 0.225962
6 0.25 0.394231 0.105769 0.120192
5 0.510817 0.858173 0.0504808 0.0528846
7 0.34375 0.420673 0.0625 0.0432692
7 0.0745192 0.414663 0.0865385 0.0889423
0 0.395433 0.757212 0.0408654 0.0384615
0 0.350962 0.799279 0.0480769 0.0456731
5 0.122596 0.605769 0.0288462 0.0576923
5 0.120192 0.941106 0.0384615 0.0552885
