9 0.411058 0.633413 0.0432692 0.0793269
5 0.649038 0.701923 0.0288462 0.0384615
11 0.645433 0.686298 0.0456731 0.165865
4 0.705529 0.641827 0.0264423 0.0288462
11 0.409856 0.697115 0.0504808 0.206731
5 0.705529 0.641827 0.0264423 0.0288462
7 0.633413 0.59375 0.0456731 0.0432692
9 0.644231 0.638221 0.0432692 0.0600962
0 0.417067 0.810096 0.0504808 0.0192308
7 0.722356 0.572115 0.0456731 0.0528846
7 0.419471 0.581731 0.0360577 0.0480769
11 0.729567 0.699519 0.0600962 0.201923
7 0.564904 0.564904 0.0432692 0.0480769
9 0.722356 0.649038 0.0600962 0.105769
9 0.569712 0.647837 0.0721154 0.108173
11 0.569712 0.691106 0.0721154 0.204327
0 0.415865 0.846154 0.0576923 0.0288462
