4 0.673077 0.391827 0.0432692 0.0480769
0 0.862981 0.671875 0.0625 0.0552885
8 0.356971 0.471154 0.151442 0.144231
6 0.278846 0.28125 0.0336538 0.0384615
8 0.549279 0.353365 0.141827 0.1875
5 0.673077 0.391827 0.0432692 0.0480769
8 0.759615 0.544471 0.144231 0.161058
11 0.550481 0.426683 0.144231 0.338942
6 0.389423 0.378606 0.0625 0.0697115
6 0.777644 0.429087 0.0793269 0.0889423
6 0.515625 0.241587 0.0697115 0.0841346
8 0.228365 0.296875 0.0721154 0.0745192
8 0.228365 0.0408654 0.0673077 0.0721154
6 0.516827 0.0841346 0.0769231 0.0961538
