9 0.91226 0.60241 0.165865 0.231325
9 0.147837 0.461446 0.09375 0.060241
7 0.991587 0.354217 0.0168269 0.0578313
2 0.418269 0.373494 0.0576923 0.0240964
3 0.560096 0.373494 0.0576923 0.0144578
3 0.682692 0.36747 0.0576923 0.0216867
9 0.366587 0.636145 0.223558 0.303614
9 0.426683 0.433735 0.09375 0.0771084
7 0.0384615 0.401205 0.0769231 0.0698795
9 0.802885 0.440964 0.0913462 0.0578313
7 0.639423 0.463855 0.0961538 0.0987952
5 0.161058 0.453012 0.0480769 0.0337349
7 0.84976 0.356627 0.0456731 0.053012
7 0.683894 0.36988 0.0552885 0.0554217
7 0.340144 0.440964 0.09375 0.110843
7 0.0552885 0.481928 0.110577 0.144578
7 0.419471 0.371084 0.0600962 0.0674699
9 0.0841346 0.690361 0.168269 0.296386
7 0.823317 0.39759 0.0600962 0.0626506
7 0.96274 0.380723 0.0600962 0.0626506
7 0.276442 0.375904 0.0673077 0.0674699
7 0.560096 0.368675 0.0625 0.0674699
9 0.269231 0.438554 0.0961538 0.086747
7 0.146635 0.403614 0.0721154 0.0698795
9 0.545673 0.43012 0.100962 0.0746988
5 0.248798 0.457831 0.0456731 0.0289157
5 0.550481 0.456627 0.0336538 0.026506
2 0.96875 0.448193 0.0576923 0.0337349
3 0.159856 0.4 0.0408654 0.0289157
7 0.96875 0.453012 0.0625 0.0963855
