3 0.68149 0.520482 0.03125 0.0385542
3 0.41226 0.46506 0.0408654 0.0240964
3 0.560096 0.478313 0.0432692 0.026506
5 0.522837 0.610843 0.0552885 0.0506024
7 0.209135 0.479518 0.0769231 0.0771084
7 0.276442 0.510843 0.0817308 0.125301
7 0.414663 0.531325 0.0985577 0.0939759
7 0.41226 0.461446 0.0552885 0.0506024
7 0.519231 0.473494 0.0480769 0.0650602
7 0.569712 0.475904 0.0673077 0.0650602
7 0.698317 0.515663 0.0745192 0.0674699
7 0.91226 0.563855 0.112981 0.101205
7 0.736779 0.56988 0.132212 0.0795181
9 0.21274 0.609639 0.112981 0.154217
9 0.375 0.661446 0.139423 0.166265
9 0.78726 0.70241 0.213942 0.166265
