6 0.403846 0.438702 0.115385 0.137019
6 0.590144 0.432692 0.0697115 0.100962
6 0.552885 0.436298 0.0480769 0.0841346
6 0.747596 0.397837 0.100962 0.112981
6 0.873798 0.401442 0.122596 0.149038
6 0.950721 0.473558 0.0985577 0.192308
3 0.578125 0.442308 0.0552885 0.0288462
9 0.388221 0.657452 0.223558 0.295673
9 0.582933 0.560096 0.127404 0.153846
9 0.751202 0.560096 0.141827 0.211538
9 0.887019 0.576923 0.149038 0.192308
11 0.574519 0.680288 0.100962 0.389423
11 0.745192 0.699519 0.115385 0.442308
