0 0.561298 0.692771 0.0408654 0.026506
3 0.554087 0.496386 0.0264423 0.0240964
5 0.450721 0.578313 0.0264423 0.0240964
5 0.540865 0.545783 0.0240385 0.026506
6 0.341346 0.477108 0.0480769 0.0433735
9 0.740385 0.551807 0.0625 0.053012
9 0.575721 0.537349 0.0552885 0.0771084
9 0.444712 0.533735 0.0432692 0.0554217
9 0.344952 0.545783 0.0745192 0.0843373
9 0.231971 0.563855 0.0889423 0.0915663
9 0.169471 0.543373 0.0456731 0.0795181
9 0.0877404 0.568675 0.0552885 0.101205
11 0.569712 0.586747 0.0576923 0.171084
11 0.344952 0.593976 0.0745192 0.185542
10 0.229567 0.616867 0.0985577 0.20241
10 0.442308 0.572289 0.0480769 0.137349
