0 0.211538 0.581731 0.0384615 0.0288462
5 0.305288 0.566106 0.0240385 0.03125
9 0.231971 0.50601 0.0745192 0.0552885
9 0.387019 0.516827 0.0673077 0.0625
9 0.383413 0.579327 0.09375 0.0913462
6 0.360577 0.393029 0.0432692 0.0456731
6 0.336538 0.497596 0.0432692 0.0480769
9 0.887019 0.596154 0.0721154 0.0913462
9 0.390625 0.429087 0.0600962 0.0649038
6 0.887019 0.545673 0.0480769 0.0384615
6 0.282452 0.487981 0.0408654 0.0480769
6 0.777644 0.622596 0.0360577 0.0528846
0 0.347356 0.649038 0.0456731 0.0384615
4 0.745192 0.966346 0.0240385 0.0336538
4 0.747596 0.688702 0.0240385 0.0408654
4 0.80649 0.655048 0.03125 0.0408654
