6 0.429087 0.325301 0.0985577 0.13012
6 0.348558 0.260241 0.0721154 0.0915663
6 0.13101 0.257831 0.0649038 0.0722892
6 0.236779 0.342169 0.0985577 0.120482
6 0.979567 0.26506 0.0408654 0.149398
6 0.133413 0.0795181 0.0600962 0.0915663
6 0.332933 0.0542169 0.0985577 0.108434
5 0.903846 0.586747 0.0432692 0.0891566
4 0.375 0.428916 0.0432692 0.0578313
4 0.387019 0.477108 0.0480769 0.0578313
5 0.135817 0.380723 0.0408654 0.0385542
8 0.206731 0.509639 0.168269 0.185542
8 0.52524 0.448193 0.151442 0.178313
11 0.195913 0.590361 0.165865 0.337349
11 0.521635 0.56506 0.163462 0.426506
