9 0.388221 0.690361 0.122596 0.180723
9 0.164663 0.663855 0.0504808 0.060241
0 0.711538 0.736145 0.0528846 0.0554217
4 0.905048 0.659036 0.0649038 0.0554217
9 0.748798 0.549398 0.15625 0.163855
6 0.163462 0.618072 0.0384615 0.0506024
6 0.323317 0.590361 0.0697115 0.0819277
6 0.820913 0.460241 0.0793269 0.101205
6 0.245192 0.586747 0.0528846 0.0650602
0 0.713942 0.945783 0.0528846 0.0746988
7 0.189904 0.438554 0.0240385 0.0240964
9 0.1875 0.46747 0.0240385 0.0337349
9 0.425481 0.442169 0.0240385 0.0361446
9 0.403846 0.442169 0.0240385 0.0409639
9 0.258413 0.673494 0.0745192 0.113253
4 0.21875 0.63494 0.0240385 0.0457831
4 0.320913 0.755422 0.03125 0.0506024
4 0.324519 0.93494 0.0384615 0.053012
6 0.472356 0.727711 0.03125 0.0385542
6 0.471154 0.960241 0.0288462 0.0409639
9 0.472356 0.76506 0.0504808 0.060241
9 0.46875 0.909639 0.0480769 0.0457831
