5 0.81851 0.592771 0.0216346 0.0337349
9 0.225962 0.579518 0.125 0.113253
7 0.472356 0.506024 0.03125 0.0481928
0 0.274038 0.986747 0.0384615 0.026506
7 0.602163 0.498795 0.0552885 0.0819277
0 0.71274 0.668675 0.0264423 0.0216867
0 0.844952 0.695181 0.0360577 0.0168675
6 0.725962 0.509639 0.0240385 0.0313253
5 0.59976 0.624096 0.0360577 0.0433735
11 0.836538 0.593976 0.0625 0.171084
5 0.578125 0.604819 0.03125 0.0337349
3 0.211538 0.483133 0.0528846 0.0216867
0 0.480769 0.7 0.0432692 0.0361446
11 0.603365 0.672289 0.105769 0.284337
5 0.230769 0.592771 0.0432692 0.0385542
5 0.147837 0.656627 0.0216346 0.0361446
9 0.835337 0.557831 0.0600962 0.0987952
0 0.259615 0.798795 0.0336538 0.0409639
5 0.354567 0.618072 0.03125 0.0361446
5 0.408654 0.626506 0.0384615 0.0337349
7 0.21274 0.490361 0.0552885 0.0650602
9 0.399038 0.581928 0.105769 0.122892
11 0.223558 0.661446 0.115385 0.272289
9 0.604567 0.595181 0.103365 0.120482
7 0.408654 0.489157 0.0480769 0.0626506
9 0.481971 0.563855 0.0600962 0.0819277
5 0.507212 0.60241 0.0240385 0.0289157
6 0.840144 0.484337 0.0360577 0.0481928
9 0.729567 0.559036 0.0552885 0.0626506
9 0.670673 0.551807 0.0673077 0.0915663
7 0.658654 0.483133 0.0336538 0.0457831
