0 0.502404 0.76988 0.0384615 0.0409639
2 0.259615 0.453012 0.0625 0.0289157
7 0.536058 0.426506 0.0480769 0.0771084
5 0.730769 0.653012 0.0240385 0.0385542
2 0.615385 0.40241 0.0769231 0.0337349
6 0.536058 0.426506 0.0480769 0.0771084
5 0.217548 0.612048 0.03125 0.0385542
11 0.134615 0.616867 0.105769 0.322892
9 0.704327 0.562651 0.0913462 0.146988
0 0.358173 0.760241 0.0480769 0.0409639
5 0.326923 0.618072 0.0288462 0.0409639
0 0.419471 0.763855 0.0504808 0.0385542
9 0.909856 0.726506 0.21875 0.262651
11 0.269231 0.638554 0.144231 0.313253
6 0.706731 0.450602 0.0673077 0.086747
9 0.58774 0.559036 0.185096 0.187952
6 0.367788 0.438554 0.0528846 0.0674699
6 0.615385 0.40241 0.0865385 0.120482
9 0.0600962 0.604819 0.120192 0.173494
0 0.1875 0.791566 0.0625 0.0457831
9 0.269231 0.568675 0.158654 0.144578
9 0.379808 0.531325 0.105769 0.122892
11 0.382212 0.604819 0.100962 0.274699
6 0.110577 0.420482 0.0673077 0.0891566
9 0.13101 0.53012 0.103365 0.144578
6 0.258413 0.448193 0.0745192 0.0963855
6 0.0456731 0.454217 0.0913462 0.118072
6 0.909856 0.478313 0.180288 0.219277
0 0.188702 0.862651 0.0649038 0.0433735
0 0.361779 0.908434 0.0552885 0.0481928
0 0.419471 0.901205 0.0456731 0.0385542
0 0.508413 0.880723 0.0360577 0.0409639
