3 0.0817308 0.417067 0.0673077 0.03125
3 0.456731 0.367788 0.100962 0.0432692
3 0.765625 0.325721 0.0649038 0.0456731
3 0.932692 0.201923 0.134615 0.0480769
2 0.21274 0.413462 0.0841346 0.0384615
4 0.0336538 0.694712 0.0625 0.0576923
4 0.288462 0.674279 0.0336538 0.0552885
4 0.270433 0.53726 0.0985577 0.103365
4 0.300481 0.445913 0.0769231 0.0600962
4 0.484375 0.522837 0.0841346 0.132212
4 0.669471 0.667067 0.0745192 0.09375
4 0.864183 0.671875 0.0600962 0.0793269
6 0.0841346 0.414663 0.0865385 0.112981
6 0.204327 0.409856 0.0865385 0.108173
6 0.375 0.384615 0.0817308 0.105769
6 0.448317 0.36899 0.108173 0.122596
6 0.605769 0.397837 0.0865385 0.0889423
6 0.734375 0.330529 0.103365 0.127404
9 0.0793269 0.570913 0.144231 0.170673
9 0.215144 0.561298 0.151442 0.185096
9 0.459135 0.582933 0.192308 0.223558
9 0.759615 0.545673 0.192308 0.216346
9 0.612981 0.539663 0.120192 0.165865
9 0.951923 0.536058 0.0961538 0.379808
10 0.078125 0.69351 0.132212 0.420673
10 0.213942 0.68149 0.139423 0.444712
10 0.438702 0.691106 0.175481 0.463942
10 0.759615 0.671875 0.182692 0.478365
