0 0.576923 0.658654 0.0384615 0.0528846
0 0.637019 0.680288 0.0576923 0.0480769
0 0.697115 0.691106 0.0432692 0.0649038
0 0.100962 0.674279 0.0913462 0.0408654
0 0.268029 0.606971 0.0408654 0.0408654
0 0.397837 0.614183 0.0456731 0.03125
3 0.407452 0.393029 0.0456731 0.0264423
4 0.6875 0.542067 0.0528846 0.0456731
4 0.622596 0.560096 0.0576923 0.0528846
4 0.38101 0.519231 0.0697115 0.0576923
4 0.126202 0.61899 0.0456731 0.0552885
4 0.301683 0.542067 0.0408654 0.0456731
6 0.679087 0.34976 0.103365 0.117788
6 0.41226 0.370192 0.0697115 0.0913462
6 0.270433 0.441106 0.0793269 0.0745192
6 0.1875 0.46875 0.0721154 0.0769231
8 0.0745192 0.461538 0.149038 0.100962
8 0.703125 0.43149 0.132212 0.0889423
8 0.451923 0.453125 0.125 0.0985577
11 0.698317 0.513221 0.122596 0.247596
