5 0.13101 0.0253012 0.0360577 0.0506024
6 0.990385 0.396386 0.0192308 0.060241
7 0.0288462 0.0325301 0.0576923 0.0650602
7 0.990385 0.39759 0.0192308 0.053012
7 0.638221 0.0385542 0.0552885 0.0771084
7 0.947115 0.046988 0.0480769 0.0554217
0 0.913462 0.668675 0.0576923 0.0409639
7 0.27524 0.0481928 0.0745192 0.0963855
11 0.981971 0.521687 0.0360577 0.219277
5 0.748798 0.585542 0.03125 0.0481928
7 0.0288462 0.39759 0.0576923 0.0626506
5 0.215144 0.598795 0.0360577 0.0506024
5 0.830529 0.604819 0.0408654 0.053012
11 0.927885 0.521687 0.0673077 0.233735
5 0.574519 0.591566 0.0336538 0.0457831
9 0.413462 0.515663 0.120192 0.178313
7 0.948317 0.384337 0.0408654 0.0506024
7 0.174279 0.409639 0.0697115 0.0963855
9 0.980769 0.473494 0.0384615 0.113253
5 0.674279 0.413253 0.0264423 0.0506024
9 0.930288 0.466265 0.0625 0.122892
7 0.790865 0.372289 0.0673077 0.0843373
9 0.163462 0.540964 0.105769 0.180723
7 0.407452 0.386747 0.0600962 0.0698795
7 0.271635 0.387952 0.0721154 0.0819277
5 0.419471 0.572289 0.0504808 0.0457831
7 0.638221 0.389157 0.0552885 0.0746988
9 0.633413 0.503614 0.132212 0.154217
11 0.808894 0.592771 0.132212 0.375904
11 0.264423 0.580723 0.120192 0.318072
11 0.0480769 0.56506 0.0913462 0.286747
11 0.16226 0.596386 0.112981 0.306024
9 0.805288 0.481928 0.120192 0.144578
9 0.260817 0.50241 0.117788 0.151807
11 0.417067 0.585542 0.127404 0.322892
11 0.634615 0.592771 0.134615 0.342169
9 0.0492788 0.485542 0.09375 0.118072
5 0.418269 0.979518 0.0432692 0.0409639
5 0.221154 0.954217 0.0384615 0.0481928
5 0.75 0.974699 0.0336538 0.0506024
5 0.830529 0.954217 0.0360577 0.0578313
7 0.403846 0.0506024 0.0625 0.0722892
7 0.793269 0.0614458 0.0673077 0.0891566
7 0.180288 0.0349398 0.0625 0.0698795
7 0.125 0.403614 0.0336538 0.0650602
0 0.0420673 0.751807 0.0552885 0.0385542
0 0.0456731 0.804819 0.0528846 0.053012
0 0.925481 0.890361 0.0625 0.0457831
