5 0.384615 0.960241 0.110577 0.0698795
9 0.147837 0.586747 0.286058 0.339759
5 0.545673 0.920482 0.134615 0.106024
7 0.616587 0.415663 0.112981 0.142169
3 0.735577 0.359036 0.0961538 0.0433735
11 0.146635 0.627711 0.288462 0.421687
3 0.449519 0.387952 0.120192 0.0481928
5 0.585337 0.591566 0.0649038 0.0746988
2 0.203125 0.36747 0.141827 0.0409639
3 0.616587 0.415663 0.112981 0.0457831
5 0.38101 0.685542 0.117788 0.113253
5 0.548077 0.744578 0.120192 0.101205
9 0.832933 0.559036 0.334135 0.33253
7 0.448317 0.362651 0.132212 0.190361
7 0.770433 0.337349 0.175481 0.216867
7 0.203125 0.354217 0.141827 0.178313
9 0.421875 0.536145 0.271635 0.257831
