6 0.364183 0.324519 0.108173 0.120192
6 0.632212 0.274038 0.0913462 0.139423
6 0.633413 0.0673077 0.09375 0.129808
6 0.358173 0.0372596 0.0769231 0.0697115
5 0.292067 0.519231 0.03125 0.0961538
5 0.436298 0.545673 0.0264423 0.0721154
5 0.579327 0.555288 0.0240385 0.0817308
5 0.771635 0.491587 0.0432692 0.0841346
8 0.641827 0.447115 0.125 0.197115
8 0.364183 0.46274 0.117788 0.137019
0 0.603365 0.782452 0.0817308 0.0456731
0 0.612981 0.873798 0.0913462 0.0552885
0 0.350962 0.769231 0.0528846 0.0384615
0 0.419471 0.748798 0.0504808 0.0408654
0 0.415865 0.913462 0.0528846 0.0480769
0 0.346154 0.895433 0.0480769 0.0360577
11 0.63101 0.542067 0.103365 0.372596
11 0.36899 0.548077 0.108173 0.336538
