9 0.59375 0.330529 0.0625 0.132212
5 0.721154 0.510817 0.0384615 0.0456731
2 0.269231 0.308894 0.0817308 0.0360577
5 0.389423 0.466346 0.0384615 0.0384615
10 0.873798 0.579327 0.247596 0.552885
7 0.59375 0.233173 0.0480769 0.0625
9 0.366587 0.420673 0.137019 0.197115
9 0.206731 0.501202 0.278846 0.324519
9 0.873798 0.492788 0.252404 0.360577
6 0.854567 0.251202 0.204327 0.189904
7 0.359375 0.28726 0.0697115 0.112981
9 0.674279 0.358173 0.103365 0.163462
6 0.418269 0.223558 0.0576923 0.0769231
6 0.47476 0.217548 0.0408654 0.0552885
10 0.207933 0.582933 0.28125 0.483173
6 0.659856 0.239183 0.0745192 0.108173
6 0.241587 0.268029 0.151442 0.189904
5 0.322115 0.66226 0.0528846 0.0408654
5 0.637019 0.46274 0.0336538 0.0360577
5 0.634615 0.429087 0.0336538 0.0264423
5 0.753606 0.497596 0.03125 0.0336538
3 0.820913 0.269231 0.137019 0.0528846
7 0.53125 0.22476 0.0240385 0.03125
7 0.4375 0.314904 0.0625 0.0865385
0 0.503606 0.448317 0.0408654 0.0264423
10 0.475962 0.334135 0.0769231 0.177885
5 0.441106 0.532452 0.0360577 0.0408654
