3 0.929087 0.371394 0.0745192 0.0264423
5 0.0144231 0.456731 0.0288462 0.0576923
9 0.0324519 0.536058 0.0649038 0.230769
9 0.920673 0.703125 0.158654 0.588942
11 0.046875 0.53125 0.0889423 0.322115
9 0.4375 0.459135 0.0625 0.144231
11 0.507212 0.543269 0.158654 0.341346
7 0.663462 0.366587 0.0673077 0.0649038
0 0.0168269 0.731971 0.0336538 0.0456731
9 0.0576923 0.448317 0.115385 0.161058
11 0.417067 0.544471 0.09375 0.319712
9 0.322115 0.5 0.115385 0.201923
7 0.299279 0.375 0.0408654 0.0480769
0 0.0865385 0.717548 0.0576923 0.0408654
9 0.504808 0.479567 0.153846 0.199519
0 0.617788 0.795673 0.0721154 0.0336538
7 0.358173 0.383413 0.0625 0.0649038
11 0.325721 0.558894 0.132212 0.324519
0 0.432692 0.789663 0.0576923 0.0504808
0 0.336538 0.74399 0.0432692 0.0456731
0 0.524038 0.78726 0.0480769 0.0456731
9 0.600962 0.489183 0.0913462 0.199519
11 0.680288 0.610577 0.168269 0.432692
11 0.921875 0.704327 0.15625 0.586538
7 0.930288 0.378606 0.0817308 0.0793269
0 0.270433 0.74399 0.0600962 0.0408654
6 0.0492788 0.332933 0.0793269 0.0841346
6 0.427885 0.359375 0.0625 0.0697115
11 0.186298 0.617788 0.170673 0.432692
6 0.543269 0.348558 0.0721154 0.0865385
9 0.679087 0.508413 0.146635 0.213942
6 0.21274 0.370192 0.0793269 0.0865385
9 0.924279 0.514423 0.151442 0.201923
9 0.189904 0.516827 0.173077 0.225962
2 0.664663 0.365385 0.0697115 0.0288462
0 0.13101 0.807692 0.0552885 0.0528846
0 0.199519 0.808894 0.0721154 0.0504808
0 0.795673 0.768029 0.0432692 0.0456731
7 0.75 0.379808 0.0721154 0.0576923
