7 0.653846 0.504808 0.0576923 0.0528846
7 0.477163 0.515625 0.0504808 0.0552885
7 0.355769 0.508413 0.0576923 0.0649038
7 0.284856 0.510817 0.0408654 0.0504808
7 0.209135 0.49399 0.0432692 0.0408654
7 0.0637019 0.538462 0.0793269 0.0913462
7 0.823317 0.503606 0.0504808 0.0552885
7 0.915865 0.492788 0.0913462 0.105769
3 0.483173 0.524038 0.0336538 0.0240385
3 0.28125 0.509615 0.0240385 0.0240385
5 0.496394 0.639423 0.03125 0.0384615
5 0.436298 0.615385 0.03125 0.0336538
0 0.78726 0.842548 0.0649038 0.0697115
0 0.657452 0.808894 0.0552885 0.0456731
0 0.659856 0.965144 0.0552885 0.0360577
0 0.47476 0.795673 0.0360577 0.0480769
0 0.532452 0.804087 0.0264423 0.0456731
0 0.530048 0.957933 0.03125 0.0408654
0 0.466346 0.948317 0.0384615 0.0600962
0 0.163462 0.798077 0.0528846 0.0432692
0 0.235577 0.793269 0.0576923 0.0384615
0 0.240385 0.97476 0.0576923 0.0408654
0 0.159856 0.944712 0.0408654 0.0432692
9 0.0552885 0.700721 0.105769 0.247596
9 0.197115 0.592548 0.105769 0.15625
9 0.288462 0.584135 0.0721154 0.125
9 0.348558 0.622596 0.0817308 0.197115
9 0.484375 0.602163 0.0841346 0.117788
9 0.658654 0.588942 0.0961538 0.105769
9 0.919471 0.686298 0.170673 0.286058
11 0.66226 0.651442 0.0697115 0.230769
11 0.492788 0.645433 0.0625 0.21875
11 0.348558 0.677885 0.0769231 0.293269
11 0.194712 0.643029 0.100962 0.237981
