0 0.74399 0.63012 0.0504808 0.0506024
0 0.649038 0.642169 0.0576923 0.0506024
0 0.264423 0.693976 0.0769231 0.053012
5 0.40625 0.550602 0.0528846 0.0457831
5 0.227163 0.455422 0.0408654 0.0385542
5 0.788462 0.342169 0.0432692 0.0385542
0 0.364183 0.7 0.0504808 0.0650602
0 0.602163 0.644578 0.0552885 0.0457831
6 0.15024 0.415663 0.0697115 0.0795181
6 0.197115 0.395181 0.0528846 0.0674699
6 0.355769 0.420482 0.0576923 0.0843373
6 0.427885 0.387952 0.0528846 0.0771084
6 0.519231 0.392771 0.0576923 0.0578313
6 0.566106 0.359036 0.0600962 0.0674699
6 0.633413 0.337349 0.0600962 0.0722892
6 0.729567 0.333735 0.0697115 0.0795181
6 0.780048 0.321687 0.0649038 0.0795181
9 0.742788 0.437349 0.0961538 0.127711
9 0.594952 0.453012 0.0985577 0.120482
9 0.527644 0.466265 0.0793269 0.103614
9 0.433894 0.483133 0.09375 0.113253
9 0.152644 0.53494 0.112981 0.144578
9 0.355769 0.518072 0.0769231 0.115663
