7 0.227163 0.469952 0.0649038 0.09375
7 0.371394 0.445913 0.0649038 0.0985577
7 0.495192 0.435096 0.0769231 0.105769
7 0.663462 0.47476 0.0528846 0.0793269
7 0.716346 0.46274 0.0384615 0.0600962
7 0.754808 0.453125 0.0576923 0.0889423
3 0.495192 0.432692 0.0480769 0.0288462
5 0.125 0.700721 0.0432692 0.0841346
5 0.295673 0.706731 0.0336538 0.0769231
5 0.421875 0.686298 0.03125 0.0600962
5 0.573317 0.68149 0.0408654 0.0552885
5 0.704327 0.649038 0.0432692 0.0625
5 0.860577 0.673077 0.0336538 0.0576923
11 0.492788 0.671875 0.100962 0.372596
11 0.213942 0.686298 0.110577 0.334135
11 0.375 0.665865 0.120192 0.341346
11 0.776442 0.658654 0.120192 0.317308
11 0.657452 0.629808 0.0697115 0.274038
