8 0.100962 0.283654 0.201923 0.25
8 0.229567 0.296875 0.141827 0.189904
8 0.387019 0.341346 0.110577 0.149038
8 0.828125 0.262019 0.151442 0.1875
7 0.455529 0.299279 0.0841346 0.117788
2 0.802885 0.270433 0.100962 0.0408654
3 0.455529 0.28726 0.0600962 0.03125
3 0.394231 0.356971 0.0673077 0.03125
3 0.239183 0.323317 0.09375 0.0408654
3 0.129808 0.310096 0.0769231 0.0384615
5 0.420673 0.675481 0.110577 0.115385
5 0.420673 0.704327 0.105769 0.0625
9 0.110577 0.641827 0.216346 0.552885
9 0.219952 0.563702 0.165865 0.367788
9 0.367788 0.516827 0.144231 0.206731
9 0.481971 0.484375 0.146635 0.257212
9 0.854567 0.479567 0.252404 0.286058
11 0.105769 0.680288 0.206731 0.639423
11 0.203125 0.692308 0.15625 0.605769
11 0.362981 0.703125 0.139423 0.59375
11 0.471154 0.679087 0.163462 0.641827
11 0.852163 0.665865 0.295673 0.668269
