11 0.655048 0.612048 0.0600962 0.178313
11 0.814904 0.606024 0.0673077 0.161446
4 0.853365 0.625301 0.0240385 0.0361446
9 0.707933 0.56747 0.0504808 0.0939759
9 0.655048 0.572289 0.0649038 0.0987952
6 0.698317 0.5 0.03125 0.0506024
5 0.225962 0.618072 0.0673077 0.0650602
6 0.813702 0.510843 0.0504808 0.0626506
9 0.813702 0.562651 0.0697115 0.0746988
6 0.671875 0.516867 0.0360577 0.0506024
6 0.253606 0.421687 0.132212 0.125301
9 0.217548 0.612048 0.204327 0.26506
11 0.707933 0.613253 0.0504808 0.175904
0 0.782452 0.715663 0.0264423 0.0289157
0 0.829327 0.715663 0.0288462 0.0289157
0 0.832933 0.943374 0.0360577 0.0313253
0 0.78726 0.939759 0.0264423 0.0385542
