7 0.217548 0.418072 0.0408654 0.0457831
7 0.332933 0.410843 0.0408654 0.0554217
7 0.479567 0.387952 0.0408654 0.0626506
7 0.628606 0.412048 0.0456731 0.0722892
7 0.550481 0.401205 0.0384615 0.0457831
7 0.43149 0.412048 0.0264423 0.0385542
7 0.759615 0.413253 0.0432692 0.0650602
7 0.91226 0.43012 0.0408654 0.060241
7 0.858173 0.415663 0.0336538 0.0554217
7 0.799279 0.418072 0.0264423 0.0457831
7 0.716346 0.412048 0.0336538 0.0481928
3 0.334135 0.409639 0.0336538 0.0240964
3 0.913462 0.426506 0.0288462 0.0240964
2 0.480769 0.383133 0.0336538 0.0289157
2 0.625 0.407229 0.0384615 0.0289157
2 0.763221 0.408434 0.0456731 0.0313253
5 0.247596 0.531325 0.0240385 0.0313253
5 0.370192 0.551807 0.0288462 0.0337349
5 0.423077 0.538554 0.0240385 0.0361446
5 0.516827 0.53494 0.0240385 0.0433735
5 0.572115 0.528916 0.0240385 0.0409639
5 0.670673 0.553012 0.0240385 0.0457831
5 0.723558 0.525301 0.0240385 0.0385542
5 0.855769 0.561446 0.0240385 0.0433735
5 0.963942 0.551807 0.0240385 0.0385542
0 0.192308 0.638554 0.0336538 0.0337349
0 0.231971 0.63253 0.0264423 0.0361446
0 0.313702 0.692771 0.0408654 0.0313253
0 0.370192 0.679518 0.0240385 0.0337349
0 0.477163 0.696386 0.03125 0.0433735
0 0.450721 0.669879 0.0264423 0.0481928
0 0.617788 0.696386 0.0384615 0.0289157
0 0.670673 0.681928 0.0288462 0.0433735
0 0.770433 0.685542 0.03125 0.0361446
0 0.920673 0.678313 0.0288462 0.0457831
0 0.890625 0.669879 0.0264423 0.0337349
0 0.846154 0.628916 0.0336538 0.0240964
0 0.55649 0.609639 0.0264423 0.0289157
9 0.21875 0.480723 0.0480769 0.0650602
9 0.330529 0.487952 0.0600962 0.0843373
9 0.473558 0.466265 0.0625 0.0795181
9 0.625 0.483133 0.0721154 0.0795181
9 0.762019 0.487952 0.0576923 0.0795181
9 0.909856 0.496386 0.0600962 0.0674699
9 0.549279 0.453012 0.0456731 0.053012
9 0.850962 0.472289 0.0384615 0.053012
5 0.805288 0.540964 0.0240385 0.0361446
5 0.822115 0.520482 0.0240385 0.0289157
11 0.216346 0.528916 0.0480769 0.161446
11 0.335337 0.545783 0.0745192 0.204819
11 0.46875 0.537349 0.0721154 0.226506
11 0.627404 0.550602 0.0817308 0.209639
11 0.763221 0.540964 0.0649038 0.180723
11 0.913462 0.537349 0.0673077 0.159036
0 0.747596 0.680723 0.0240385 0.0313253
9 0.707933 0.479518 0.0408654 0.0771084
