3 0.860577 0.422892 0.0480769 0.0313253
5 0.848558 0.540964 0.0432692 0.0506024
5 0.237981 0.679518 0.0240385 0.0289157
5 0.295673 0.684337 0.0240385 0.0385542
5 0.528846 0.493976 0.0240385 0.0240964
6 0.0889423 0.562651 0.0480769 0.0457831
6 0.245192 0.595181 0.0384615 0.053012
6 0.344952 0.548193 0.0360577 0.060241
6 0.388221 0.478313 0.0456731 0.0650602
6 0.447115 0.507229 0.0432692 0.060241
6 0.549279 0.454217 0.03125 0.0506024
6 0.516827 0.559036 0.0432692 0.0433735
6 0.637019 0.437349 0.0432692 0.0746988
6 0.683894 0.443374 0.0360577 0.0626506
6 0.737981 0.437349 0.0480769 0.0746988
6 0.867788 0.422892 0.0721154 0.0939759
9 0.0913462 0.604819 0.0625 0.0674699
9 0.21875 0.607229 0.0240385 0.0481928
9 0.253606 0.644578 0.0745192 0.0506024
9 0.353365 0.592771 0.0432692 0.053012
9 0.401442 0.553012 0.0673077 0.0843373
9 0.459135 0.555422 0.0528846 0.0650602
9 0.519231 0.59759 0.0384615 0.0385542
9 0.576923 0.519277 0.0576923 0.0939759
9 0.644231 0.53012 0.0625 0.120482
9 0.742788 0.526506 0.0865385 0.118072
9 0.689904 0.518072 0.0336538 0.120482
9 0.907452 0.539759 0.132212 0.173494
10 0.0925481 0.619277 0.0793269 0.0963855
10 0.257212 0.666265 0.0817308 0.108434
10 0.348558 0.610843 0.0480769 0.0795181
10 0.402644 0.607229 0.0600962 0.20241
10 0.461538 0.606024 0.0480769 0.195181
10 0.512019 0.619277 0.0528846 0.110843
10 0.532452 0.525301 0.0264423 0.0963855
10 0.581731 0.59759 0.0576923 0.260241
10 0.645433 0.592771 0.0841346 0.250602
10 0.682692 0.584337 0.0576923 0.238554
10 0.736779 0.612048 0.0745192 0.293976
10 0.899038 0.651807 0.125 0.416867
