7 0.320913 0.401205 0.0408654 0.0457831
9 0.324519 0.471084 0.0576923 0.0987952
3 0.0913462 0.393976 0.0432692 0.0313253
6 0.320913 0.401205 0.0408654 0.0457831
0 0.58774 0.815663 0.0552885 0.0506024
6 0.278846 0.4 0.0384615 0.0481928
7 0.228365 0.401205 0.0480769 0.0698795
9 0.456731 0.481928 0.100962 0.125301
7 0.183894 0.408434 0.0504808 0.0650602
7 0.278846 0.4 0.0384615 0.0433735
0 0.120192 0.774699 0.0576923 0.0409639
11 0.457933 0.542169 0.0985577 0.245783
0 0.0793269 0.801205 0.0865385 0.0554217
7 0.0817308 0.381928 0.0673077 0.0891566
9 0.581731 0.49759 0.129808 0.146988
5 0.671875 0.404819 0.0504808 0.0578313
11 0.580529 0.592771 0.127404 0.342169
5 0.481971 0.578313 0.03125 0.0385542
9 0.0745192 0.531325 0.149038 0.219277
7 0.454327 0.392771 0.0480769 0.0626506
7 0.572115 0.389157 0.0625 0.0746988
11 0.0745192 0.591566 0.149038 0.339759
7 0.132212 0.396386 0.0432692 0.060241
0 0.0817308 0.877108 0.0769231 0.0481928
0 0.117788 0.907229 0.0432692 0.0409639
0 0.180288 0.733735 0.0480769 0.0361446
0 0.176683 0.943374 0.0408654 0.0313253
0 0.247596 0.657831 0.0432692 0.0289157
0 0.216346 0.706024 0.0384615 0.0337349
0 0.216346 0.972289 0.0384615 0.026506
0 0.43149 0.675904 0.03125 0.0361446
0 0.584135 0.862651 0.0625 0.0578313
9 0.182692 0.515663 0.0817308 0.154217
9 0.264423 0.491566 0.0721154 0.106024
