0 0.30649 0.55649 0.0456731 0.0504808
0 0.383413 0.536058 0.0408654 0.0384615
0 0.528846 0.509615 0.0288462 0.0384615
0 0.471154 0.540865 0.0384615 0.0432692
0 0.147837 0.509615 0.0264423 0.0336538
0 0.586538 0.504808 0.0384615 0.0288462
5 0.334135 0.444712 0.0336538 0.0288462
5 0.366587 0.388221 0.0264423 0.0264423
5 0.425481 0.451923 0.0288462 0.0384615
5 0.504808 0.429087 0.0336538 0.0408654
5 0.174279 0.465144 0.03125 0.0360577
5 0.146635 0.414663 0.0240385 0.03125
7 0.308894 0.36899 0.0456731 0.0456731
7 0.34375 0.364183 0.0384615 0.0552885
7 0.448317 0.348558 0.0360577 0.0528846
7 0.545673 0.358173 0.0240385 0.0432692
7 0.569712 0.354567 0.0336538 0.0360577
7 0.228365 0.370192 0.0336538 0.0336538
7 0.195913 0.371394 0.0360577 0.0408654
7 0.276442 0.362981 0.0336538 0.0336538
9 0.298077 0.415865 0.0528846 0.0769231
9 0.451923 0.394231 0.0576923 0.0576923
9 0.544471 0.402644 0.0456731 0.0745192
9 0.195913 0.417067 0.0600962 0.0600962
9 0.155048 0.405048 0.0504808 0.0600962
11 0.296875 0.455529 0.0697115 0.151442
11 0.456731 0.441106 0.0721154 0.137019
11 0.543269 0.427885 0.0673077 0.125
11 0.205529 0.441106 0.0697115 0.108173
