0 0.829327 0.586747 0.0384615 0.0216867
0 0.394231 0.607229 0.0480769 0.0289157
0 0.471154 0.596386 0.0240385 0.026506
9 0.75 0.421687 0.0673077 0.086747
0 0.78726 0.593976 0.0408654 0.026506
0 0.610577 0.595181 0.0336538 0.0289157
5 0.116587 0.0204819 0.117788 0.0409639
2 0.300481 0.33494 0.0576923 0.0192771
5 0.317308 0.466265 0.0288462 0.0361446
6 0.408654 0.337349 0.0480769 0.0578313
11 0.752404 0.474699 0.0625 0.20241
0 0.427885 0.60241 0.0432692 0.0289157
6 0.622596 0.348193 0.0480769 0.060241
9 0.819712 0.43494 0.0576923 0.0746988
0 0.375 0.648193 0.0673077 0.0337349
0 0.310096 0.669879 0.0576923 0.0385542
6 0.825721 0.375904 0.0456731 0.053012
11 0.397837 0.474699 0.0793269 0.231325
9 0.293269 0.421687 0.0865385 0.120482
6 0.489183 0.344578 0.0456731 0.053012
9 0.61899 0.418072 0.0745192 0.0891566
6 0.752404 0.350602 0.0480769 0.0554217
6 0.301683 0.328916 0.0600962 0.0746988
11 0.620192 0.475904 0.0769231 0.209639
11 0.492788 0.472289 0.0769231 0.207229
9 0.491587 0.418072 0.0745192 0.0939759
9 0.397837 0.409639 0.0793269 0.0963855
11 0.298077 0.503614 0.0961538 0.289157
0 0.520433 0.593976 0.0360577 0.026506
0 0.645433 0.592771 0.0360577 0.0240964
0 0.729567 0.590361 0.0264423 0.0289157
5 0.814904 0.485542 0.0144231 0.026506
