0 0.0588942 0.686747 0.0745192 0.101205
0 0.266827 0.609639 0.0769231 0.0578313
3 0.375 0.33494 0.0721154 0.0433735
3 0.84976 0.344578 0.0649038 0.0240964
6 0.38101 0.266265 0.132212 0.142169
6 0.860577 0.301205 0.115385 0.086747
4 0.338942 0.575904 0.0961538 0.0819277
4 0.429087 0.659036 0.0985577 0.0746988
5 0.807692 0.563855 0.0769231 0.0481928
9 0.284856 0.407229 0.28125 0.187952
9 0.926683 0.442169 0.165865 0.204819
10 0.231971 0.466265 0.377404 0.310843
10 0.918269 0.462651 0.163462 0.250602
