11 0.0432692 0.49399 0.0865385 0.233173
10 0.0420673 0.49399 0.0793269 0.233173
11 0.52524 0.598558 0.108173 0.293269
9 0.649038 0.586538 0.129808 0.216346
2 0.509615 0.425481 0.0480769 0.0240385
9 0.0396635 0.439904 0.0793269 0.125
9 0.520433 0.522837 0.108173 0.141827
5 0.902644 0.872596 0.0841346 0.0865385
6 0.807692 0.418269 0.0721154 0.0865385
6 0.0216346 0.353365 0.0432692 0.0673077
6 0.905048 0.41226 0.146635 0.15625
9 0.377404 0.581731 0.177885 0.235577
6 0.509615 0.413462 0.0625 0.0865385
6 0.395433 0.418269 0.0889423 0.0865385
9 0.870192 0.741587 0.254808 0.473558
6 0.715144 0.414663 0.103365 0.122596
6 0.612981 0.438702 0.0865385 0.0985577
5 0.197115 0.600962 0.0528846 0.0480769
