6 0.0673077 0.414663 0.105769 0.127404
6 0.268029 0.441106 0.0793269 0.0985577
6 0.356971 0.436298 0.0649038 0.0985577
6 0.424279 0.426683 0.0697115 0.09375
6 0.466346 0.459135 0.0480769 0.0625
6 0.538462 0.512019 0.0721154 0.105769
6 0.55649 0.414663 0.0504808 0.0649038
6 0.611779 0.492788 0.0649038 0.0961538
6 0.727163 0.456731 0.0697115 0.100962
6 0.840144 0.451923 0.122596 0.177885
6 0.929087 0.419471 0.0889423 0.117788
3 0.358173 0.444712 0.0432692 0.0336538
3 0.266827 0.456731 0.0576923 0.0336538
3 0.936298 0.439904 0.0649038 0.0432692
9 0.0877404 0.578125 0.165865 0.213942
9 0.832933 0.653846 0.185096 0.25
9 0.697115 0.5625 0.110577 0.144231
9 0.365385 0.552885 0.100962 0.144231
