6 0.644231 0.23012 0.0432692 0.0457831
10 0.653846 0.326506 0.0625 0.175904
6 0.360577 0.471084 0.0384615 0.0457831
6 0.890625 0.724096 0.0360577 0.0457831
6 0.36899 0.333735 0.0408654 0.0457831
6 0.890625 0.942169 0.0360577 0.0481928
6 0.641827 0.10241 0.0384615 0.0457831
11 0.36899 0.568675 0.0697115 0.159036
9 0.366587 0.53494 0.0600962 0.0771084
9 0.403846 0.383133 0.0769231 0.0578313
9 0.657452 0.285542 0.0552885 0.0795181
9 0.655048 0.0433735 0.0649038 0.0722892
9 0.894231 0.777108 0.0576923 0.0795181
9 0.896635 0.877108 0.0576923 0.0722892
