3 0.382212 0.387952 0.0865385 0.0433735
3 0.480769 0.373494 0.0721154 0.0433735
3 0.584135 0.318072 0.0625 0.0578313
3 0.944712 0.238554 0.0865385 0.0578313
3 0.88101 0.362651 0.0408654 0.0506024
2 0.30649 0.414458 0.0552885 0.0289157
5 0.433894 0.681928 0.0793269 0.0674699
5 0.711538 0.806024 0.0817308 0.108434
7 0.30649 0.396386 0.0793269 0.0795181
7 0.402644 0.378313 0.09375 0.144578
7 0.508413 0.36988 0.117788 0.151807
7 0.629808 0.291566 0.139423 0.173494
9 0.36899 0.515663 0.132212 0.159036
9 0.521635 0.578313 0.149038 0.240964
9 0.954327 0.53253 0.0913462 0.351807
11 0.338942 0.659036 0.105769 0.436145
11 0.71274 0.7 0.141827 0.6
9 0.711538 0.546988 0.173077 0.337349
