7 0.34375 0.175904 0.0721154 0.086747
3 0.536058 0.271084 0.173077 0.0506024
5 0.661058 0.93012 0.100962 0.13012
7 0.816106 0.261446 0.103365 0.13253
3 0.813702 0.256627 0.0985577 0.0361446
3 0.957933 0.254217 0.0841346 0.0361446
7 0.956731 0.260241 0.0865385 0.13012
5 0.341346 0.739759 0.0817308 0.0915663
9 0.611779 0.615663 0.353365 0.513253
7 0.536058 0.259036 0.168269 0.219277
9 0.360577 0.566265 0.230769 0.342169
9 0.945913 0.540964 0.108173 0.40241
2 0.372596 0.306024 0.115385 0.0337349
6 0.703125 0.128916 0.0456731 0.0650602
7 0.401442 0.174699 0.0721154 0.060241
7 0.383413 0.304819 0.137019 0.2
5 0.289663 0.696386 0.0649038 0.173494
5 0.871394 0.73012 0.0360577 0.0819277
5 0.909856 0.731325 0.0408654 0.0843373
9 0.808894 0.542169 0.161058 0.404819
9 0.698317 0.208434 0.0793269 0.0987952
9 0.865385 0.221687 0.0528846 0.101205
7 0.86899 0.154217 0.0264423 0.0385542
7 0.913462 0.150602 0.0240385 0.0457831
