6 0.389423 0.401442 0.0721154 0.105769
6 0.579327 0.36899 0.0528846 0.0841346
6 0.492788 0.364183 0.0384615 0.0649038
6 0.864183 0.426683 0.0552885 0.0697115
5 0.425481 0.582933 0.0336538 0.0456731
5 0.539663 0.513221 0.0264423 0.0360577
8 0.265625 0.467548 0.15625 0.127404
9 0.563702 0.450721 0.0600962 0.0985577
9 0.447115 0.423077 0.0432692 0.0961538
9 0.918269 0.481971 0.0528846 0.0889423
11 0.570913 0.521635 0.0841346 0.259615
11 0.259615 0.550481 0.168269 0.307692
0 0.301683 0.747596 0.09375 0.0625
0 0.445913 0.492788 0.0408654 0.0384615
