3 0.432692 0.368675 0.0480769 0.0240964
3 0.503606 0.368675 0.0360577 0.0240964
4 0.352163 0.454217 0.03125 0.0313253
4 0.490385 0.456627 0.0336538 0.026506
6 0.346154 0.377108 0.0625 0.0554217
6 0.435096 0.368675 0.0528846 0.0578313
6 0.510817 0.366265 0.0552885 0.0578313
8 0.34375 0.454217 0.0769231 0.113253
8 0.4375 0.449398 0.0865385 0.118072
8 0.520433 0.446988 0.103365 0.108434
11 0.33774 0.504819 0.0649038 0.214458
11 0.426683 0.503614 0.0745192 0.221687
11 0.521635 0.490361 0.0961538 0.190361
