6 0.269231 0.387019 0.0384615 0.0480769
7 0.152644 0.402644 0.0456731 0.0649038
7 0.225962 0.4375 0.0576923 0.0673077
7 0.320913 0.401442 0.0504808 0.0721154
7 0.447115 0.394231 0.0336538 0.0528846
7 0.481971 0.423077 0.0552885 0.0625
7 0.513221 0.393029 0.0264423 0.0360577
7 0.550481 0.424279 0.0432692 0.0600962
7 0.622596 0.401442 0.0336538 0.0528846
7 0.957933 0.471154 0.0841346 0.100962
6 0.0300481 0.426683 0.0600962 0.0745192
9 0.046875 0.514423 0.09375 0.110577
9 0.15024 0.467548 0.0889423 0.09375
9 0.236779 0.53125 0.09375 0.110577
9 0.326923 0.47476 0.0961538 0.127404
9 0.455529 0.491587 0.0793269 0.127404
9 0.550481 0.49399 0.100962 0.0985577
9 0.634615 0.457933 0.0817308 0.0841346
9 0.939904 0.627404 0.120192 0.197115
5 0.0985577 0.580529 0.0240385 0.0360577
5 0.0120192 0.591346 0.0240385 0.0432692
5 0.117788 0.544471 0.0240385 0.0408654
5 0.280048 0.545673 0.0264423 0.0673077
5 0.391827 0.543269 0.0240385 0.0432692
5 0.512019 0.581731 0.0240385 0.0432692
5 0.561298 0.44351 0.03125 0.03125
5 0.856971 0.50601 0.03125 0.0697115
11 0.0504808 0.594952 0.100962 0.262019
11 0.151442 0.543269 0.0865385 0.225962
11 0.242788 0.617788 0.100962 0.283654
11 0.330529 0.5625 0.09375 0.283654
11 0.453125 0.582933 0.0889423 0.300481
11 0.552885 0.576923 0.0961538 0.259615
11 0.643029 0.516827 0.09375 0.197115
0 0.0516827 0.741587 0.03125 0.0360577
0 0.09375 0.742788 0.0528846 0.0432692
0 0.175481 0.6875 0.0240385 0.0480769
0 0.282452 0.949519 0.0552885 0.0384615
0 0.420673 0.963942 0.0336538 0.0528846
0 0.465144 0.984375 0.0552885 0.03125
0 0.282452 0.794471 0.0552885 0.0456731
0 0.317308 0.737981 0.0336538 0.0528846
0 0.366587 0.71875 0.0408654 0.0528846
0 0.420673 0.776442 0.0336538 0.0528846
0 0.46875 0.747596 0.0576923 0.0480769
0 0.53125 0.730769 0.0288462 0.0528846
0 0.581731 0.727163 0.0384615 0.0408654
0 0.627404 0.649038 0.0336538 0.0432692
