6 0.0506024 0.686298 0.0192771 0.0168269
9 0.496386 0.34976 0.0385542 0.0649038
9 0.213253 0.835337 0.0987952 0.141827
4 0.673494 0.0564904 0.0506024 0.0504808
4 0.359036 0.794471 0.0433735 0.0456731
9 0.30241 0.765625 0.0698795 0.103365
10 0.213253 0.883413 0.0987952 0.233173
0 0.301205 0.933894 0.0433735 0.03125
0 0.460241 0.528846 0.0289157 0.0288462
4 0.646988 0.134615 0.0457831 0.0384615
6 0.506024 0.296875 0.0337349 0.0456731
9 0.56506 0.128606 0.103614 0.151442
6 0.587952 0.0324519 0.0674699 0.0649038
6 0.3 0.695913 0.0506024 0.0504808
6 0.228916 0.721154 0.0771084 0.0913462
6 0.0951807 0.6875 0.0168675 0.0192308
0 0.537349 0.438702 0.0722892 0.03125
0 0.571084 0.361779 0.0626506 0.0360577
10 0.56988 0.233173 0.118072 0.346154
10 0.303614 0.830529 0.0674699 0.223558
6 0.820482 0.692308 0.0409639 0.0480769
0 0.813253 0.936298 0.0313253 0.0216346
0 0.80241 0.927885 0.0385542 0.0192308
10 0.0975904 0.715144 0.0216867 0.0745192
10 0.0542169 0.713942 0.0216867 0.0721154
10 0.496386 0.389423 0.0578313 0.221154
