7 0.40625 0.256627 0.0625 0.0795181
11 0.21875 0.603614 0.259615 0.339759
3 0.6875 0.431325 0.0480769 0.0433735
2 0.686298 0.428916 0.0504808 0.0433735
4 0.641827 0.514458 0.0432692 0.0361446
6 0.405048 0.256627 0.0600962 0.0746988
6 0.234375 0.436145 0.09375 0.0819277
9 0.165865 0.548193 0.158654 0.209639
9 0.75601 0.527711 0.15625 0.240964
6 0.548077 0.285542 0.0625 0.0795181
9 0.566106 0.363855 0.0985577 0.101205
6 0.704327 0.409639 0.110577 0.13494
6 0.403846 0.086747 0.0576923 0.086747
6 0.550481 0.0578313 0.0625 0.086747
