5 0.451923 0.692771 0.129808 0.118072
9 0.0420673 0.53253 0.0841346 0.231325
4 0.574519 0.854217 0.0865385 0.13253
5 0.574519 0.856627 0.0865385 0.122892
9 0.673077 0.70241 0.264423 0.421687
6 0.780048 0.398795 0.0745192 0.103614
9 0.453125 0.563855 0.21875 0.207229
2 0.284856 0.314458 0.170673 0.0650602
5 0.536058 0.542169 0.0528846 0.0578313
5 0.355769 0.73253 0.0432692 0.053012
6 0.0853365 0.363855 0.0985577 0.13494
6 0.432692 0.407229 0.110577 0.13494
6 0.647837 0.386747 0.194712 0.224096
6 0.895433 0.43494 0.209135 0.306024
9 0.207933 0.56747 0.276442 0.33012
6 0.284856 0.295181 0.175481 0.224096
5 0.359375 0.979518 0.0456731 0.0409639
