6 0.641827 0.633413 0.0288462 0.0360577
11 0.145433 0.717548 0.0600962 0.204327
6 0.574519 0.633413 0.0336538 0.0552885
9 0.596154 0.932692 0.105769 0.125
9 0.518029 0.69351 0.0649038 0.09375
6 0.707933 0.637019 0.0408654 0.0384615
9 0.38101 0.667067 0.0408654 0.0697115
9 0.432692 0.736779 0.0913462 0.151442
6 0.388221 0.612981 0.0360577 0.0432692
6 0.213942 0.616587 0.0384615 0.0504808
9 0.647837 0.683894 0.0408654 0.0745192
9 0.344952 0.671875 0.0408654 0.0697115
6 0.346154 0.622596 0.0336538 0.0384615
6 0.600962 0.634615 0.0432692 0.0625
9 0.240385 0.706731 0.0913462 0.115385
9 0.701923 0.688702 0.0528846 0.0793269
9 0.143029 0.65625 0.0649038 0.0817308
6 0.519231 0.625 0.0432692 0.0576923
6 0.15625 0.600962 0.0384615 0.0480769
6 0.25601 0.622596 0.0504808 0.0625
9 0.59976 0.727163 0.0793269 0.122596
11 0.705529 0.719952 0.0504808 0.151442
11 0.655048 0.719952 0.0408654 0.165865
7 0.439904 0.628606 0.0432692 0.0600962
