6 0.463942 0.466265 0.0336538 0.0361446
3 0.860577 0.463855 0.0432692 0.0216867
0 0.596154 0.763855 0.0384615 0.0337349
0 0.518029 0.766265 0.0408654 0.0289157
3 0.282452 0.428916 0.0408654 0.0192771
0 0.676683 0.684337 0.03125 0.0337349
0 0.903846 0.761446 0.0336538 0.0337349
0 0.3125 0.754217 0.0336538 0.0385542
9 0.651442 0.53494 0.0625 0.0963855
5 0.810096 0.603614 0.0240385 0.0313253
5 0.407452 0.592771 0.0264423 0.0337349
0 0.75 0.720482 0.0192308 0.0289157
5 0.290865 0.546988 0.0384615 0.0337349
6 0.0865385 0.461446 0.0288462 0.0361446
0 0.258413 0.755422 0.03125 0.026506
6 0.651442 0.46988 0.0384615 0.053012
6 0.387019 0.459036 0.0288462 0.0409639
11 0.367788 0.606024 0.0865385 0.209639
0 0.861779 0.756626 0.03125 0.0289157
9 0.465144 0.53253 0.0456731 0.0963855
11 0.140625 0.598795 0.103365 0.26747
6 0.861779 0.456627 0.0552885 0.0698795
11 0.278846 0.592771 0.100962 0.279518
9 0.277644 0.527711 0.103365 0.139759
6 0.359375 0.479518 0.0408654 0.0578313
6 0.140625 0.438554 0.0504808 0.0626506
11 0.870192 0.608434 0.100962 0.238554
6 0.552885 0.438554 0.0480769 0.0674699
11 0.746394 0.578313 0.09375 0.221687
9 0.366587 0.557831 0.0841346 0.113253
9 0.145433 0.539759 0.09375 0.139759
11 0.566106 0.608434 0.108173 0.286747
6 0.278846 0.422892 0.0528846 0.0746988
6 0.75 0.437349 0.0480769 0.0698795
9 0.746394 0.53012 0.09375 0.125301
9 0.866587 0.556626 0.103365 0.13012
9 0.564904 0.540964 0.105769 0.146988
0 0.378606 0.726506 0.0216346 0.0361446
0 0.346154 0.736145 0.0288462 0.0216867
0 0.157452 0.761446 0.03125 0.0337349
0 0.115385 0.759036 0.0240385 0.0240964
0 0.634615 0.685542 0.0240385 0.0216867
0 0.733173 0.722892 0.0192308 0.0240964
5 0.941106 0.619277 0.0168269 0.0289157
3 0.550481 0.450602 0.0336538 0.0144578
