0 0.203125 0.832933 0.0600962 0.0649038
0 0.573317 0.652644 0.0504808 0.03125
0 0.47476 0.622596 0.0504808 0.0384615
0 0.358173 0.664663 0.0432692 0.0360577
0 0.407452 0.616587 0.0264423 0.0360577
3 0.819712 0.504808 0.0240385 0.0240385
4 0.221154 0.638221 0.0384615 0.0360577
4 0.354567 0.56851 0.03125 0.0264423
4 0.441106 0.540865 0.0264423 0.0288462
4 0.504808 0.59375 0.0288462 0.0480769
6 0.163462 0.424279 0.0865385 0.0841346
6 0.370192 0.453125 0.0480769 0.0552885
6 0.405048 0.466346 0.0264423 0.0384615
6 0.498798 0.502404 0.0408654 0.0432692
6 0.502404 0.439904 0.0384615 0.0432692
6 0.574519 0.449519 0.0432692 0.0432692
6 0.641827 0.436298 0.0336538 0.0360577
9 0.155048 0.552885 0.151442 0.163462
9 0.348558 0.516827 0.0528846 0.0913462
9 0.591346 0.514423 0.0528846 0.0865385
9 0.645433 0.484375 0.0456731 0.0649038
9 0.447115 0.519231 0.0576923 0.0721154
11 0.15625 0.633413 0.158654 0.319712
11 0.354567 0.555288 0.0600962 0.163462
9 0.842548 0.588942 0.0745192 0.110577
11 0.834135 0.632212 0.0769231 0.197115
11 0.641827 0.50601 0.0480769 0.103365
11 0.594952 0.546875 0.0552885 0.151442
