0 0.536058 0.641827 0.0240385 0.0288462
5 0.19351 0.691106 0.0504808 0.0456731
0 0.191106 0.691106 0.0552885 0.0456731
5 0.679087 0.532452 0.0552885 0.0552885
4 0.677885 0.533654 0.0480769 0.0528846
11 0.658654 0.614183 0.201923 0.435096
11 0.138221 0.576923 0.237981 0.206731
4 0.606971 0.40024 0.0745192 0.0697115
9 0.679087 0.484375 0.170673 0.180288
9 0.135817 0.539663 0.228365 0.127404
9 0.561298 0.532452 0.0600962 0.0841346
6 0.292067 0.514423 0.103365 0.0817308
6 0.729567 0.354567 0.0985577 0.112981
