0 0.191106 0.817308 0.0793269 0.0576923
0 0.112981 0.831731 0.0528846 0.0576923
0 0.356971 0.816106 0.0649038 0.0600962
0 0.419471 0.811298 0.0841346 0.0552885
0 0.552885 0.805288 0.0528846 0.0576923
0 0.664663 0.810096 0.0841346 0.0528846
0 0.778846 0.799279 0.0673077 0.0456731
2 0.817308 0.417067 0.0673077 0.03125
3 0.200721 0.348558 0.0504808 0.0384615
3 0.389423 0.377404 0.0480769 0.0240385
3 0.540865 0.389423 0.0480769 0.0288462
5 0.139423 0.585337 0.0432692 0.0456731
5 0.323317 0.610577 0.0408654 0.0288462
5 0.561298 0.47476 0.0408654 0.0408654
7 0.1875 0.354567 0.0817308 0.0841346
7 0.378606 0.385817 0.0793269 0.0745192
7 0.557692 0.390625 0.0769231 0.0793269
7 0.824519 0.407452 0.0817308 0.0841346
9 0.179087 0.498798 0.137019 0.194712
9 0.371394 0.521635 0.15625 0.201923
9 0.574519 0.508413 0.149038 0.170673
9 0.844952 0.53125 0.146635 0.163462
11 0.169471 0.581731 0.137019 0.384615
11 0.365385 0.584135 0.149038 0.341346
11 0.585337 0.594952 0.161058 0.358173
11 0.834135 0.597356 0.144231 0.338942
