6 0.110577 0.40024 0.0528846 0.0841346
6 0.28125 0.376202 0.0721154 0.103365
6 0.393029 0.38101 0.09375 0.137019
6 0.602163 0.388221 0.09375 0.137019
6 0.960337 0.361779 0.0793269 0.137019
6 0.960337 0.0757212 0.0793269 0.146635
6 0.604567 0.0552885 0.0889423 0.105769
6 0.395433 0.0649038 0.09375 0.129808
6 0.282452 0.0564904 0.0793269 0.103365
6 0.106971 0.0396635 0.0600962 0.0793269
2 0.616587 0.389423 0.0600962 0.0288462
3 0.402644 0.378606 0.0504808 0.0264423
3 0.405048 0.0576923 0.0456731 0.0384615
3 0.288462 0.373798 0.0432692 0.03125
5 0.0504808 0.649038 0.0480769 0.115385
5 0.216346 0.543269 0.0432692 0.0817308
5 0.322115 0.641827 0.0384615 0.120192
5 0.323317 0.925481 0.0360577 0.139423
5 0.484375 0.606971 0.0264423 0.0841346
5 0.546875 0.61899 0.0456731 0.09375
5 0.701923 0.594952 0.0384615 0.0889423
5 0.870192 0.626202 0.0432692 0.117788
5 0.870192 0.9375 0.0384615 0.120192
5 0.548077 0.945913 0.0432692 0.09375
5 0.700721 0.960337 0.03125 0.0697115
5 0.486779 0.949519 0.0264423 0.0769231
5 0.046875 0.920673 0.0456731 0.134615
9 0.612981 0.53726 0.125 0.175481
9 0.401442 0.538462 0.134615 0.182692
9 0.283654 0.502404 0.100962 0.158654
9 0.103365 0.481971 0.0865385 0.112981
9 0.936298 0.557692 0.127404 0.221154
11 0.40625 0.646635 0.144231 0.408654
11 0.610577 0.620192 0.125 0.336538
11 0.269231 0.596154 0.100962 0.346154
11 0.102163 0.530048 0.0841346 0.209135
