4 0.936298 0.479567 0.0360577 0.0456731
6 0.0396635 0.52524 0.0360577 0.0456731
6 0.204327 0.415865 0.0288462 0.0384615
9 0.0913462 0.457933 0.0432692 0.0600962
6 0.264423 0.527644 0.0336538 0.0456731
9 0.209135 0.465144 0.0384615 0.0600962
6 0.657452 0.329327 0.0745192 0.0865385
9 0.713942 0.426683 0.105769 0.15625
6 0.0985577 0.417067 0.0288462 0.0408654
6 0.489183 0.5 0.0408654 0.0576923
11 0.710337 0.498798 0.108173 0.319712
4 0.759615 0.479567 0.0384615 0.0504808
0 0.711538 0.674279 0.0673077 0.0456731
0 0.322115 0.591346 0.0336538 0.0240385
