7 0.34375 0.56506 0.105769 0.122892
7 0.176683 0.520482 0.0841346 0.0915663
7 0.317308 0.444578 0.0432692 0.0650602
7 0.199519 0.446988 0.0480769 0.0554217
7 0.0793269 0.504819 0.0817308 0.0795181
7 0.0240385 0.478313 0.0480769 0.0698795
7 0.409856 0.440964 0.0408654 0.0578313
7 0.480769 0.438554 0.0288462 0.0481928
7 0.501202 0.419277 0.0264423 0.0481928
7 0.544471 0.431325 0.03125 0.053012
7 0.685096 0.431325 0.0288462 0.0481928
7 0.766827 0.437349 0.0336538 0.0506024
7 0.820913 0.443374 0.0360577 0.0433735
7 0.929087 0.474699 0.0649038 0.0674699
7 0.877404 0.489157 0.0528846 0.0674699
7 0.822115 0.492771 0.0673077 0.0746988
7 0.733173 0.579518 0.110577 0.122892
7 0.748798 0.504819 0.0793269 0.0746988
6 0.492788 0.608434 0.0673077 0.0698795
6 0.584135 0.580723 0.0576923 0.0626506
5 0.456731 0.685542 0.0480769 0.0506024
5 0.592548 0.655422 0.0697115 0.0626506
5 0.629808 0.631325 0.0432692 0.053012
5 0.633413 0.59759 0.0504808 0.053012
11 0.271635 0.750602 0.182692 0.233735
