3 0.211538 0.394231 0.0721154 0.0336538
4 0.84375 0.558894 0.0432692 0.0408654
8 0.403846 0.52524 0.100962 0.175481
6 0.598558 0.395433 0.0480769 0.0697115
6 0.419471 0.40024 0.0600962 0.0793269
5 0.325721 0.616587 0.0504808 0.0552885
7 0.419471 0.40024 0.0600962 0.0793269
5 0.158654 0.683894 0.0480769 0.0649038
8 0.59976 0.496394 0.0985577 0.137019
6 0.502404 0.407452 0.0721154 0.09375
7 0.735577 0.415865 0.0673077 0.0817308
8 0.730769 0.53125 0.110577 0.173077
6 0.210337 0.388221 0.0841346 0.108173
8 0.498798 0.555288 0.117788 0.206731
8 0.216346 0.560096 0.158654 0.240385
