2 0.394231 0.396386 0.0240385 0.0120482
2 0.59976 0.374699 0.0456731 0.0168675
11 0.342548 0.486747 0.0600962 0.13012
7 0.340144 0.40241 0.0360577 0.0385542
9 0.540865 0.453012 0.0384615 0.0771084
5 0.216346 0.549398 0.0240385 0.0289157
6 0.560096 0.39759 0.0336538 0.0385542
7 0.394231 0.395181 0.0288462 0.0385542
6 0.340144 0.403614 0.0360577 0.0409639
5 0.102163 0.537349 0.0264423 0.0337349
6 0.852163 0.379518 0.0504808 0.0650602
6 0.445913 0.389157 0.0456731 0.060241
6 0.173077 0.383133 0.0576923 0.0771084
6 0.600962 0.36988 0.0480769 0.0650602
11 0.600962 0.527711 0.0865385 0.245783
9 0.164663 0.489157 0.108173 0.144578
9 0.847356 0.46747 0.09375 0.110843
11 0.847356 0.536145 0.09375 0.253012
11 0.165865 0.551807 0.105769 0.274699
11 0.444712 0.533735 0.0865385 0.228916
9 0.444712 0.481928 0.0865385 0.120482
9 0.59976 0.462651 0.0889423 0.115663
9 0.342548 0.463855 0.0697115 0.0939759
9 0.228365 0.427711 0.0240385 0.0313253
9 0.28726 0.43012 0.0264423 0.0313253
6 0.257212 0.404819 0.0240385 0.0289157
9 0.25601 0.438554 0.0360577 0.0385542
0 0.159856 0.703614 0.0360577 0.0433735
0 0.195913 0.716867 0.0408654 0.0409639
0 0.159856 0.959036 0.0408654 0.0385542
0 0.200721 0.945783 0.0408654 0.0361446
0 0.41226 0.659036 0.0264423 0.0506024
0 0.456731 0.687952 0.0384615 0.0361446
0 0.455529 0.973494 0.0408654 0.0289157
0 0.608173 0.980723 0.0384615 0.0385542
0 0.853365 0.983133 0.0432692 0.0337349
0 0.557692 0.644578 0.0240385 0.0554217
0 0.609375 0.677108 0.0360577 0.0385542
0 0.795673 0.637349 0.0240385 0.060241
0 0.855769 0.674699 0.0432692 0.0481928
5 0.567308 0.490361 0.0240385 0.0457831
5 0.490385 0.536145 0.0240385 0.0457831
5 0.408654 0.53012 0.0336538 0.0337349
5 0.521635 0.491566 0.0240385 0.0289157
5 0.80649 0.533735 0.0264423 0.0409639
5 0.899038 0.528916 0.0240385 0.0554217
