6 0.0793269 0.418269 0.0432692 0.0625
6 0.219952 0.425481 0.0504808 0.0625
6 0.310096 0.420673 0.0480769 0.0625
6 0.447115 0.43149 0.0432692 0.0649038
6 0.490385 0.423077 0.0288462 0.0432692
6 0.580529 0.433894 0.0456731 0.0600962
6 0.727163 0.415865 0.0504808 0.0528846
6 0.848558 0.41226 0.0673077 0.0793269
5 0.580529 0.47476 0.0264423 0.03125
9 0.450721 0.504808 0.0697115 0.105769
9 0.573317 0.503606 0.0649038 0.0985577
9 0.719952 0.49399 0.0697115 0.117788
9 0.856971 0.522837 0.0985577 0.137019
9 0.314904 0.484375 0.0721154 0.0697115
9 0.216346 0.489183 0.0817308 0.0889423
9 0.0841346 0.480769 0.0673077 0.0673077
0 0.899038 0.762019 0.0625 0.0576923
0 0.891827 0.896635 0.0625 0.0625
11 0.448317 0.552885 0.0697115 0.1875
11 0.574519 0.540865 0.0673077 0.168269
11 0.710337 0.543269 0.0697115 0.197115
11 0.864183 0.580529 0.0985577 0.247596
11 0.316106 0.538462 0.0745192 0.1875
11 0.21875 0.544471 0.0817308 0.189904
