11 0.123798 0.584135 0.0552885 0.168269
3 0.596154 0.453125 0.0288462 0.0168269
11 0.38101 0.602163 0.0793269 0.242788
11 0.480769 0.573317 0.0673077 0.170673
3 0.715144 0.448317 0.0264423 0.0168269
9 0.123798 0.557692 0.0504808 0.105769
6 0.989183 0.442308 0.0216346 0.0480769
6 0.945913 0.447115 0.0456731 0.0625
9 0.540865 0.552885 0.0865385 0.129808
9 0.88101 0.540865 0.0889423 0.144231
9 0.38101 0.545673 0.0793269 0.125
9 0.961538 0.533654 0.0769231 0.125
6 0.564904 0.457933 0.0336538 0.0504808
6 0.848558 0.453125 0.0432692 0.0552885
6 0.1875 0.463942 0.0528846 0.0625
6 0.481971 0.463942 0.0360577 0.0480769
6 0.778846 0.456731 0.0432692 0.0528846
11 0.540865 0.608173 0.0817308 0.25
9 0.752404 0.570913 0.105769 0.189904
6 0.729567 0.444712 0.0649038 0.0769231
9 0.317308 0.582933 0.0913462 0.165865
6 0.884615 0.445913 0.0432692 0.0649038
6 0.609375 0.453125 0.0600962 0.0697115
6 0.322115 0.477163 0.0625 0.0745192
9 0.479567 0.538462 0.0649038 0.100962
11 0.883413 0.585337 0.0841346 0.233173
6 0.367788 0.453125 0.0480769 0.0600962
6 0.522837 0.465144 0.0456731 0.0600962
9 0.197115 0.555288 0.0961538 0.120192
6 0.126202 0.477163 0.0408654 0.0456731
9 0.623798 0.561298 0.108173 0.170673
11 0.31851 0.635817 0.09375 0.266827
11 0.198317 0.610577 0.0985577 0.235577
11 0.752404 0.635817 0.105769 0.319712
0 0.34976 0.782452 0.0600962 0.0552885
0 0.282452 0.954327 0.0456731 0.0625
0 0.344952 0.956731 0.0600962 0.0432692
0 0.173077 0.75 0.0432692 0.0336538
0 0.229567 0.75 0.0360577 0.0384615
0 0.284856 0.786058 0.0456731 0.0625
0 0.397837 0.733173 0.0360577 0.0432692
0 0.514423 0.754808 0.0288462 0.0384615
0 0.563702 0.754808 0.03125 0.0336538
0 0.615385 0.790865 0.0576923 0.0432692
0 0.741587 0.80649 0.0600962 0.0456731
0 0.790865 0.820913 0.0336538 0.0600962
0 0.867788 0.710337 0.0336538 0.0456731
0 0.896635 0.71274 0.0336538 0.0456731
0 0.944712 0.72476 0.0576923 0.0456731
0 0.981971 0.740385 0.0360577 0.0528846
0 0.746394 0.939904 0.0697115 0.0480769
0 0.790865 0.923077 0.0384615 0.0528846
0 0.616587 0.959135 0.0600962 0.0528846
