6 0.473558 0.371394 0.100962 0.122596
6 0.543269 0.268029 0.0673077 0.0793269
6 0.334135 0.245192 0.0865385 0.134615
6 0.796875 0.265625 0.0985577 0.127404
6 0.911058 0.209135 0.139423 0.173077
6 0.335337 0.0961538 0.0889423 0.144231
6 0.409856 0.0649038 0.0697115 0.110577
6 0.543269 0.0649038 0.0673077 0.0817308
6 0.789663 0.0661058 0.108173 0.132212
3 0.34375 0.274038 0.0576923 0.0432692
3 0.409856 0.293269 0.0456731 0.0240385
3 0.780048 0.295673 0.0552885 0.0336538
3 0.542067 0.283654 0.0456731 0.0240385
5 0.882212 0.621394 0.0528846 0.09375
5 0.790865 0.56851 0.0432692 0.0649038
5 0.521635 0.615385 0.0528846 0.0528846
5 0.390625 0.549279 0.0456731 0.0745192
5 0.186298 0.479567 0.0552885 0.0504808
9 0.283654 0.379808 0.149038 0.201923
9 0.563702 0.459135 0.146635 0.1875
9 0.80649 0.430288 0.165865 0.192308
9 0.949519 0.46875 0.100962 0.341346
