6 0.734375 0.440964 0.0456731 0.053012
6 0.467548 0.392771 0.0504808 0.0578313
7 0.582933 0.446988 0.0408654 0.0506024
7 0.519231 0.431325 0.0288462 0.053012
7 0.704327 0.438554 0.0288462 0.0433735
6 0.628606 0.439759 0.03125 0.0409639
5 0.411058 0.572289 0.0288462 0.0457831
5 0.521635 0.559036 0.0240385 0.0481928
5 0.55649 0.557831 0.0264423 0.0409639
9 0.455529 0.485542 0.09375 0.103614
9 0.564904 0.503614 0.0480769 0.0722892
11 0.456731 0.575904 0.0817308 0.26988
11 0.5625 0.574699 0.0480769 0.209639
