2 0.447115 0.426683 0.0576923 0.0360577
3 0.254808 0.402644 0.0480769 0.03125
3 0.713942 0.409856 0.0721154 0.0360577
3 0.888221 0.389423 0.0793269 0.0384615
5 0.362981 0.569712 0.0432692 0.0817308
5 0.395433 0.605769 0.0649038 0.0721154
5 0.602163 0.739183 0.0360577 0.0600962
5 0.93149 0.786058 0.0985577 0.0865385
6 0.71875 0.402644 0.0865385 0.141827
6 0.914663 0.370192 0.146635 0.163462
7 0.0276442 0.372596 0.0552885 0.173077
7 0.222356 0.391827 0.117788 0.153846
7 0.469952 0.407452 0.117788 0.146635
7 0.824519 0.420673 0.0865385 0.110577
9 0.0432692 0.484375 0.0865385 0.141827
9 0.111779 0.700721 0.223558 0.362981
9 0.213942 0.58774 0.206731 0.257212
9 0.475962 0.608173 0.197115 0.288462
9 0.706731 0.596154 0.192308 0.302885
9 0.923077 0.629808 0.153846 0.336538
9 0.856971 0.546875 0.0504808 0.180288
11 0.0420673 0.481971 0.0841346 0.146635
11 0.110577 0.701923 0.221154 0.365385
11 0.219952 0.667067 0.228365 0.430288
11 0.0432692 0.480769 0.0865385 0.149038
11 0.467548 0.670673 0.204327 0.418269
11 0.707933 0.655048 0.199519 0.435096
11 0.854567 0.544471 0.0552885 0.185096
11 0.907452 0.674279 0.170673 0.444712
