0 0.183894 0.661058 0.0264423 0.0240385
0 0.206731 0.651442 0.0240385 0.0240385
0 0.277644 0.685096 0.03125 0.0240385
0 0.304087 0.673077 0.0360577 0.0240385
0 0.405048 0.639423 0.0504808 0.0240385
0 0.5 0.638221 0.0240385 0.03125
0 0.596154 0.633413 0.0240385 0.0264423
0 0.459135 0.676683 0.0961538 0.0841346
5 0.271635 0.550481 0.0240385 0.0240385
5 0.504808 0.49399 0.0288462 0.0264423
5 0.610577 0.539663 0.0384615 0.03125
7 0.296875 0.450721 0.0456731 0.0504808
7 0.223558 0.442308 0.0528846 0.0240385
7 0.340144 0.466346 0.0264423 0.0480769
7 0.413462 0.469952 0.0240385 0.0504808
7 0.588942 0.4375 0.0288462 0.0480769
7 0.674279 0.465144 0.0456731 0.0552885
9 0.198317 0.519231 0.0793269 0.0865385
9 0.341346 0.524038 0.0625 0.0673077
9 0.28726 0.510817 0.0600962 0.0745192
9 0.40024 0.513221 0.0745192 0.0649038
9 0.664663 0.524038 0.0504808 0.0721154
9 0.592548 0.512019 0.0408654 0.0769231
9 0.514423 0.520433 0.0528846 0.0697115
9 0.717548 0.521635 0.0456731 0.0625
11 0.288462 0.552885 0.0769231 0.144231
11 0.201923 0.544471 0.0576923 0.112981
11 0.512019 0.551683 0.0625 0.117788
11 0.664663 0.53726 0.0552885 0.137019
