6 0.53125 0.403614 0.0576923 0.0843373
6 0.401442 0.43253 0.0480769 0.0506024
6 0.645433 0.426506 0.0264423 0.0433735
6 0.69351 0.424096 0.0360577 0.0481928
6 0.793269 0.418072 0.0384615 0.0650602
6 0.909856 0.427711 0.0360577 0.0506024
0 0.508413 0.76988 0.0408654 0.0409639
0 0.427885 0.709639 0.0240385 0.0361446
0 0.507212 0.907229 0.0432692 0.0506024
0 0.554087 0.937349 0.0408654 0.0385542
0 0.634615 0.631325 0.0432692 0.0240964
0 0.692308 0.626506 0.0240385 0.0337349
0 0.427885 0.960241 0.0240385 0.0361446
0 0.919471 0.790361 0.0360577 0.0433735
0 0.918269 0.886747 0.0480769 0.0385542
9 0.40625 0.498795 0.0769231 0.0915663
9 0.539663 0.487952 0.103365 0.113253
9 0.692308 0.473494 0.0625 0.0698795
9 0.641827 0.474699 0.0576923 0.0578313
9 0.784856 0.498795 0.0841346 0.106024
9 0.901442 0.487952 0.0528846 0.0650602
11 0.528846 0.559036 0.0865385 0.250602
11 0.41226 0.550602 0.0552885 0.195181
11 0.786058 0.56506 0.0865385 0.233735
11 0.683894 0.520482 0.0600962 0.163855
11 0.896635 0.522892 0.0528846 0.13494
