2 0.441106 0.456731 0.0408654 0.0384615
2 0.876202 0.454327 0.0456731 0.0240385
3 0.0396635 0.456731 0.0504808 0.0240385
3 0.548077 0.463942 0.0384615 0.0288462
6 0.0721154 0.450721 0.0913462 0.108173
6 0.453125 0.46274 0.09375 0.0985577
6 0.576923 0.461538 0.100962 0.115385
6 0.830529 0.456731 0.03125 0.0432692
6 0.895433 0.46875 0.108173 0.120192
5 0.360577 0.671875 0.0336538 0.0552885
5 0.402644 0.598558 0.0504808 0.0528846
5 0.532452 0.543269 0.0360577 0.0384615
5 0.844952 0.638221 0.0552885 0.0649038
5 0.844952 0.485577 0.0264423 0.0288462
9 0.0949519 0.579327 0.117788 0.153846
9 0.417067 0.58774 0.112981 0.199519
9 0.563702 0.622596 0.117788 0.192308
9 0.870192 0.621394 0.129808 0.213942
9 0.817308 0.501202 0.0336538 0.0697115
11 0.105769 0.683894 0.120192 0.377404
11 0.41226 0.68149 0.122596 0.358173
11 0.564904 0.689904 0.149038 0.360577
11 0.883413 0.667067 0.180288 0.314904
