2 0.728365 0.342169 0.0673077 0.0433735
2 0.283654 0.387952 0.0576923 0.0385542
3 0.498798 0.4 0.0360577 0.0289157
3 0.36899 0.401205 0.0600962 0.0361446
3 0.679087 0.371084 0.0408654 0.0337349
5 0.498798 0.66506 0.0889423 0.0722892
5 0.477163 0.615663 0.0552885 0.0409639
5 0.644231 0.579518 0.0432692 0.0650602
5 0.557692 0.715663 0.0961538 0.0819277
7 0.254808 0.390361 0.134615 0.149398
7 0.144231 0.426506 0.0817308 0.0771084
7 0.34976 0.40241 0.09375 0.110843
7 0.522837 0.392771 0.09375 0.115663
7 0.782452 0.346988 0.185096 0.20241
9 0.227163 0.649398 0.194712 0.363855
9 0.105769 0.562651 0.120192 0.214458
9 0.372596 0.579518 0.134615 0.248193
9 0.539663 0.545783 0.146635 0.224096
9 0.834135 0.653012 0.235577 0.371084
