3 0.110577 0.352163 0.0576923 0.0360577
3 0.0973558 0.456731 0.0745192 0.0336538
3 0.21274 0.477163 0.09375 0.0360577
3 0.346154 0.382212 0.0576923 0.0336538
3 0.272837 0.342548 0.0552885 0.03125
3 0.247596 0.274038 0.0384615 0.0240385
3 0.350962 0.25 0.0336538 0.0240385
3 0.408654 0.292067 0.0528846 0.03125
3 0.514423 0.278846 0.0384615 0.0288462
3 0.566106 0.252404 0.0408654 0.0240385
3 0.634615 0.282452 0.0432692 0.03125
3 0.713942 0.252404 0.0480769 0.0240385
3 0.771635 0.322115 0.0625 0.0336538
3 0.822115 0.429087 0.0769231 0.0456731
3 0.704327 0.331731 0.0673077 0.0432692
3 0.566106 0.336538 0.0552885 0.0288462
3 0.481971 0.377404 0.0745192 0.0384615
3 0.633413 0.373798 0.0745192 0.0456731
5 0.0444712 0.658654 0.0600962 0.0625
5 0.308894 0.763221 0.0697115 0.09375
5 0.414663 0.640625 0.0649038 0.0697115
4 0.671875 0.730769 0.0552885 0.0673077
4 0.832933 0.507212 0.0649038 0.100962
4 0.769231 0.372596 0.0336538 0.0480769
6 0.0805288 0.4375 0.117788 0.139423
6 0.103365 0.331731 0.0817308 0.110577
6 0.24399 0.274038 0.0649038 0.0673077
6 0.305288 0.296875 0.0673077 0.0697115
6 0.271635 0.338942 0.0673077 0.0865385
6 0.344952 0.372596 0.0889423 0.129808
6 0.403846 0.277644 0.0721154 0.09375
6 0.478365 0.355769 0.110577 0.168269
6 0.207933 0.451923 0.122596 0.163462
6 0.512019 0.278846 0.0576923 0.0769231
6 0.564904 0.251202 0.0480769 0.0600962
6 0.566106 0.331731 0.0649038 0.115385
6 0.627404 0.365385 0.0769231 0.144231
6 0.701923 0.324519 0.0576923 0.120192
6 0.63101 0.266827 0.0600962 0.0576923
6 0.716346 0.24399 0.0576923 0.0697115
6 0.772837 0.320913 0.0697115 0.09375
6 0.816106 0.421875 0.0985577 0.161058
6 0.905048 0.28726 0.0889423 0.112981
6 0.972356 0.379808 0.0552885 0.134615
9 0.0901442 0.58774 0.180288 0.209135
9 0.217548 0.66226 0.242788 0.276442
9 0.352163 0.47476 0.127404 0.137019
9 0.507212 0.558894 0.274038 0.358173
9 0.652644 0.469952 0.165865 0.137019
9 0.790865 0.629808 0.211538 0.336538
9 0.930288 0.557692 0.139423 0.288462
11 0.0913462 0.616587 0.182692 0.262019
11 0.225962 0.668269 0.259615 0.307692
11 0.346154 0.491587 0.144231 0.185096
11 0.50601 0.611779 0.276442 0.425481
11 0.658654 0.466346 0.163462 0.168269
11 0.798077 0.623798 0.197115 0.353365
11 0.930288 0.602163 0.139423 0.391827
