5 0.485577 0.53253 0.0288462 0.0337349
6 0.263221 0.459036 0.0408654 0.0506024
6 0.242788 0.507229 0.0480769 0.0554217
6 0.382212 0.486747 0.0336538 0.0337349
6 0.457933 0.413253 0.0456731 0.0457831
6 0.509615 0.43012 0.0432692 0.0457831
9 0.239183 0.490361 0.0600962 0.0891566
9 0.282452 0.516867 0.0697115 0.0746988
9 0.34375 0.5 0.0625 0.0554217
9 0.445913 0.479518 0.0745192 0.115663
9 0.521635 0.495181 0.0865385 0.118072
9 0.842548 0.509639 0.0456731 0.0843373
9 0.984375 0.515663 0.03125 0.0481928
11 0.236779 0.53012 0.0552885 0.183133
11 0.280048 0.56747 0.0697115 0.180723
11 0.340144 0.53494 0.0649038 0.13494
11 0.445913 0.53494 0.0745192 0.231325
11 0.515625 0.542169 0.0793269 0.207229
11 0.842548 0.544578 0.0504808 0.154217
11 0.983173 0.548193 0.0336538 0.118072
