3 0.508413 0.383133 0.0697115 0.0481928
3 0.417067 0.442169 0.0504808 0.0361446
3 0.25601 0.406024 0.0456731 0.0506024
3 0.21875 0.439759 0.0384615 0.0409639
5 0.425481 0.651807 0.0913462 0.0554217
5 0.663462 0.631325 0.0769231 0.0771084
6 0.149038 0.410843 0.230769 0.238554
6 0.395433 0.446988 0.127404 0.127711
6 0.532452 0.375904 0.132212 0.154217
9 0.0889423 0.748193 0.177885 0.373494
9 0.245192 0.661446 0.149038 0.26747
9 0.408654 0.574699 0.153846 0.122892
9 0.590144 0.524096 0.233173 0.151807
