0 0.549279 0.795181 0.0600962 0.0578313
0 0.59976 0.822892 0.0504808 0.0795181
1 0.389423 0.813253 0.0480769 0.060241
1 0.457933 0.780723 0.0552885 0.0578313
2 0.373798 0.46747 0.0841346 0.0433735
3 0.66226 0.477108 0.0841346 0.0337349
5 0.461538 0.63253 0.0480769 0.0361446
5 0.527644 0.675904 0.03125 0.0361446
5 0.729567 0.715663 0.0360577 0.0433735
6 0.36899 0.451807 0.112981 0.146988
6 0.66226 0.456627 0.108173 0.156627
9 0.365385 0.584337 0.216346 0.204819
9 0.658654 0.593976 0.197115 0.243373
11 0.365385 0.628916 0.235577 0.308434
11 0.641827 0.637349 0.25 0.33494
