6 0.754808 0.436298 0.0673077 0.0841346
6 0.610577 0.442308 0.0480769 0.0769231
6 0.46875 0.453125 0.0480769 0.0697115
3 0.609375 0.44351 0.0456731 0.03125
3 0.477163 0.46274 0.0552885 0.0264423
0 0.490385 0.796875 0.0336538 0.0985577
0 0.445913 0.784856 0.03125 0.0889423
0 0.445913 0.883413 0.0360577 0.09375
0 0.484375 0.873798 0.03125 0.0745192
9 0.754808 0.552885 0.125 0.149038
9 0.620192 0.546875 0.115385 0.137019
9 0.469952 0.549279 0.108173 0.132212
11 0.614183 0.65024 0.0985577 0.334135
11 0.758413 0.661058 0.108173 0.360577
