1 0.313702 0.655048 0.0649038 0.0408654
1 0.286058 0.680288 0.0721154 0.0480769
1 0.445913 0.610577 0.0504808 0.0480769
1 0.489183 0.625 0.0408654 0.0384615
1 0.558894 0.641827 0.0504808 0.0432692
1 0.569712 0.667067 0.0817308 0.0264423
1 0.677885 0.725962 0.0528846 0.0480769
1 0.711538 0.751202 0.0865385 0.0456731
3 0.305288 0.322115 0.0288462 0.0240385
3 0.447115 0.348558 0.0384615 0.0240385
3 0.668269 0.332933 0.0384615 0.0264423
2 0.545673 0.326923 0.0384615 0.0240385
5 0.453125 0.395433 0.03125 0.0408654
5 0.448317 0.448317 0.0504808 0.03125
5 0.515625 0.461538 0.0264423 0.0384615
7 0.288462 0.317308 0.0576923 0.0769231
7 0.438702 0.33774 0.0552885 0.0552885
7 0.55649 0.319712 0.0600962 0.0625
7 0.6875 0.329327 0.0817308 0.0673077
