0 0.33253 0.497596 0.0771084 0.0817308
0 0.374699 0.456731 0.0746988 0.0913462
0 0.421687 0.824519 0.101205 0.163462
0 0.620482 0.877404 0.142169 0.105769
5 0.421687 0.342548 0.101205 0.0600962
6 0.377108 0.188702 0.146988 0.15625
6 0.709639 0.575721 0.151807 0.146635
6 0.931325 0.582933 0.137349 0.175481
9 0.377108 0.296875 0.190361 0.185096
9 0.643373 0.695913 0.236145 0.175481
9 0.93494 0.707933 0.13012 0.132212
11 0.36747 0.326923 0.195181 0.254808
11 0.578313 0.747596 0.414458 0.216346
11 0.936145 0.72476 0.127711 0.175481
