1 0.0504808 0.774038 0.0336538 0.0384615
1 0.135817 0.78125 0.0456731 0.0288462
1 0.192308 0.788462 0.0480769 0.0288462
1 0.322115 0.832933 0.0480769 0.0264423
1 0.399038 0.844952 0.0384615 0.03125
1 0.435096 0.810096 0.0384615 0.0288462
1 0.545673 0.80649 0.0336538 0.03125
1 0.567308 0.831731 0.0432692 0.0384615
1 0.723558 0.819712 0.0288462 0.0288462
3 0.564904 0.552885 0.0336538 0.0240385
3 0.399038 0.557692 0.0336538 0.0240385
5 0.0456731 0.668269 0.0240385 0.0240385
5 0.296875 0.649038 0.0360577 0.0288462
5 0.514423 0.697115 0.0336538 0.0240385
5 0.600962 0.709135 0.0288462 0.0240385
5 0.91226 0.711538 0.0360577 0.0288462
6 0.0817308 0.563702 0.0336538 0.0504808
6 0.13101 0.570913 0.0360577 0.0504808
6 0.227163 0.563702 0.0360577 0.0456731
6 0.280048 0.55649 0.03125 0.0456731
6 0.3125 0.574519 0.0432692 0.0625
6 0.401442 0.555288 0.0528846 0.0576923
6 0.519231 0.566106 0.0384615 0.0504808
6 0.564904 0.550481 0.0384615 0.0625
6 0.638221 0.551683 0.03125 0.0456731
6 0.680288 0.555288 0.0336538 0.0432692
6 0.716346 0.570913 0.0528846 0.0504808
6 0.807692 0.543269 0.0336538 0.0432692
6 0.905048 0.546875 0.0360577 0.0456731
6 0.967548 0.550481 0.0360577 0.0528846
7 0.936298 0.602163 0.0649038 0.0697115
9 0.0745192 0.622596 0.0673077 0.0817308
9 0.127404 0.635817 0.0673077 0.0889423
9 0.223558 0.632212 0.0721154 0.0961538
9 0.3125 0.639423 0.0865385 0.100962
9 0.408654 0.633413 0.0913462 0.117788
9 0.566106 0.63101 0.0889423 0.112981
9 0.5 0.625 0.0480769 0.0817308
9 0.645433 0.609375 0.0697115 0.0985577
9 0.728365 0.639423 0.0865385 0.100962
9 0.799279 0.594952 0.0600962 0.0889423
9 0.919471 0.688702 0.122596 0.15625
11 0.0721154 0.653846 0.0625 0.182692
11 0.129808 0.677885 0.0721154 0.163462
11 0.22476 0.676683 0.0793269 0.185096
11 0.3125 0.701923 0.0865385 0.221154
11 0.408654 0.695913 0.105769 0.242788
11 0.501202 0.679087 0.0504808 0.194712
11 0.563702 0.688702 0.0985577 0.228365
11 0.644231 0.66226 0.0576923 0.213942
11 0.728365 0.686298 0.0817308 0.199519
11 0.802885 0.640625 0.0625 0.175481
11 0.924279 0.741587 0.127404 0.271635
