6 0.84976 0.445783 0.03125 0.0433735
6 0.754808 0.438554 0.0336538 0.053012
6 0.66226 0.438554 0.0360577 0.0626506
6 0.576923 0.446988 0.0336538 0.060241
6 0.501202 0.433735 0.0360577 0.0578313
6 0.427885 0.424096 0.0384615 0.053012
6 0.336538 0.422892 0.0384615 0.0457831
6 0.266827 0.415663 0.0384615 0.0361446
6 0.167067 0.424096 0.0408654 0.0385542
0 0.4375 0.610843 0.0432692 0.0650602
0 0.395433 0.603614 0.0360577 0.0650602
0 0.34375 0.604819 0.0288462 0.0626506
0 0.50601 0.601205 0.0504808 0.0795181
0 0.576923 0.568675 0.0336538 0.0626506
0 0.605769 0.559036 0.0288462 0.0771084
0 0.638221 0.553012 0.0360577 0.0698795
0 0.685096 0.549398 0.0384615 0.0674699
9 0.165865 0.478313 0.0673077 0.0698795
9 0.263221 0.475904 0.0745192 0.0746988
9 0.33774 0.478313 0.0649038 0.0843373
9 0.423077 0.487952 0.0721154 0.103614
9 0.495192 0.491566 0.0673077 0.0915663
