3 0.311298 0.348558 0.0841346 0.0384615
2 0.182692 0.401442 0.0625 0.0432692
2 0.504808 0.354567 0.0721154 0.0360577
5 0.296875 0.846154 0.0360577 0.0721154
6 0.146635 0.409856 0.134615 0.189904
6 0.300481 0.335337 0.120192 0.15625
6 0.420673 0.358173 0.0576923 0.0721154
6 0.415865 0.421875 0.0673077 0.0841346
6 0.536058 0.350962 0.105769 0.129808
6 0.655048 0.367788 0.0697115 0.100962
6 0.719952 0.413462 0.0697115 0.0913462
9 0.153846 0.676683 0.240385 0.411058
9 0.311298 0.548077 0.199519 0.288462
9 0.384615 0.418269 0.0625 0.0721154
9 0.425481 0.554087 0.0817308 0.194712
9 0.554087 0.55649 0.228365 0.319712
9 0.706731 0.56851 0.0865385 0.21875
11 0.155048 0.670673 0.242788 0.408654
11 0.320913 0.635817 0.223558 0.473558
11 0.433894 0.622596 0.0889423 0.326923
11 0.393029 0.420673 0.0889423 0.0865385
11 0.555288 0.635817 0.230769 0.478365
11 0.719952 0.665865 0.122596 0.427885
5 0.433894 0.657452 0.0408654 0.03125
