0 0.28726 0.644231 0.03125 0.0432692
0 0.574519 0.800481 0.0384615 0.0336538
0 0.53125 0.789663 0.0432692 0.0408654
3 0.292067 0.336538 0.03125 0.0240385
3 0.774038 0.466346 0.0336538 0.0240385
5 0.600962 0.643029 0.0288462 0.0360577
5 0.519231 0.524038 0.0240385 0.0480769
5 0.502404 0.634615 0.0240385 0.0240385
5 0.4375 0.641827 0.0240385 0.0432692
4 0.813702 0.637019 0.0360577 0.0432692
4 0.754808 0.643029 0.0288462 0.0360577
6 0.299279 0.330529 0.0504808 0.0793269
6 0.47476 0.497596 0.0504808 0.0528846
6 0.574519 0.457933 0.0576923 0.0552885
6 0.783654 0.467548 0.0673077 0.0600962
9 0.304087 0.411058 0.0552885 0.0913462
9 0.47476 0.572115 0.0697115 0.100962
9 0.566106 0.563702 0.0841346 0.122596
9 0.783654 0.569712 0.0721154 0.134615
10 0.302885 0.454327 0.0576923 0.173077
10 0.478365 0.606971 0.0625 0.170673
10 0.563702 0.623798 0.0697115 0.247596
10 0.800481 0.634615 0.0625 0.264423
