0 0.217548 0.616867 0.0264423 0.0240964
0 0.489183 0.704819 0.0456731 0.0409639
0 0.652644 0.783133 0.0552885 0.0578313
0 0.71875 0.512048 0.0240385 0.0313253
0 0.689904 0.513253 0.0240385 0.0289157
4 0.144231 0.516867 0.0240385 0.0409639
4 0.534856 0.492771 0.0552885 0.0506024
4 0.59976 0.609639 0.0504808 0.0433735
4 0.509615 0.339759 0.0240385 0.0240964
4 0.487981 0.373494 0.0240385 0.0240964
6 0.188702 0.472289 0.0745192 0.0915663
6 0.626202 0.393976 0.117788 0.142169
6 0.770433 0.33253 0.0456731 0.053012
6 0.477163 0.30241 0.03125 0.0361446
9 0.576923 0.475904 0.110577 0.0939759
9 0.727163 0.361446 0.0600962 0.0722892
9 0.477163 0.339759 0.0408654 0.0481928
