0 0.879808 0.724096 0.0625 0.0457831
0 0.924279 0.692771 0.03125 0.0457831
5 0.558894 0.639759 0.0456731 0.0650602
5 0.539663 0.555422 0.0504808 0.0506024
5 0.46274 0.472289 0.0408654 0.0385542
5 0.515625 0.486747 0.0360577 0.0240964
5 0.293269 0.490361 0.0480769 0.0409639
5 0.925481 0.514458 0.0384615 0.0361446
5 0.983173 0.716867 0.0336538 0.0939759
6 0.65625 0.307229 0.120192 0.13253
6 0.757212 0.338554 0.115385 0.118072
6 0.899038 0.36988 0.0817308 0.0746988
6 0.46274 0.378313 0.0552885 0.086747
6 0.405048 0.371084 0.0504808 0.0722892
6 0.334135 0.383133 0.0384615 0.0481928
6 0.300481 0.372289 0.0432692 0.0409639
6 0.0961538 0.392771 0.192308 0.342169
9 0.677885 0.506024 0.173077 0.245783
9 0.80649 0.509639 0.0649038 0.185542
9 0.902644 0.493976 0.0841346 0.154217
9 0.123798 0.783133 0.247596 0.361446
9 0.191106 0.492771 0.0793269 0.185542
11 0.465144 0.50241 0.09375 0.180723
11 0.894231 0.550602 0.0913462 0.262651
11 0.675481 0.590361 0.182692 0.371084
