1 0.274038 0.778313 0.0625 0.053012
1 0.295673 0.73012 0.0625 0.0385542
3 0.245192 0.463855 0.0528846 0.026506
3 0.330529 0.466265 0.0360577 0.0313253
3 0.427885 0.457831 0.0576923 0.0385542
3 0.638221 0.474699 0.0360577 0.0240964
3 0.758413 0.501205 0.0408654 0.0337349
5 0.171875 0.638554 0.0360577 0.0385542
5 0.298077 0.619277 0.0336538 0.0337349
5 0.38101 0.669879 0.03125 0.0433735
5 0.555288 0.542169 0.0288462 0.0433735
5 0.778846 0.753012 0.0384615 0.0506024
6 0.231971 0.468675 0.0600962 0.0843373
6 0.323317 0.462651 0.0504808 0.053012
6 0.423077 0.450602 0.0721154 0.0915663
6 0.638221 0.475904 0.0360577 0.0457831
6 0.78125 0.5 0.0721154 0.0843373
9 0.222356 0.557831 0.108173 0.146988
9 0.310096 0.53012 0.0721154 0.106024
9 0.418269 0.551807 0.125 0.139759
9 0.639423 0.536145 0.0913462 0.0987952
9 0.789663 0.619277 0.117788 0.178313
11 0.216346 0.627711 0.115385 0.296386
11 0.323317 0.595181 0.0985577 0.231325
11 0.413462 0.648193 0.120192 0.327711
11 0.639423 0.586747 0.0913462 0.2
11 0.789663 0.666265 0.122596 0.277108
