0 0.03125 0.659036 0.0528846 0.0361446
0 0.0432692 0.620482 0.0528846 0.0361446
0 0.0637019 0.579518 0.0456731 0.026506
0 0.324519 0.580723 0.0384615 0.0385542
0 0.36899 0.573494 0.0408654 0.0385542
0 0.419471 0.559036 0.0360577 0.0289157
0 0.463942 0.560241 0.0288462 0.0361446
0 0.540865 0.551807 0.0288462 0.0337349
0 0.216346 0.544578 0.0240385 0.0240964
5 0.294471 0.451807 0.0264423 0.026506
5 0.382212 0.443374 0.0240385 0.0240964
5 0.790865 0.485542 0.0480769 0.0313253
5 0.75 0.480723 0.0288462 0.0313253
6 0.330529 0.298795 0.0504808 0.0626506
6 0.444712 0.309639 0.0336538 0.060241
6 0.486779 0.324096 0.0408654 0.0457831
6 0.604567 0.303614 0.0504808 0.0626506
6 0.669471 0.274699 0.0408654 0.0674699
6 0.825721 0.375904 0.0697115 0.0771084
6 0.207933 0.333735 0.0408654 0.0506024
6 0.140625 0.312048 0.0456731 0.0506024
6 0.0805288 0.310843 0.0456731 0.053012
9 0.143029 0.384337 0.0841346 0.0987952
9 0.213942 0.393976 0.0528846 0.0698795
9 0.331731 0.383133 0.105769 0.110843
9 0.4375 0.393976 0.0721154 0.108434
9 0.508413 0.386747 0.0600962 0.0891566
9 0.570913 0.384337 0.0649038 0.127711
11 0.145433 0.426506 0.0841346 0.168675
11 0.326923 0.431325 0.105769 0.207229
11 0.439904 0.43012 0.0769231 0.175904
11 0.510817 0.421687 0.0600962 0.159036
