6 0.283654 0.284856 0.0961538 0.117788
6 0.454327 0.385817 0.0817308 0.112981
6 0.466346 0.278846 0.0576923 0.0721154
6 0.512019 0.336538 0.0673077 0.0865385
6 0.596154 0.277644 0.0673077 0.09375
6 0.561298 0.304087 0.0360577 0.0745192
6 0.28125 0.0576923 0.0913462 0.115385
6 0.466346 0.0552885 0.0528846 0.0721154
6 0.594952 0.0600962 0.0600962 0.0865385
6 0.558894 0.03125 0.0360577 0.0480769
5 0.25601 0.47476 0.0552885 0.0456731
5 0.921875 0.372596 0.0456731 0.0528846
9 0.242788 0.402644 0.105769 0.146635
9 0.549279 0.485577 0.151442 0.158654
0 0.466346 0.784856 0.0769231 0.0456731
0 0.540865 0.725962 0.0384615 0.0384615
0 0.540865 0.93149 0.0384615 0.0264423
0 0.46875 0.878606 0.0769231 0.0360577
1 0.299279 0.697115 0.0745192 0.0576923
1 0.231971 0.733173 0.0600962 0.0673077
1 0.227163 0.929087 0.0504808 0.0697115
1 0.301683 0.96274 0.0600962 0.0600962
1 0.828125 0.727163 0.0504808 0.0649038
1 0.830529 0.932692 0.0552885 0.0673077
11 0.561298 0.585337 0.165865 0.348558
11 0.239183 0.503606 0.122596 0.334135
