0 0.305288 0.742169 0.0625 0.0626506
0 0.375 0.720482 0.0817308 0.0433735
0 0.158654 0.740964 0.0913462 0.0457831
0 0.421875 0.698795 0.0360577 0.0433735
0 0.473558 0.695181 0.0480769 0.0361446
0 0.546875 0.713253 0.0552885 0.0433735
0 0.615385 0.710843 0.0576923 0.0481928
0 0.65625 0.686747 0.0384615 0.0289157
0 0.736779 0.737349 0.0649038 0.0337349
0 0.774038 0.760241 0.0769231 0.0361446
0 0.717548 0.646988 0.0552885 0.0361446
0 0.864183 0.70241 0.0600962 0.0409639
3 0.158654 0.256627 0.0336538 0.0361446
3 0.352163 0.308434 0.0408654 0.0240964
5 0.0192308 0.526506 0.0384615 0.0698795
5 0.180288 0.436145 0.0384615 0.0337349
5 0.40024 0.362651 0.0504808 0.0506024
5 0.397837 0.406024 0.0408654 0.0313253
5 0.401442 0.545783 0.0288462 0.0361446
5 0.498798 0.543373 0.0360577 0.0409639
5 0.605769 0.536145 0.0336538 0.0457831
5 0.814904 0.489157 0.0384615 0.0481928
6 0.125 0.261446 0.129808 0.108434
6 0.341346 0.314458 0.0769231 0.0843373
6 0.292067 0.343374 0.0649038 0.0698795
6 0.438702 0.366265 0.0600962 0.0674699
6 0.543269 0.345783 0.0721154 0.0795181
6 0.620192 0.357831 0.0528846 0.0698795
6 0.745192 0.289157 0.0817308 0.086747
6 0.829327 0.359036 0.0625 0.0819277
6 0.49399 0.383133 0.0408654 0.053012
9 0.121394 0.457831 0.151442 0.289157
9 0.334135 0.43012 0.0961538 0.146988
9 0.44351 0.454217 0.0889423 0.108434
9 0.539663 0.455422 0.112981 0.139759
9 0.629808 0.442169 0.0913462 0.103614
9 0.763221 0.427711 0.117788 0.185542
11 0.102163 0.524096 0.137019 0.412048
11 0.335337 0.510843 0.112981 0.313253
11 0.451923 0.526506 0.110577 0.233735
11 0.554087 0.515663 0.127404 0.26506
11 0.757212 0.507229 0.125 0.354217
11 0.859375 0.533735 0.0889423 0.272289
