4 0.387019 0.626202 0.0240385 0.03125
5 0.0913462 0.628606 0.0288462 0.0360577
5 0.878606 0.621394 0.0264423 0.0408654
6 0.0793269 0.521635 0.0480769 0.0432692
6 0.305288 0.551683 0.0336538 0.0408654
6 0.387019 0.526442 0.0432692 0.0480769
6 0.588942 0.534856 0.0480769 0.0552885
6 0.659856 0.53125 0.0504808 0.0528846
6 0.899038 0.503606 0.0384615 0.0504808
9 0.0709135 0.582933 0.0456731 0.0889423
9 0.313702 0.594952 0.0408654 0.0552885
9 0.361779 0.575721 0.0504808 0.0745192
9 0.592548 0.592548 0.0745192 0.0985577
9 0.659856 0.591346 0.0697115 0.0913462
9 0.902644 0.573317 0.0600962 0.09375
10 0.0721154 0.58774 0.0480769 0.0985577
10 0.314904 0.604567 0.0432692 0.0745192
10 0.364183 0.573317 0.0649038 0.0745192
10 0.58774 0.603365 0.0841346 0.125
10 0.661058 0.592548 0.0673077 0.09375
10 0.901442 0.582933 0.0721154 0.132212
