0 0.393029 0.784856 0.0408654 0.0456731
0 0.335337 0.788462 0.0504808 0.0576923
0 0.490385 0.777644 0.0288462 0.0360577
0 0.526442 0.739183 0.0336538 0.0408654
0 0.628606 0.734375 0.03125 0.0408654
0 0.694712 0.751202 0.0432692 0.0456731
0 0.853365 0.759615 0.0384615 0.0528846
0 0.817308 0.740385 0.0384615 0.0432692
0 0.923077 0.740385 0.0336538 0.0432692
1 0.24399 0.75 0.03125 0.0336538
1 0.225962 0.715144 0.0288462 0.0264423
3 0.149038 0.475962 0.0432692 0.0240385
3 0.393029 0.448317 0.0408654 0.0264423
3 0.515625 0.438702 0.0408654 0.0264423
3 0.664663 0.448317 0.0264423 0.03125
5 0.152644 0.512019 0.0360577 0.0432692
5 0.207933 0.639423 0.0264423 0.0240385
5 0.31851 0.625 0.03125 0.0240385
5 0.461538 0.617788 0.0336538 0.0288462
5 0.567308 0.608173 0.0288462 0.0288462
5 0.671875 0.533654 0.03125 0.0288462
6 0.388221 0.442308 0.0600962 0.0865385
6 0.509615 0.444712 0.0576923 0.0673077
6 0.951923 0.472356 0.0625 0.0649038
6 0.239183 0.477163 0.0552885 0.0600962
6 0.319712 0.459135 0.0432692 0.0480769
9 0.151442 0.586538 0.100962 0.139423
9 0.235577 0.543269 0.0817308 0.0961538
9 0.376202 0.546875 0.112981 0.137019
9 0.507212 0.53726 0.115385 0.127404
9 0.657452 0.545673 0.0985577 0.129808
9 0.844952 0.549279 0.0745192 0.112981
9 0.945913 0.557692 0.0985577 0.115385
7 0.655048 0.455529 0.0552885 0.0600962
7 0.840144 0.469952 0.0552885 0.0600962
11 0.151442 0.653846 0.110577 0.254808
11 0.373798 0.611779 0.112981 0.257212
11 0.504808 0.590144 0.100962 0.233173
11 0.657452 0.582933 0.117788 0.223558
11 0.84976 0.600962 0.0889423 0.216346
11 0.949519 0.615385 0.100962 0.230769
