7 0.893029 0.418269 0.0456731 0.0576923
7 0.788462 0.433894 0.0432692 0.0456731
7 0.626202 0.41226 0.0360577 0.0504808
7 0.501202 0.423077 0.03125 0.0432692
7 0.414663 0.409856 0.03125 0.0456731
7 0.147837 0.423077 0.0552885 0.0769231
7 0.265625 0.420673 0.0360577 0.0480769
7 0.30649 0.408654 0.0408654 0.0625
7 0.335337 0.408654 0.0264423 0.0480769
7 0.103365 0.41226 0.0288462 0.0408654
7 0.0120192 0.408654 0.0240385 0.0336538
5 0.195913 0.536058 0.03125 0.0384615
5 0.612981 0.49399 0.0288462 0.0408654
9 0.502404 0.491587 0.0721154 0.103365
9 0.295673 0.487981 0.0673077 0.100962
9 0.414663 0.477163 0.0600962 0.09375
9 0.138221 0.52524 0.0985577 0.137019
0 0.902644 0.689904 0.0552885 0.0336538
0 0.860577 0.674279 0.0625 0.0360577
0 0.796875 0.652644 0.03125 0.0552885
0 0.769231 0.65024 0.0240385 0.0504808
0 0.643029 0.646635 0.0456731 0.0384615
0 0.596154 0.640625 0.0432692 0.03125
0 0.521635 0.637019 0.0384615 0.0384615
0 0.480769 0.637019 0.0480769 0.0336538
0 0.295673 0.695913 0.0528846 0.0456731
0 0.155048 0.75601 0.0793269 0.0504808
0 0.152644 0.878606 0.0793269 0.0456731
0 0.296875 0.94351 0.0504808 0.0408654
0 0.902644 0.947115 0.0600962 0.0432692
0 0.862981 0.960337 0.0625 0.0456731
11 0.498798 0.524038 0.0697115 0.144231
11 0.615385 0.522837 0.0721154 0.185096
11 0.777644 0.533654 0.0649038 0.173077
11 0.891827 0.552885 0.0817308 0.230769
11 0.292067 0.546875 0.0600962 0.21875
11 0.129808 0.584135 0.0865385 0.259615
