0 0.233173 0.625301 0.100962 0.108434
0 0.149038 0.637349 0.0913462 0.108434
0 0.280048 0.598795 0.0552885 0.0746988
0 0.341346 0.59759 0.0625 0.0963855
0 0.421875 0.603614 0.0600962 0.113253
0 0.510817 0.6 0.0793269 0.110843
0 0.822115 0.613253 0.0721154 0.0457831
0 0.711538 0.560241 0.0528846 0.0698795
3 0.1875 0.307229 0.0288462 0.026506
4 0.325721 0.433735 0.0408654 0.0289157
4 0.332933 0.455422 0.0360577 0.0289157
4 0.520433 0.46747 0.0408654 0.0337349
4 0.819712 0.480723 0.0384615 0.0457831
4 0.762019 0.389157 0.0336538 0.0313253
4 0.675481 0.440964 0.0336538 0.0385542
6 0.169471 0.284337 0.0841346 0.0819277
6 0.237981 0.26988 0.0769231 0.0819277
6 0.450721 0.338554 0.0697115 0.0891566
6 0.657452 0.337349 0.0649038 0.0578313
6 0.777644 0.286747 0.0697115 0.0722892
9 0.122596 0.396386 0.139423 0.180723
9 0.262019 0.36506 0.125 0.122892
9 0.44351 0.410843 0.117788 0.103614
9 0.711538 0.406024 0.0673077 0.137349
9 0.822115 0.387952 0.125 0.144578
11 0.141827 0.449398 0.153846 0.286747
11 0.816106 0.445783 0.108173 0.255422
11 0.715144 0.445783 0.0841346 0.163855
