0 0.626202 0.853365 0.0985577 0.0673077
0 0.378606 0.862981 0.0793269 0.0432692
3 0.352163 0.330529 0.0649038 0.0408654
3 0.729567 0.364183 0.0745192 0.0360577
2 0.612981 0.372596 0.0384615 0.0240385
5 0.651442 0.485577 0.0480769 0.0625
5 0.78726 0.671875 0.0552885 0.0793269
6 0.334135 0.324519 0.110577 0.134615
6 0.736779 0.356971 0.09375 0.132212
6 0.612981 0.36899 0.0528846 0.0649038
6 0.664663 0.384615 0.0264423 0.0288462
9 0.311298 0.47476 0.194712 0.180288
9 0.734375 0.508413 0.175481 0.194712
9 0.614183 0.450721 0.0793269 0.112981
11 0.301683 0.608173 0.189904 0.442308
11 0.709135 0.61899 0.192308 0.40625
