3 0.752404 0.301205 0.0961538 0.0433735
3 0.472356 0.636145 0.0456731 0.0240964
3 0.206731 0.6 0.0336538 0.0289157
3 0.338942 0.6 0.0432692 0.0240964
5 0.740385 0.609639 0.0817308 0.053012
5 0.824519 0.572289 0.0769231 0.0650602
5 0.542067 0.779518 0.0408654 0.060241
5 0.466346 0.806024 0.0480769 0.0457831
5 0.365385 0.751807 0.0384615 0.0385542
5 0.393029 0.733735 0.03125 0.0409639
5 0.258413 0.644578 0.0360577 0.060241
5 0.125 0.746988 0.0528846 0.0385542
6 0.204327 0.595181 0.0528846 0.0722892
6 0.335337 0.598795 0.0649038 0.0795181
6 0.469952 0.624096 0.0649038 0.0915663
6 0.758413 0.287952 0.132212 0.166265
8 0.765625 0.542169 0.257212 0.356627
9 0.129808 0.66506 0.120192 0.101205
9 0.336538 0.680723 0.0865385 0.0939759
9 0.485577 0.710843 0.144231 0.0963855
