0 0.408654 0.850962 0.0576923 0.0432692
0 0.354567 0.828125 0.0600962 0.0360577
0 0.304087 0.792067 0.0552885 0.0360577
0 0.252404 0.77524 0.0625 0.03125
3 0.382212 0.427885 0.0528846 0.0336538
3 0.288462 0.387019 0.0480769 0.0288462
3 0.497596 0.396635 0.0384615 0.0288462
6 0.530048 0.391827 0.108173 0.120192
6 0.390625 0.420673 0.0793269 0.0913462
6 0.302885 0.385817 0.0769231 0.0841346
9 0.286058 0.521635 0.0769231 0.1875
9 0.382212 0.566106 0.129808 0.199519
9 0.515625 0.584135 0.132212 0.269231
11 0.515625 0.704327 0.117788 0.495192
11 0.384615 0.639423 0.115385 0.326923
11 0.28726 0.581731 0.103365 0.322115
