6 0.259615 0.415663 0.0913462 0.127711
6 0.128606 0.454217 0.0600962 0.0746988
6 0.485577 0.418072 0.0721154 0.108434
6 0.639423 0.39759 0.0913462 0.125301
6 0.78125 0.368675 0.0721154 0.110843
7 0.364183 0.455422 0.0360577 0.0481928
2 0.486779 0.433735 0.0504808 0.0240964
2 0.265625 0.426506 0.0745192 0.0289157
9 0.262019 0.573494 0.182692 0.212048
9 0.487981 0.580723 0.139423 0.221687
9 0.653846 0.556626 0.158654 0.19759
9 0.783654 0.516867 0.110577 0.195181
9 0.117788 0.536145 0.0961538 0.113253
10 0.653846 0.649398 0.163462 0.39759
11 0.498798 0.660241 0.108173 0.371084
11 0.292067 0.643373 0.112981 0.346988
11 0.801683 0.604819 0.141827 0.375904
