2 0.199519 0.409856 0.100962 0.0600962
2 0.600962 0.424279 0.105769 0.0552885
2 0.766827 0.341346 0.0817308 0.0480769
5 0.288462 0.544471 0.0721154 0.0841346
5 0.30649 0.745192 0.0841346 0.0913462
6 0.163462 0.375 0.182692 0.211538
6 0.597356 0.414663 0.137019 0.180288
6 0.83774 0.323317 0.223558 0.262019
9 0.177885 0.645433 0.3125 0.362981
9 0.614183 0.663462 0.276442 0.317308
9 0.858173 0.634615 0.283654 0.384615
11 0.18149 0.646635 0.319712 0.370192
11 0.603365 0.661058 0.298077 0.326923
11 0.850962 0.632212 0.298077 0.379808
