0 0.649038 0.76506 0.134615 0.0698795
2 0.545673 0.283133 0.0673077 0.0554217
2 0.578125 0.207229 0.0745192 0.0674699
4 0.554087 0.491566 0.03125 0.0289157
4 0.602163 0.489157 0.0360577 0.0433735
4 0.621394 0.515663 0.0408654 0.0578313
6 0.296875 0.450602 0.127404 0.159036
6 0.55649 0.266265 0.0841346 0.122892
6 0.592548 0.204819 0.112981 0.115663
9 0.213942 0.484337 0.0625 0.0963855
9 0.283654 0.657831 0.230769 0.274699
9 0.72476 0.324096 0.199519 0.195181
9 0.580529 0.350602 0.112981 0.122892
11 0.21274 0.481928 0.0649038 0.0963855
11 0.286058 0.657831 0.240385 0.289157
11 0.578125 0.381928 0.117788 0.195181
11 0.730769 0.489157 0.206731 0.544578
