0 0.567308 0.727711 0.0480769 0.0433735
0 0.501202 0.726506 0.0504808 0.0457831
0 0.604567 0.684337 0.0456731 0.0240964
2 0.697115 0.256627 0.0432692 0.0361446
3 0.530048 0.391566 0.0408654 0.026506
5 0.435096 0.561446 0.0288462 0.0433735
5 0.580529 0.533735 0.0264423 0.0506024
5 0.663462 0.418072 0.0625 0.0506024
7 0.396635 0.39759 0.0528846 0.0626506
7 0.533654 0.393976 0.0625 0.0698795
7 0.623798 0.416867 0.0408654 0.0481928
7 0.727163 0.263855 0.09375 0.108434
9 0.530048 0.486747 0.108173 0.13012
9 0.75 0.419277 0.149038 0.20241
9 0.396635 0.501205 0.0817308 0.13494
11 0.534856 0.561446 0.122596 0.26988
11 0.757212 0.563855 0.153846 0.501205
