6 0.612981 0.381928 0.0721154 0.0698795
6 0.403846 0.312048 0.0625 0.0698795
6 0.183894 0.255422 0.0649038 0.086747
4 0.248798 0.445783 0.0360577 0.0481928
5 0.487981 0.422892 0.0336538 0.0409639
0 0.379808 0.760241 0.0961538 0.0457831
0 0.384615 0.903614 0.110577 0.0722892
0 0.602163 0.755422 0.0649038 0.0554217
0 0.600962 0.916867 0.0817308 0.0457831
0 0.18149 0.687952 0.0841346 0.0554217
0 0.121394 0.706024 0.0552885 0.0481928
0 0.302885 0.715663 0.0528846 0.0481928
8 0.651442 0.475904 0.129808 0.127711
8 0.371394 0.412048 0.09375 0.115663
8 0.144231 0.345783 0.110577 0.0987952
11 0.370192 0.539759 0.125 0.351807
11 0.146635 0.5 0.100962 0.354217
