0 0.151442 0.561446 0.0528846 0.0433735
0 0.21875 0.539759 0.0432692 0.0337349
3 0.81851 0.377108 0.0985577 0.0746988
4 0.801683 0.619277 0.0793269 0.0915663
4 0.33774 0.487952 0.0360577 0.0313253
4 0.340144 0.468675 0.0360577 0.026506
6 0.807692 0.353012 0.139423 0.190361
6 0.367788 0.36988 0.0721154 0.0698795
6 0.241587 0.393976 0.0504808 0.0506024
6 0.0901442 0.451807 0.0456731 0.0409639
6 0.11899 0.371084 0.0360577 0.0481928
6 0.216346 0.350602 0.0480769 0.0361446
9 0.641827 0.551807 0.269231 0.255422
9 0.413462 0.445783 0.0961538 0.0963855
9 0.197115 0.43012 0.0480769 0.0698795
9 0.0661058 0.507229 0.0649038 0.0795181
11 0.195913 0.468675 0.0745192 0.127711
