6 0.242788 0.443374 0.0961538 0.106024
6 0.456731 0.416867 0.0528846 0.0819277
6 0.584135 0.433735 0.0673077 0.0819277
6 0.664663 0.440964 0.0552885 0.0626506
6 0.805288 0.439759 0.0817308 0.0891566
6 0.729567 0.459036 0.0360577 0.0409639
6 0.332933 0.448193 0.03125 0.0433735
6 0.419471 0.438554 0.0360577 0.0481928
0 0.632212 0.790361 0.0432692 0.053012
0 0.635817 0.878313 0.0600962 0.0409639
0 0.564904 0.9 0.0625 0.0313253
0 0.469952 0.914458 0.0360577 0.0361446
0 0.46875 0.755422 0.0384615 0.0457831
0 0.530048 0.756626 0.0360577 0.0385542
0 0.56851 0.76747 0.0504808 0.0361446
0 0.683894 0.718072 0.0504808 0.0481928
0 0.657452 0.701205 0.0360577 0.0385542
9 0.219952 0.574699 0.132212 0.209639
9 0.475962 0.527711 0.100962 0.13012
9 0.597356 0.537349 0.0841346 0.125301
9 0.680288 0.521687 0.0673077 0.118072
9 0.819712 0.586747 0.100962 0.204819
10 0.8125 0.679518 0.110577 0.390361
11 0.480769 0.589157 0.105769 0.26747
11 0.594952 0.603614 0.0745192 0.253012
11 0.677885 0.56747 0.0576923 0.204819
