0 0.311298 0.685096 0.0456731 0.0432692
0 0.125 0.683894 0.0576923 0.0456731
0 0.466346 0.935096 0.115385 0.0721154
5 0.246394 0.528846 0.03125 0.0528846
5 0.1875 0.526442 0.0384615 0.0480769
5 0.560096 0.5 0.0769231 0.0576923
5 0.533654 0.528846 0.0480769 0.0384615
6 0.259615 0.294471 0.0817308 0.0793269
6 0.174279 0.295673 0.0697115 0.0865385
6 0.472356 0.245192 0.132212 0.177885
8 0.409856 0.5 0.213942 0.365385
9 0.276442 0.417067 0.100962 0.170673
9 0.143029 0.405048 0.09375 0.170673
11 0.408654 0.609375 0.168269 0.617788
8 0.0637019 0.483173 0.127404 0.346154
