1 0.459135 0.822115 0.0480769 0.0625
1 0.507212 0.763221 0.0625 0.0456731
1 0.919471 0.83774 0.0600962 0.0600962
3 0.0252404 0.384615 0.0504808 0.0288462
3 0.175481 0.331731 0.0673077 0.0480769
3 0.376202 0.359375 0.0649038 0.03125
3 0.585337 0.342548 0.0649038 0.03125
3 0.665865 0.353365 0.0432692 0.0240385
3 0.75601 0.325721 0.0697115 0.0360577
3 0.879808 0.359375 0.0528846 0.03125
5 0.22476 0.664663 0.0600962 0.0793269
5 0.283654 0.739183 0.0576923 0.0552885
5 0.284856 0.524038 0.0841346 0.0817308
5 0.508413 0.679087 0.0408654 0.0456731
5 0.734375 0.680288 0.0649038 0.0721154
6 0.0240385 0.394231 0.0480769 0.105769
6 0.135817 0.329327 0.146635 0.173077
6 0.236779 0.360577 0.0649038 0.120192
6 0.360577 0.350962 0.110577 0.149038
6 0.478365 0.340144 0.0576923 0.0793269
6 0.671875 0.348558 0.0552885 0.0769231
6 0.887019 0.34976 0.0817308 0.117788
7 0.282452 0.354567 0.0504808 0.0985577
7 0.419471 0.342548 0.0408654 0.0889423
7 0.59375 0.342548 0.0865385 0.103365
7 0.71274 0.359375 0.0552885 0.0985577
7 0.78125 0.326923 0.115385 0.149038
9 0.109375 0.581731 0.170673 0.350962
9 0.223558 0.47476 0.0865385 0.132212
9 0.353365 0.551683 0.177885 0.271635
9 0.438702 0.489183 0.0889423 0.233173
9 0.58774 0.542067 0.185096 0.290865
9 0.789663 0.550481 0.175481 0.3125
9 0.920673 0.503606 0.115385 0.209135
11 0.112981 0.579327 0.173077 0.341346
11 0.225962 0.473558 0.0913462 0.144231
11 0.346154 0.546875 0.192308 0.28125
11 0.4375 0.590144 0.0913462 0.449519
11 0.596154 0.632212 0.206731 0.466346
11 0.793269 0.643029 0.1875 0.492788
11 0.920673 0.611779 0.115385 0.435096
