6 0.865385 0.419471 0.0961538 0.0985577
6 0.751202 0.396635 0.0649038 0.0961538
6 0.635817 0.389423 0.0745192 0.105769
6 0.453125 0.408654 0.0889423 0.129808
6 0.336538 0.408654 0.0673077 0.0961538
6 0.134615 0.429087 0.120192 0.146635
2 0.751202 0.397837 0.0504808 0.0360577
5 0.938702 0.677885 0.0408654 0.0721154
5 0.788462 0.658654 0.0336538 0.0673077
5 0.552885 0.66226 0.0288462 0.0504808
9 0.442308 0.549279 0.0961538 0.170673
9 0.627404 0.519231 0.139423 0.129808
9 0.753606 0.503606 0.0985577 0.132212
9 0.866587 0.539663 0.127404 0.117788
9 0.320913 0.558894 0.122596 0.175481
9 0.126202 0.59375 0.175481 0.177885
0 0.769231 0.834135 0.0480769 0.0480769
0 0.766827 0.883413 0.0480769 0.0456731
11 0.44351 0.6875 0.108173 0.442308
11 0.316106 0.640625 0.127404 0.34375
11 0.622596 0.657452 0.134615 0.420673
11 0.75 0.621394 0.0913462 0.372596
11 0.866587 0.655048 0.117788 0.358173
11 0.141827 0.72476 0.182692 0.444712
