0 0.408654 0.838942 0.0576923 0.0288462
4 0.8125 0.496394 0.0288462 0.0360577
5 0.461538 0.596154 0.0288462 0.0432692
6 0.439904 0.5625 0.0721154 0.0865385
6 0.789663 0.435096 0.0552885 0.0480769
6 0.579327 0.407452 0.0336538 0.03125
6 0.316106 0.395433 0.0360577 0.0360577
9 0.384615 0.638221 0.0865385 0.141827
9 0.760817 0.492788 0.0456731 0.105769
9 0.579327 0.450721 0.0625 0.0745192
9 0.340144 0.469952 0.0408654 0.0793269
9 0.314904 0.430288 0.0384615 0.0432692
11 0.387019 0.701923 0.0721154 0.264423
11 0.578125 0.480769 0.0552885 0.125
11 0.753606 0.520433 0.0408654 0.132212
