7 0.0973558 0.46274 0.0600962 0.0841346
7 0.174279 0.436298 0.0504808 0.0649038
7 0.24399 0.405048 0.0552885 0.0841346
7 0.290865 0.425481 0.0384615 0.0528846
7 0.346154 0.418269 0.0384615 0.0528846
7 0.451923 0.429087 0.0480769 0.0697115
7 0.579327 0.403846 0.0528846 0.0673077
7 0.706731 0.411058 0.0480769 0.0721154
7 0.674279 0.388221 0.0360577 0.0504808
7 0.871394 0.409856 0.0552885 0.0745192
7 0.939904 0.40625 0.0384615 0.0576923
2 0.870192 0.411058 0.0432692 0.0240385
5 0.0240385 0.586538 0.0336538 0.0480769
5 0.153846 0.644231 0.0240385 0.0480769
5 0.176683 0.581731 0.0264423 0.0625
5 0.30649 0.580529 0.03125 0.0504808
5 0.646635 0.552885 0.0240385 0.0384615
5 0.811298 0.566106 0.0264423 0.0408654
9 0.584135 0.495192 0.0961538 0.134615
9 0.705529 0.496394 0.0697115 0.122596
9 0.867788 0.491587 0.125 0.122596
9 0.453125 0.495192 0.0889423 0.100962
9 0.239183 0.504808 0.103365 0.120192
9 0.0865385 0.545673 0.0913462 0.0961538
0 0.573317 0.733173 0.0408654 0.0432692
0 0.628606 0.707933 0.03125 0.0360577
0 0.918269 0.751202 0.0336538 0.0360577
0 0.25601 0.77524 0.0456731 0.0456731
0 0.21875 0.769231 0.0336538 0.0384615
0 0.0865385 0.84375 0.0432692 0.0384615
0 0.0865385 0.902644 0.0384615 0.0360577
0 0.217548 0.975962 0.0360577 0.0432692
0 0.252404 0.978365 0.0384615 0.0432692
0 0.487981 0.733173 0.0288462 0.0336538
11 0.454327 0.575721 0.0913462 0.247596
11 0.586538 0.552885 0.0913462 0.245192
11 0.700721 0.564904 0.0697115 0.25
11 0.870192 0.566106 0.110577 0.266827
11 0.230769 0.59375 0.0721154 0.293269
11 0.0841346 0.640625 0.0865385 0.257212
