2 0.754808 0.357831 0.125 0.060241
3 0.430288 0.351807 0.120192 0.0819277
3 0.194712 0.283133 0.0769231 0.0409639
3 0.603365 0.373494 0.0673077 0.0289157
3 0.528846 0.366265 0.0721154 0.0289157
3 0.679087 0.356627 0.0841346 0.0385542
3 0.639423 0.573494 0.120192 0.0578313
5 0.528846 0.487952 0.149038 0.142169
5 0.914663 0.669879 0.141827 0.13494
5 0.11899 0.50241 0.0745192 0.0506024
6 0.526442 0.362651 0.0961538 0.108434
6 0.597356 0.363855 0.0889423 0.115663
7 0.711538 0.549398 0.269231 0.313253
7 0.776442 0.357831 0.158654 0.190361
7 0.388221 0.374699 0.165865 0.219277
9 0.322115 0.684337 0.225962 0.428916
