7 0.353365 0.338554 0.0432692 0.0506024
7 0.311298 0.363855 0.0456731 0.0433735
7 0.24399 0.336145 0.0504808 0.060241
7 0.169471 0.321687 0.0841346 0.113253
7 0.758413 0.353012 0.0552885 0.0746988
7 0.84375 0.371084 0.0528846 0.0674699
7 0.542067 0.380723 0.0600962 0.0674699
3 0.74399 0.346988 0.0408654 0.0385542
3 0.83774 0.36988 0.0456731 0.0361446
3 0.34976 0.340964 0.03125 0.0313253
0 0.778846 0.784337 0.0528846 0.0746988
0 0.730769 0.774699 0.0480769 0.0891566
0 0.772837 0.885542 0.0456731 0.0506024
0 0.723558 0.892771 0.0480769 0.060241
0 0.378606 0.692771 0.0408654 0.0409639
0 0.324519 0.693976 0.0384615 0.053012
0 0.262019 0.693976 0.0480769 0.0337349
0 0.205529 0.69759 0.0360577 0.0506024
0 0.867788 0.744578 0.0384615 0.0240964
0 0.872596 0.918072 0.0384615 0.0337349
0 0.382212 0.971084 0.0432692 0.0289157
0 0.324519 0.972289 0.0384615 0.0361446
0 0.259615 0.971084 0.0528846 0.0385542
0 0.203125 0.966265 0.0360577 0.0289157
0 0.610577 0.669879 0.0288462 0.0626506
0 0.581731 0.660241 0.0240385 0.053012
0 0.608173 0.990361 0.0240385 0.0240964
0 0.579327 0.986747 0.0240385 0.026506
0 0.461538 0.627711 0.0240385 0.0554217
1 0.501202 0.781928 0.0360577 0.0409639
1 0.550481 0.789157 0.0336538 0.0361446
1 0.545673 0.878313 0.0288462 0.0361446
1 0.5 0.878313 0.0384615 0.0409639
1 0.655048 0.687952 0.0456731 0.0554217
1 0.652644 0.971084 0.0456731 0.0481928
9 0.144231 0.487952 0.120192 0.26747
9 0.247596 0.433735 0.0673077 0.139759
9 0.376202 0.440964 0.0697115 0.125301
9 0.528846 0.49759 0.0961538 0.146988
9 0.754808 0.46988 0.100962 0.163855
9 0.856971 0.473494 0.0841346 0.137349
9 0.977163 0.49759 0.0456731 0.171084
11 0.532452 0.575904 0.09375 0.293976
11 0.360577 0.519277 0.0673077 0.277108
11 0.75601 0.551807 0.0889423 0.33253
11 0.848558 0.542169 0.0961538 0.26988
11 0.126202 0.56506 0.0841346 0.416867
