6 0.783654 0.308434 0.105769 0.115663
6 0.707933 0.242169 0.0600962 0.103614
6 0.532452 0.313253 0.0985577 0.13012
6 0.353365 0.306024 0.0961538 0.120482
6 0.223558 0.266265 0.0817308 0.118072
6 0.127404 0.281928 0.0769231 0.101205
6 0.123798 0.0614458 0.0793269 0.108434
6 0.22476 0.0722892 0.0841346 0.120482
6 0.359375 0.0433735 0.0889423 0.086747
6 0.528846 0.0445783 0.100962 0.0891566
6 0.774038 0.0445783 0.100962 0.0843373
7 0.55649 0.219277 0.03125 0.0433735
7 0.55649 0.115663 0.03125 0.0481928
4 0.49399 0.601205 0.0745192 0.0843373
4 0.754808 0.659036 0.0625 0.0891566
4 0.308894 0.56988 0.0600962 0.0554217
9 0.502404 0.477108 0.144231 0.178313
9 0.746394 0.508434 0.132212 0.240964
9 0.319712 0.448193 0.110577 0.154217
9 0.194712 0.413253 0.0913462 0.209639
9 0.105769 0.416867 0.0817308 0.173494
10 0.766827 0.653012 0.168269 0.510843
10 0.522837 0.648193 0.141827 0.433735
10 0.350962 0.575904 0.0769231 0.404819
10 0.21875 0.490361 0.0769231 0.40241
