6 0.317308 0.462651 0.0288462 0.0385542
6 0.391827 0.463855 0.0288462 0.0409639
6 0.415865 0.459036 0.0240385 0.0361446
6 0.475962 0.449398 0.0336538 0.0409639
6 0.524038 0.457831 0.0288462 0.0481928
6 0.554087 0.454217 0.03125 0.0457831
6 0.644231 0.454217 0.0336538 0.0554217
6 0.695913 0.462651 0.0264423 0.0385542
6 0.728365 0.463855 0.0384615 0.0554217
6 0.897837 0.460241 0.0360577 0.0626506
9 0.472356 0.495181 0.0600962 0.0554217
9 0.563702 0.50241 0.0408654 0.060241
9 0.647837 0.514458 0.03125 0.060241
9 0.730769 0.519277 0.0480769 0.0554217
9 0.903846 0.525301 0.0528846 0.0626506
9 0.323317 0.5 0.0456731 0.0409639
9 0.394231 0.508434 0.0336538 0.0578313
11 0.46875 0.539759 0.0528846 0.13012
11 0.5625 0.546988 0.0432692 0.154217
11 0.655048 0.563855 0.0456731 0.163855
11 0.735577 0.563855 0.0528846 0.163855
11 0.911058 0.573494 0.0625 0.163855
11 0.395433 0.543373 0.0456731 0.122892
11 0.317308 0.53494 0.0384615 0.115663
