6 0.228365 0.332933 0.0625 0.09375
6 0.137019 0.307692 0.129808 0.173077
6 0.0492788 0.277644 0.09375 0.132212
7 0.570913 0.30649 0.0985577 0.132212
7 0.56851 0.0673077 0.103365 0.134615
7 0.682692 0.110577 0.0913462 0.100962
7 0.680288 0.251202 0.0865385 0.103365
7 0.757212 0.335337 0.0240385 0.0600962
7 0.84375 0.360577 0.0528846 0.0865385
7 0.893029 0.356971 0.0360577 0.0504808
7 0.97476 0.326923 0.0504808 0.0769231
7 0.972356 0.0456731 0.0552885 0.0817308
7 0.847356 0.0204327 0.0504808 0.0408654
2 0.533654 0.304087 0.0625 0.0504808
3 0.237981 0.332933 0.0576923 0.03125
3 0.963942 0.335337 0.0384615 0.0360577
3 0.888221 0.360577 0.03125 0.0240385
3 0.842548 0.364183 0.0408654 0.0360577
5 0.3125 0.580529 0.0817308 0.0649038
5 0.858173 0.53125 0.0384615 0.0480769
5 0.939904 0.586538 0.0384615 0.0432692
0 0.25601 0.78726 0.0697115 0.0600962
0 0.209135 0.800481 0.0528846 0.0288462
0 0.205529 0.834135 0.0504808 0.0480769
0 0.262019 0.84976 0.0721154 0.0456731
0 0.935096 0.770433 0.0625 0.0841346
0 0.936298 0.854567 0.0697115 0.0793269
9 0.0829327 0.534856 0.15625 0.334135
9 0.239183 0.491587 0.132212 0.228365
9 0.609375 0.489183 0.213942 0.266827
10 0.22476 0.56851 0.146635 0.387019
11 0.59375 0.637019 0.197115 0.538462
