7 0.0769231 0.410843 0.0528846 0.0650602
7 0.22476 0.414458 0.0408654 0.0578313
7 0.344952 0.395181 0.0552885 0.0674699
7 0.519231 0.403614 0.0480769 0.0650602
7 0.663462 0.414458 0.0528846 0.0674699
7 0.864183 0.374699 0.0649038 0.0795181
3 0.865385 0.368675 0.0432692 0.0240964
5 0.0324519 0.584337 0.03125 0.0457831
5 0.134615 0.571084 0.0240385 0.053012
5 0.197115 0.563855 0.0240385 0.0481928
5 0.271635 0.557831 0.0240385 0.0457831
5 0.610577 0.573494 0.0288462 0.053012
5 0.719952 0.56506 0.03125 0.0506024
5 0.580529 0.549398 0.03125 0.0433735
5 0.485577 0.561446 0.0240385 0.0578313
9 0.530048 0.5 0.0793269 0.108434
9 0.664663 0.493976 0.0889423 0.125301
9 0.872596 0.491566 0.0961538 0.144578
9 0.352163 0.480723 0.0985577 0.0987952
9 0.233173 0.492771 0.0913462 0.0795181
9 0.0769231 0.498795 0.0961538 0.0963855
0 0.277644 0.691566 0.0408654 0.0337349
0 0.227163 0.692771 0.0552885 0.0409639
0 0.342548 0.739759 0.0360577 0.0385542
0 0.387019 0.727711 0.0480769 0.0481928
0 0.388221 0.931325 0.0408654 0.0361446
0 0.338942 0.93012 0.0432692 0.0433735
0 0.28125 0.962651 0.0384615 0.026506
0 0.228365 0.962651 0.0480769 0.0361446
0 0.885817 0.803614 0.0793269 0.0457831
0 0.885817 0.859036 0.0697115 0.0457831
0 0.846154 0.891566 0.0625 0.0337349
0 0.847356 0.768675 0.0649038 0.0385542
0 0.134615 0.722892 0.0480769 0.0433735
0 0.0829327 0.746988 0.0360577 0.0385542
0 0.0829327 0.919277 0.0360577 0.0361446
0 0.133413 0.940964 0.0456731 0.0361446
11 0.350962 0.56506 0.0769231 0.262651
11 0.533654 0.568675 0.0817308 0.274699
11 0.65625 0.566265 0.0721154 0.255422
11 0.870192 0.595181 0.0865385 0.351807
11 0.245192 0.566265 0.0865385 0.245783
11 0.0841346 0.574699 0.110577 0.26747
