3 0.408654 0.444712 0.0913462 0.0673077
3 0.489183 0.538462 0.0841346 0.0336538
4 0.466346 0.903846 0.0865385 0.120192
4 0.484375 0.850962 0.0649038 0.0865385
4 0.516827 0.808894 0.0673077 0.0745192
6 0.394231 0.433894 0.158654 0.170673
6 0.490385 0.524038 0.105769 0.139423
9 0.295673 0.637019 0.25 0.235577
9 0.0841346 0.623798 0.168269 0.271635
9 0.555288 0.668269 0.274038 0.192308
11 0.0829327 0.742788 0.165865 0.514423
11 0.292067 0.75601 0.257212 0.483173
11 0.564904 0.78726 0.283654 0.425481
