4 0.24399 0.522892 0.0552885 0.053012
4 0.80649 0.63253 0.03125 0.0409639
5 0.925481 0.516867 0.0240385 0.0313253
6 0.221154 0.357831 0.0865385 0.113253
6 0.709135 0.36747 0.0576923 0.0746988
6 0.927885 0.386747 0.0528846 0.060241
6 0.979567 0.325301 0.0408654 0.13012
6 0.344952 0.722892 0.0745192 0.0915663
8 0.175481 0.50241 0.134615 0.224096
8 0.480769 0.644578 0.110577 0.13253
8 0.72476 0.454217 0.09375 0.13253
8 0.830529 0.487952 0.112981 0.0891566
8 0.933894 0.471084 0.0745192 0.127711
8 0.980769 0.516867 0.0384615 0.228916
11 0.167067 0.585542 0.15625 0.4
11 0.522837 0.66747 0.199519 0.192771
11 0.725962 0.53494 0.100962 0.303614
11 0.831731 0.556626 0.120192 0.236145
11 0.93149 0.531325 0.0697115 0.248193
11 0.977163 0.607229 0.0456731 0.424096
