3 0.36506 0.641827 0.108434 0.0384615
3 0.56988 0.632212 0.0795181 0.0673077
5 0.220482 0.889423 0.0554217 0.0817308
5 0.113253 0.890625 0.053012 0.0841346
5 0.603614 0.909856 0.0891566 0.0649038
6 0.013253 0.632212 0.026506 0.206731
6 0.379518 0.622596 0.146988 0.211538
6 0.591566 0.604567 0.161446 0.199519
9 0.0662651 0.862981 0.13253 0.269231
9 0.339759 0.856971 0.342169 0.262019
9 0.663855 0.844952 0.262651 0.305288
9 0.938554 0.834135 0.122892 0.331731
11 0.0795181 0.859375 0.159036 0.28125
11 0.33494 0.862981 0.351807 0.274038
11 0.668675 0.841346 0.301205 0.3125
11 0.924096 0.838942 0.151807 0.322115
