1 0.173077 0.807229 0.0336538 0.0481928
1 0.322115 0.784337 0.0432692 0.0361446
1 0.365385 0.76506 0.0288462 0.0457831
1 0.384615 0.703614 0.0240385 0.0289157
1 0.401442 0.722892 0.0288462 0.0289157
1 0.456731 0.816867 0.0528846 0.0385542
1 0.623798 0.744578 0.0504808 0.0433735
1 0.694712 0.728916 0.0336538 0.0698795
1 0.822115 0.809639 0.0384615 0.0481928
1 0.848558 0.803614 0.0336538 0.0554217
3 0.153846 0.466265 0.0384615 0.026506
3 0.3125 0.481928 0.0384615 0.0289157
3 0.459135 0.461446 0.0384615 0.0313253
3 0.606971 0.446988 0.03125 0.026506
3 0.822115 0.474699 0.0480769 0.0337349
5 0.149038 0.607229 0.0336538 0.0481928
5 0.171875 0.607229 0.0264423 0.0433735
5 0.234375 0.587952 0.03125 0.0337349
5 0.264423 0.639759 0.0336538 0.0409639
5 0.38101 0.622892 0.03125 0.0313253
5 0.418269 0.639759 0.0240385 0.0361446
5 0.530048 0.638554 0.03125 0.0481928
5 0.674279 0.591566 0.03125 0.0554217
5 0.745192 0.56747 0.0288462 0.0313253
5 0.921875 0.603614 0.0264423 0.0409639
6 0.159856 0.463855 0.0504808 0.0698795
6 0.21875 0.485542 0.0336538 0.0506024
6 0.313702 0.480723 0.0408654 0.0650602
6 0.348558 0.46988 0.0384615 0.0626506
6 0.389423 0.46506 0.0432692 0.0722892
6 0.460337 0.46747 0.0456731 0.0819277
6 0.502404 0.472289 0.0336538 0.0626506
6 0.615385 0.446988 0.0432692 0.060241
6 0.686298 0.46747 0.0408654 0.0626506
6 0.774038 0.456627 0.0336538 0.0457831
6 0.824519 0.466265 0.0576923 0.0746988
6 0.861779 0.462651 0.0360577 0.0674699
6 0.942308 0.460241 0.0384615 0.0481928
9 0.168269 0.560241 0.0961538 0.118072
9 0.235577 0.553012 0.0432692 0.103614
9 0.31851 0.559036 0.103365 0.106024
9 0.391827 0.53494 0.0721154 0.115663
9 0.473558 0.555422 0.0913462 0.122892
9 0.646635 0.53012 0.0673077 0.120482
9 0.705529 0.524096 0.0552885 0.103614
9 0.768029 0.510843 0.0745192 0.106024
9 0.836538 0.577108 0.110577 0.151807
9 0.939904 0.509639 0.0625 0.0795181
11 0.167067 0.63494 0.108173 0.272289
11 0.233173 0.593976 0.0384615 0.2
11 0.320913 0.628916 0.112981 0.260241
11 0.391827 0.592771 0.0673077 0.236145
11 0.477163 0.63494 0.0985577 0.277108
11 0.649038 0.59759 0.0865385 0.255422
11 0.706731 0.574699 0.0625 0.195181
11 0.765625 0.551807 0.0793269 0.20241
11 0.831731 0.640964 0.115385 0.293976
11 0.941106 0.557831 0.0745192 0.171084
