3 0.347356 0.383133 0.0697115 0.053012
3 0.489183 0.446988 0.0745192 0.0361446
3 0.819712 0.355422 0.0625 0.0698795
5 0.38101 0.677108 0.117788 0.0915663
5 0.796875 0.724096 0.0889423 0.0939759
5 0.578125 0.760241 0.0408654 0.0891566
6 0.31851 0.387952 0.117788 0.144578
6 0.489183 0.443374 0.0841346 0.120482
6 0.84976 0.345783 0.151442 0.171084
8 0.25 0.603614 0.225962 0.368675
8 0.465144 0.606024 0.209135 0.253012
8 0.91226 0.604819 0.175481 0.414458
11 0.266827 0.627711 0.206731 0.421687
11 0.477163 0.659036 0.180288 0.383133
11 0.907452 0.615663 0.175481 0.431325
