6 0.700721 0.426506 0.0889423 0.110843
6 0.792067 0.479518 0.0504808 0.0722892
4 0.6875 0.620482 0.0625 0.0457831
4 0.578125 0.616867 0.0697115 0.0481928
4 0.878606 0.585542 0.0456731 0.0481928
0 0.780048 0.781928 0.0552885 0.0746988
0 0.950721 0.754217 0.0456731 0.0481928
0 0.784856 0.938554 0.0552885 0.0698795
0 0.539663 0.755422 0.0649038 0.0554217
0 0.543269 0.96506 0.0769231 0.0313253
0 0.953125 0.949398 0.0504808 0.0626506
9 0.69351 0.527711 0.151442 0.168675
9 0.84375 0.544578 0.139423 0.13494
