2 0.409856 0.455422 0.122596 0.0433735
2 0.046875 0.472289 0.0649038 0.0385542
5 0.125 0.780723 0.0432692 0.0578313
5 0.0901442 0.786747 0.0408654 0.0457831
5 0.210337 0.584337 0.0649038 0.113253
5 0.290865 0.519277 0.0432692 0.0506024
5 0.245192 0.515663 0.0240385 0.0481928
7 0.391827 0.438554 0.144231 0.159036
7 0.198317 0.480723 0.0889423 0.0987952
7 0.0420673 0.477108 0.0793269 0.125301
9 0.399038 0.728916 0.264423 0.359036
9 0.0600962 0.63012 0.120192 0.185542
9 0.158654 0.627711 0.0721154 0.195181
