1 0.83774 0.724096 0.0985577 0.0554217
1 0.917067 0.787952 0.165865 0.0819277
5 0.77524 0.581928 0.0552885 0.0698795
5 0.401442 0.480723 0.0288462 0.0313253
5 0.34375 0.515663 0.0288462 0.0289157
4 0.533654 0.389157 0.0576923 0.0409639
6 0.123798 0.4 0.0360577 0.0289157
6 0.245192 0.419277 0.0288462 0.0385542
6 0.31851 0.39759 0.0264423 0.0385542
6 0.331731 0.414458 0.0384615 0.0433735
6 0.360577 0.398795 0.0384615 0.060241
6 0.455529 0.378313 0.0552885 0.0578313
6 0.594952 0.33494 0.0600962 0.0722892
6 0.725962 0.348193 0.0528846 0.060241
6 0.778846 0.324096 0.0865385 0.108434
9 0.100962 0.43494 0.0432692 0.0650602
9 0.173077 0.428916 0.0865385 0.0674699
9 0.262019 0.459036 0.0432692 0.060241
9 0.332933 0.457831 0.0649038 0.0722892
9 0.391827 0.444578 0.0721154 0.0746988
9 0.471154 0.422892 0.0817308 0.0795181
9 0.641827 0.414458 0.115385 0.106024
9 0.737981 0.418072 0.0769231 0.0939759
9 0.896635 0.373494 0.206731 0.187952
11 0.0973558 0.468675 0.0504808 0.127711
11 0.167067 0.462651 0.09375 0.139759
11 0.260817 0.471084 0.0504808 0.0843373
11 0.334135 0.472289 0.0721154 0.120482
11 0.395433 0.450602 0.0600962 0.110843
11 0.478365 0.456627 0.0865385 0.142169
11 0.641827 0.443374 0.134615 0.187952
11 0.735577 0.457831 0.0769231 0.183133
11 0.885817 0.50241 0.228365 0.445783
