6 0.274038 0.627404 0.0528846 0.0625
6 0.387019 0.442308 0.0384615 0.0576923
6 0.53125 0.466346 0.0480769 0.0576923
6 0.616587 0.473558 0.0360577 0.0432692
7 0.319712 0.46274 0.0432692 0.0600962
7 0.96274 0.486779 0.0552885 0.0697115
5 0.551683 0.628606 0.0264423 0.0456731
5 0.877404 0.554087 0.0384615 0.0552885
9 0.513221 0.552885 0.0841346 0.115385
9 0.367788 0.518029 0.0625 0.103365
9 0.284856 0.532452 0.0745192 0.117788
9 0.956731 0.566106 0.0817308 0.0985577
0 0.97476 0.770433 0.03125 0.0264423
1 0.540865 0.75601 0.0576923 0.0360577
1 0.501202 0.75601 0.0264423 0.0360577
1 0.544471 0.905048 0.0600962 0.0360577
1 0.502404 0.90625 0.0288462 0.0336538
1 0.604567 0.705529 0.0408654 0.03125
1 0.59976 0.953125 0.0408654 0.03125
11 0.518029 0.616587 0.0841346 0.237981
11 0.364183 0.580529 0.0552885 0.233173
11 0.604567 0.590144 0.0456731 0.194712
11 0.953125 0.629808 0.0745192 0.245192
