7 0.176683 0.36506 0.0649038 0.0795181
7 0.31851 0.362651 0.0600962 0.0795181
7 0.509615 0.377108 0.0625 0.0891566
7 0.364183 0.384337 0.0408654 0.0650602
7 0.391827 0.396386 0.0240385 0.0409639
7 0.620192 0.391566 0.0384615 0.0506024
7 0.689904 0.393976 0.0432692 0.060241
7 0.746394 0.387952 0.0552885 0.0819277
7 0.799279 0.374699 0.0552885 0.0843373
5 0.0913462 0.554217 0.0288462 0.0433735
5 0.242788 0.572289 0.0336538 0.0554217
5 0.449519 0.568675 0.0288462 0.053012
5 0.670673 0.587952 0.0288462 0.053012
5 0.826923 0.579518 0.0336538 0.060241
9 0.512019 0.471084 0.110577 0.137349
9 0.748798 0.472289 0.09375 0.101205
9 0.311298 0.461446 0.0985577 0.137349
9 0.165865 0.455422 0.0817308 0.101205
0 0.34976 0.737349 0.0552885 0.0674699
0 0.283654 0.781928 0.0576923 0.0554217
0 0.284856 0.879518 0.0504808 0.0578313
0 0.353365 0.919277 0.0384615 0.0506024
0 0.21875 0.928916 0.0625 0.0361446
0 0.137019 0.916867 0.0480769 0.0409639
0 0.219952 0.736145 0.0552885 0.0457831
0 0.135817 0.745783 0.0456731 0.0457831
0 0.776442 0.791566 0.0673077 0.060241
0 0.777644 0.862651 0.0649038 0.0578313
0 0.544471 0.877108 0.0552885 0.0337349
0 0.548077 0.779518 0.0576923 0.0457831
11 0.516827 0.574699 0.100962 0.320482
11 0.747596 0.577108 0.110577 0.296386
11 0.314904 0.56747 0.110577 0.296386
11 0.171875 0.550602 0.103365 0.296386
