2 0.229567 0.322115 0.0504808 0.0288462
4 0.379808 0.346154 0.0769231 0.0528846
4 0.475962 0.4375 0.0432692 0.0528846
5 0.543269 0.700721 0.0432692 0.0456731
6 0.0649038 0.310096 0.115385 0.105769
6 0.210337 0.305288 0.112981 0.0961538
6 0.489183 0.211538 0.103365 0.134615
6 0.769231 0.554087 0.144231 0.117788
9 0.209135 0.460337 0.120192 0.204327
9 0.0600962 0.466346 0.120192 0.221154
9 0.584135 0.411058 0.168269 0.298077
9 0.752404 0.771635 0.177885 0.283654
9 0.938702 0.789663 0.122596 0.300481
