6 0.604567 0.23253 0.0985577 0.113253
6 0.610577 0.0975904 0.0961538 0.118072
6 0.0637019 0.262651 0.122596 0.19759
4 0.647837 0.453012 0.0360577 0.0481928
4 0.608173 0.343374 0.0384615 0.0506024
0 0.740385 0.574699 0.0576923 0.13253
0 0.674279 0.520482 0.0697115 0.0963855
0 0.356971 0.63494 0.0889423 0.122892
0 0.901442 0.660241 0.0817308 0.0771084
9 0.228365 0.313253 0.163462 0.212048
9 0.721154 0.271084 0.149038 0.175904
9 0.717548 0.0771084 0.170673 0.120482
9 0.0625 0.516867 0.115385 0.291566
