6 0.296875 0.244578 0.0504808 0.0506024
6 0.299279 0.189157 0.0504808 0.0457831
6 0.486779 0.495181 0.0456731 0.0506024
6 0.748798 0.53253 0.0456731 0.053012
4 0.341346 0.43494 0.0240385 0.0457831
4 0.22476 0.413253 0.0264423 0.0457831
4 0.757212 0.645783 0.0240385 0.0481928
4 0.700721 0.640964 0.0264423 0.0433735
8 0.483173 0.572289 0.0817308 0.103614
8 0.284856 0.340964 0.0841346 0.13253
8 0.283654 0.0951807 0.0865385 0.146988
8 0.484375 0.966265 0.0793269 0.0674699
10 0.475962 0.619277 0.0721154 0.216867
