6 0.183894 0.292067 0.0504808 0.0745192
6 0.22476 0.28726 0.03125 0.0552885
6 0.253606 0.293269 0.0408654 0.0432692
6 0.31851 0.294471 0.03125 0.0552885
6 0.352163 0.283654 0.03125 0.0528846
6 0.424279 0.331731 0.122596 0.163462
6 0.489183 0.265625 0.09375 0.108173
6 0.594952 0.242788 0.0600962 0.0865385
6 0.752404 0.257212 0.144231 0.173077
6 0.846154 0.25 0.0576923 0.0865385
6 0.924279 0.258413 0.0985577 0.141827
6 0.980769 0.246394 0.0384615 0.15625
5 0.229567 0.605769 0.09375 0.0576923
5 0.649038 0.645433 0.0721154 0.127404
9 0.521635 0.463942 0.144231 0.259615
9 0.783654 0.513221 0.216346 0.266827
0 0.455529 0.757212 0.0697115 0.0576923
0 0.439904 0.679087 0.0576923 0.0360577
0 0.451923 0.885817 0.0721154 0.0600962
