7 0.353365 0.388221 0.0769231 0.09375
7 0.522837 0.397837 0.0841346 0.0985577
7 0.907452 0.396635 0.151442 0.125
7 0.123798 0.453125 0.112981 0.15625
7 0.0264423 0.420673 0.0528846 0.230769
2 0.350962 0.395433 0.0673077 0.0264423
3 0.496394 0.411058 0.0456731 0.0240385
5 0.335337 0.59375 0.0841346 0.0528846
5 0.47476 0.588942 0.0600962 0.0480769
5 0.0913462 0.772837 0.115385 0.0745192
5 0.09375 0.853365 0.105769 0.0817308
5 0.27524 0.635817 0.0793269 0.0360577
9 0.353365 0.522837 0.1875 0.170673
9 0.533654 0.520433 0.163462 0.15625
9 0.91226 0.616587 0.175481 0.314904
9 0.078125 0.621394 0.141827 0.185096
