0 0.100962 0.625 0.0673077 0.110577
0 0.149038 0.616587 0.0625 0.108173
0 0.288462 0.600962 0.0576923 0.110577
0 0.346154 0.605769 0.0384615 0.120192
0 0.497596 0.6875 0.0721154 0.0576923
0 0.637019 0.66226 0.0721154 0.0552885
3 0.117788 0.28125 0.0480769 0.0240385
3 0.277644 0.276442 0.0408654 0.0240385
4 0.15625 0.423077 0.0625 0.0432692
4 0.254808 0.448317 0.0336538 0.0649038
4 0.360577 0.455529 0.0288462 0.0649038
4 0.50601 0.580529 0.0456731 0.0649038
4 0.603365 0.508413 0.0432692 0.0600962
6 0.121394 0.272837 0.0697115 0.0697115
6 0.293269 0.272837 0.0721154 0.0697115
6 0.5625 0.34375 0.0961538 0.0817308
9 0.108173 0.378606 0.100962 0.161058
9 0.219952 0.447115 0.0985577 0.110577
9 0.307692 0.372596 0.0961538 0.144231
9 0.549279 0.41226 0.141827 0.141827
11 0.106971 0.449519 0.103365 0.302885
11 0.209135 0.498798 0.100962 0.21875
11 0.310096 0.454327 0.115385 0.307692
11 0.564904 0.495192 0.177885 0.3125
