6 0.895433 0.480723 0.0793269 0.0939759
6 0.722356 0.73494 0.0793269 0.086747
6 0.721154 0.931325 0.0721154 0.0891566
6 0.745192 0.466265 0.0576923 0.0987952
6 0.574519 0.485542 0.0576923 0.113253
6 0.573317 0.327711 0.0600962 0.0722892
6 0.471154 0.308434 0.0480769 0.0626506
6 0.522837 0.445783 0.0600962 0.0915663
6 0.408654 0.463855 0.0576923 0.0843373
6 0.698317 0.408434 0.0456731 0.0795181
6 0.108173 0.46988 0.0625 0.086747
6 0.170673 0.416867 0.0528846 0.0915663
6 0.211538 0.379518 0.0432692 0.0746988
6 0.248798 0.343374 0.0456731 0.0698795
6 0.308894 0.338554 0.0408654 0.0698795
6 0.233173 0.460241 0.0528846 0.0963855
7 0.669471 0.473494 0.0552885 0.0795181
7 0.348558 0.366265 0.0432692 0.0626506
7 0.299279 0.436145 0.0456731 0.0674699
5 0.175481 0.695181 0.0384615 0.0554217
5 0.534856 0.674699 0.0408654 0.053012
5 0.584135 0.683133 0.0480769 0.0457831
4 0.0504808 0.69759 0.0384615 0.0506024
5 0.175481 0.972289 0.0384615 0.0506024
5 0.536058 0.983133 0.0432692 0.0337349
5 0.584135 0.980723 0.0480769 0.0385542
9 0.564904 0.592771 0.105769 0.106024
9 0.393029 0.563855 0.127404 0.139759
9 0.219952 0.596386 0.117788 0.156627
9 0.106971 0.591566 0.117788 0.146988
9 0.901442 0.620482 0.120192 0.146988
11 0.572115 0.684337 0.115385 0.279518
11 0.402644 0.661446 0.122596 0.349398
11 0.233173 0.663855 0.110577 0.296386
11 0.103365 0.674699 0.105769 0.33253
11 0.71274 0.666265 0.0889423 0.320482
11 0.905048 0.724096 0.141827 0.378313
