3 0.581731 0.419277 0.0865385 0.0674699
3 0.758413 0.3 0.0600962 0.0746988
3 0.717548 0.4 0.0600962 0.0674699
3 0.485577 0.316867 0.0961538 0.0361446
5 0.335337 0.659036 0.0697115 0.0939759
5 0.413462 0.639759 0.0817308 0.0939759
5 0.705529 0.506024 0.0408654 0.0626506
6 0.495192 0.292771 0.134615 0.214458
6 0.592548 0.406024 0.15625 0.195181
6 0.861779 0.309639 0.247596 0.33494
9 0.878606 0.706024 0.228365 0.563855
9 0.611779 0.644578 0.21875 0.296386
9 0.461538 0.56506 0.182692 0.354217
11 0.59976 0.750602 0.237981 0.484337
11 0.4375 0.680723 0.197115 0.542169
