0 0.210337 0.638221 0.0552885 0.0360577
0 0.296875 0.614183 0.03125 0.0408654
0 0.316106 0.704327 0.0649038 0.0288462
0 0.424279 0.682692 0.0456731 0.0432692
0 0.457933 0.736779 0.0504808 0.0456731
0 0.53125 0.721154 0.0384615 0.0384615
0 0.622596 0.72476 0.0432692 0.0456731
0 0.668269 0.715144 0.0384615 0.0360577
0 0.745192 0.569712 0.0240385 0.0288462
0 0.802885 0.658654 0.0288462 0.0528846
0 0.890625 0.721154 0.0552885 0.0576923
3 0.246394 0.34375 0.0360577 0.0240385
3 0.409856 0.323317 0.0504808 0.03125
3 0.524038 0.338942 0.0480769 0.0240385
3 0.646635 0.328125 0.0480769 0.0264423
3 0.911058 0.360577 0.0432692 0.0240385
5 0.711538 0.536058 0.0336538 0.0288462
5 0.980769 0.495192 0.0384615 0.0288462
7 0.245192 0.348558 0.0480769 0.0576923
7 0.407452 0.314904 0.0745192 0.0817308
7 0.526442 0.324519 0.0769231 0.0865385
7 0.645433 0.322115 0.0649038 0.0913462
7 0.760817 0.364183 0.0360577 0.0408654
7 0.909856 0.352163 0.0600962 0.0889423
9 0.248798 0.444712 0.0985577 0.144231
9 0.387019 0.449519 0.110577 0.182692
9 0.522837 0.460337 0.112981 0.204327
9 0.646635 0.457933 0.100962 0.199519
9 0.75601 0.432692 0.0649038 0.0913462
9 0.879808 0.466346 0.120192 0.158654
11 0.254808 0.483173 0.0961538 0.221154
11 0.385817 0.498798 0.117788 0.276442
11 0.513221 0.526442 0.108173 0.326923
11 0.639423 0.521635 0.0913462 0.3125
11 0.865385 0.518029 0.125 0.247596
