6 0.887019 0.483173 0.0865385 0.125
6 0.717548 0.463942 0.0793269 0.129808
6 0.56851 0.414663 0.0793269 0.112981
6 0.411058 0.460337 0.0817308 0.0985577
6 0.259615 0.473558 0.0817308 0.100962
6 0.0997596 0.449519 0.0793269 0.110577
3 0.887019 0.486779 0.0528846 0.0264423
3 0.414663 0.463942 0.0456731 0.0240385
3 0.71875 0.47476 0.0528846 0.03125
3 0.263221 0.478365 0.0456731 0.0240385
3 0.0985577 0.455529 0.0480769 0.0264423
3 0.569712 0.421875 0.0432692 0.0264423
9 0.56851 0.604567 0.15625 0.209135
9 0.71875 0.616587 0.125 0.189904
9 0.888221 0.646635 0.141827 0.177885
9 0.405048 0.615385 0.137019 0.158654
9 0.245192 0.635817 0.125 0.170673
9 0.104567 0.615385 0.141827 0.240385
11 0.407452 0.728365 0.137019 0.384615
11 0.5625 0.706731 0.144231 0.418269
11 0.722356 0.737981 0.137019 0.432692
11 0.888221 0.759615 0.146635 0.423077
11 0.245192 0.733173 0.120192 0.418269
11 0.0985577 0.709135 0.134615 0.432692
