0 0.278313 0.800481 0.0891566 0.0673077
0 0.328916 0.78125 0.0746988 0.0625
1 0.389157 0.776442 0.0409639 0.0865385
3 0.344578 0.270433 0.0433735 0.0360577
3 0.612048 0.572115 0.0433735 0.0384615
3 0.683133 0.316106 0.0409639 0.03125
3 0.838554 0.324519 0.0337349 0.0240385
4 0.23012 0.585337 0.060241 0.0552885
4 0.361446 0.533654 0.0578313 0.0528846
5 0.627711 0.737981 0.0457831 0.0673077
5 0.689157 0.454327 0.0337349 0.0336538
5 0.709639 0.469952 0.026506 0.0408654
5 0.836145 0.47476 0.0337349 0.0360577
5 0.853012 0.34976 0.0289157 0.0456731
6 0.33012 0.257212 0.0771084 0.105769
6 0.4 0.346154 0.0963855 0.120192
6 0.596386 0.379808 0.0939759 0.105769
6 0.601205 0.539663 0.0891566 0.103365
6 0.566265 0.677885 0.115663 0.177885
6 0.681928 0.310096 0.053012 0.0673077
6 0.845783 0.507212 0.0674699 0.0673077
7 0.822892 0.329327 0.060241 0.0721154
9 0.280723 0.323317 0.146988 0.0889423
9 0.281928 0.430288 0.20241 0.177885
9 0.475904 0.424279 0.161446 0.15625
9 0.671084 0.550481 0.0746988 0.0913462
9 0.785542 0.573317 0.139759 0.141827
9 0.681928 0.373798 0.086747 0.103365
9 0.831325 0.418269 0.106024 0.125
9 0.472289 0.59375 0.178313 0.149038
9 0.560241 0.882212 0.257831 0.235577
10 0.278313 0.324519 0.156627 0.100962
10 0.279518 0.545673 0.212048 0.408654
10 0.474699 0.449519 0.173494 0.225962
11 0.46506 0.653846 0.192771 0.283654
11 0.566265 0.88101 0.289157 0.237981
11 0.666265 0.555288 0.0843373 0.110577
11 0.783133 0.608173 0.159036 0.216346
11 0.844578 0.501202 0.146988 0.286058
11 0.689157 0.40024 0.106024 0.15625
