6 0.901442 0.524096 0.0865385 0.127711
6 0.472356 0.457831 0.0889423 0.149398
6 0.0949519 0.556626 0.0745192 0.101205
6 0.216346 0.550602 0.0673077 0.0987952
7 0.680288 0.589157 0.0480769 0.0795181
3 0.897837 0.520482 0.0552885 0.0289157
3 0.47476 0.46506 0.0600962 0.0337349
3 0.215144 0.548193 0.0408654 0.0313253
3 0.09375 0.560241 0.0480769 0.0313253
4 0.141827 0.796386 0.0432692 0.0650602
4 0.141827 0.86747 0.0528846 0.0578313
4 0.0132212 0.86506 0.0264423 0.0481928
4 0.015625 0.796386 0.03125 0.0506024
4 0.28125 0.781928 0.0480769 0.0746988
4 0.283654 0.885542 0.0480769 0.0698795
4 0.34375 0.790361 0.0528846 0.0674699
4 0.347356 0.871084 0.0504808 0.0746988
4 0.548077 0.831325 0.0576923 0.0915663
4 0.611779 0.780723 0.0408654 0.0722892
4 0.730769 0.787952 0.0384615 0.0626506
4 0.811298 0.831325 0.0600962 0.115663
4 0.981971 0.831325 0.0360577 0.13494
8 0.09375 0.675904 0.125 0.127711
9 0.449519 0.669879 0.192308 0.26988
9 0.688702 0.687952 0.117788 0.122892
9 0.895433 0.691566 0.151442 0.226506
9 0.227163 0.691566 0.127404 0.168675
11 0.465144 0.771084 0.165865 0.424096
11 0.899038 0.771084 0.139423 0.390361
11 0.677885 0.798795 0.100962 0.339759
