2 0.846154 0.384337 0.0528846 0.0698795
3 0.622596 0.379518 0.0576923 0.0457831
3 0.138221 0.322892 0.0552885 0.053012
3 0.461538 0.414458 0.0721154 0.0578313
5 0.170673 0.595181 0.0432692 0.0819277
5 0.647837 0.706024 0.0841346 0.0915663
7 0.109375 0.310843 0.122596 0.149398
7 0.439904 0.412048 0.120192 0.154217
7 0.627404 0.371084 0.105769 0.13012
7 0.80649 0.403614 0.127404 0.151807
7 0.909856 0.368675 0.180288 0.221687
9 0.0985577 0.471084 0.125 0.257831
9 0.385817 0.638554 0.262019 0.375904
9 0.665865 0.486747 0.1875 0.183133
9 0.758413 0.642169 0.242788 0.378313
9 0.919471 0.654217 0.161058 0.359036
11 0.100962 0.591566 0.129808 0.489157
11 0.391827 0.639759 0.269231 0.378313
11 0.667067 0.486747 0.189904 0.187952
11 0.758413 0.642169 0.242788 0.392771
11 0.919471 0.654217 0.161058 0.373494
