0 0.331731 0.704327 0.0336538 0.0769231
0 0.512019 0.69351 0.0384615 0.0841346
0 0.691106 0.765625 0.0408654 0.09375
0 0.800481 0.825721 0.0817308 0.0552885
2 0.461538 0.340144 0.0625 0.0264423
3 0.126202 0.331731 0.0889423 0.0336538
3 0.611779 0.336538 0.0697115 0.0288462
5 0.189904 0.655048 0.0432692 0.09375
5 0.430288 0.41226 0.0625 0.0793269
5 0.471154 0.608173 0.0336538 0.0576923
5 0.507212 0.612981 0.0384615 0.0673077
5 0.686298 0.582933 0.0408654 0.0649038
5 0.757212 0.602163 0.0625 0.0745192
5 0.844952 0.603365 0.0360577 0.0625
6 0.121394 0.331731 0.0985577 0.129808
6 0.0456731 0.350962 0.0576923 0.0721154
6 0.450721 0.335337 0.09375 0.132212
6 0.609375 0.340144 0.0889423 0.103365
6 0.814904 0.382212 0.0865385 0.105769
6 0.911058 0.367788 0.0625 0.0721154
9 0.102163 0.504808 0.175481 0.221154
9 0.41226 0.49399 0.141827 0.199519
9 0.600962 0.483173 0.149038 0.168269
9 0.792067 0.50601 0.122596 0.161058
9 0.897837 0.457933 0.0841346 0.117788
11 0.0973558 0.646635 0.161058 0.5
11 0.395433 0.638221 0.112981 0.459135
11 0.573317 0.611779 0.108173 0.444712
11 0.77524 0.596154 0.122596 0.336538
