1 0.191106 0.786058 0.0408654 0.0432692
1 0.251202 0.766827 0.03125 0.0432692
1 0.330529 0.774038 0.0360577 0.0384615
1 0.371394 0.81851 0.0552885 0.0408654
1 0.46274 0.807692 0.0408654 0.0432692
1 0.807692 0.75601 0.0336538 0.0456731
1 0.847356 0.771635 0.03125 0.0336538
1 0.899038 0.729567 0.0288462 0.03125
1 0.929087 0.731971 0.03125 0.03125
3 0.199519 0.46274 0.0432692 0.0264423
3 0.330529 0.480769 0.0360577 0.0240385
3 0.427885 0.457933 0.0336538 0.03125
3 0.495192 0.460337 0.0384615 0.0264423
3 0.579327 0.425481 0.0384615 0.0336538
3 0.734375 0.438702 0.0504808 0.03125
3 0.816106 0.44351 0.0408654 0.0264423
3 0.876202 0.456731 0.03125 0.0240385
3 0.911058 0.465144 0.0432692 0.0264423
3 0.954327 0.456731 0.0384615 0.0240385
5 0.4375 0.513221 0.0384615 0.0408654
5 0.491587 0.634615 0.0408654 0.0336538
5 0.862981 0.578125 0.0288462 0.0456731
5 0.96274 0.603365 0.0264423 0.0336538
6 0.204327 0.46274 0.0480769 0.0697115
6 0.330529 0.478365 0.0408654 0.0625
6 0.419471 0.459135 0.0600962 0.0769231
6 0.498798 0.456731 0.0504808 0.0673077
6 0.58774 0.429087 0.0600962 0.0793269
6 0.824519 0.448317 0.0528846 0.0697115
6 0.878606 0.461538 0.0360577 0.0528846
6 0.91226 0.463942 0.0408654 0.0625
7 0.736779 0.439904 0.0504808 0.0625
7 0.956731 0.450721 0.0432692 0.0504808
9 0.199519 0.550481 0.0913462 0.139423
9 0.330529 0.554087 0.0745192 0.132212
9 0.429087 0.551683 0.09375 0.141827
9 0.503606 0.533654 0.0600962 0.120192
9 0.586538 0.546875 0.110577 0.151442
9 0.75 0.53726 0.125 0.170673
9 0.83774 0.52524 0.0745192 0.112981
9 0.919471 0.55649 0.0841346 0.127404
9 0.96875 0.522837 0.0576923 0.112981
11 0.207933 0.622596 0.117788 0.283654
11 0.326923 0.611779 0.100962 0.247596
11 0.429087 0.639423 0.112981 0.3125
11 0.503606 0.616587 0.0745192 0.286058
11 0.58774 0.641827 0.137019 0.350962
11 0.74399 0.627404 0.112981 0.350962
11 0.834135 0.623798 0.0769231 0.314904
11 0.918269 0.611779 0.0913462 0.233173
11 0.96875 0.580529 0.0625 0.228365
