7 0.0649038 0.360577 0.0721154 0.0817308
7 0.182692 0.323317 0.0576923 0.0841346
7 0.228365 0.266827 0.0480769 0.0721154
7 0.304087 0.324519 0.0552885 0.0769231
7 0.362981 0.30649 0.0528846 0.0745192
7 0.430288 0.263221 0.0432692 0.0649038
7 0.477163 0.33774 0.0504808 0.0745192
7 0.503606 0.28125 0.0408654 0.0625
7 0.615385 0.28726 0.0528846 0.0697115
7 0.665865 0.284856 0.0432692 0.0600962
7 0.765625 0.294471 0.0649038 0.0745192
7 0.769231 0.230769 0.0336538 0.0576923
7 0.838942 0.25 0.0528846 0.0721154
7 0.841346 0.314904 0.0528846 0.0625
7 0.808894 0.38101 0.0649038 0.0504808
7 0.942308 0.359375 0.0576923 0.0889423
5 0.346154 0.486779 0.0432692 0.0600962
5 0.103365 0.473558 0.0288462 0.0432692
5 0.719952 0.580529 0.0264423 0.0504808
5 0.661058 0.484375 0.0336538 0.0552885
5 0.549279 0.377404 0.03125 0.0432692
5 0.723558 0.425481 0.0288462 0.0432692
9 0.620192 0.376202 0.0913462 0.0985577
9 0.495192 0.421875 0.0865385 0.112981
9 0.308894 0.421875 0.0793269 0.103365
9 0.180288 0.417067 0.105769 0.103365
9 0.823317 0.502404 0.0889423 0.177885
0 0.466346 0.701923 0.0384615 0.0384615
0 0.533654 0.697115 0.0528846 0.0384615
0 0.286058 0.716346 0.0384615 0.0432692
0 0.219952 0.700721 0.0456731 0.0408654
0 0.804087 0.813702 0.0793269 0.0408654
0 0.804087 0.930288 0.0841346 0.0384615
0 0.957933 0.782452 0.0456731 0.0649038
0 0.961538 0.960337 0.0480769 0.0552885
11 0.503606 0.518029 0.09375 0.310096
11 0.610577 0.5 0.0817308 0.307692
11 0.31851 0.526442 0.108173 0.322115
11 0.177885 0.510817 0.100962 0.310096
11 0.0492788 0.557692 0.0649038 0.331731
11 0.817308 0.59375 0.105769 0.375
