6 0.730769 0.453012 0.149038 0.144578
6 0.469952 0.360241 0.09375 0.113253
6 0.534856 0.449398 0.103365 0.122892
6 0.352163 0.346988 0.0793269 0.101205
6 0.28125 0.338554 0.0576923 0.0650602
6 0.192308 0.36506 0.0528846 0.0554217
3 0.701923 0.449398 0.0528846 0.0457831
5 0.561298 0.555422 0.0985577 0.0939759
5 0.449519 0.463855 0.0528846 0.103614
9 0.362981 0.49759 0.105769 0.175904
9 0.246394 0.461446 0.0841346 0.171084
0 0.320913 0.789157 0.0841346 0.060241
0 0.417067 0.780723 0.0552885 0.0771084
0 0.415865 0.887952 0.0576923 0.0650602
0 0.317308 0.877108 0.0817308 0.0626506
11 0.367788 0.56747 0.120192 0.359036
11 0.263221 0.533735 0.0985577 0.296386
