0 0.527644 0.461538 0.0504808 0.0721154
0 0.582933 0.491587 0.0600962 0.103365
0 0.920673 0.299279 0.0288462 0.0600962
4 0.478365 0.441106 0.0432692 0.0552885
0 0.862981 0.300481 0.0336538 0.0528846
5 0.873798 0.24399 0.0360577 0.0360577
6 0.413462 0.311298 0.0769231 0.0745192
6 0.852163 0.157452 0.0360577 0.0456731
6 0.757212 0.19351 0.0336538 0.0360577
6 0.53726 0.185096 0.0360577 0.0432692
6 0.414663 0.161058 0.03125 0.0384615
6 0.331731 0.159856 0.0288462 0.0408654
6 0.240385 0.167067 0.0288462 0.0360577
6 0.125 0.155048 0.0240385 0.0360577
9 0.129808 0.18149 0.0480769 0.0408654
9 0.247596 0.19351 0.0480769 0.0408654
9 0.329327 0.189904 0.0480769 0.0384615
9 0.409856 0.19351 0.0600962 0.0456731
9 0.545673 0.206731 0.0528846 0.0432692
9 0.72476 0.22476 0.0504808 0.0649038
9 0.90024 0.198317 0.0649038 0.0793269
11 0.132212 0.189904 0.0625 0.0625
11 0.245192 0.201923 0.0625 0.0576923
11 0.330529 0.205529 0.0504808 0.0649038
11 0.408654 0.209135 0.0673077 0.0769231
11 0.555288 0.216346 0.0625 0.0576923
11 0.731971 0.233173 0.0745192 0.0817308
11 0.896635 0.219952 0.0769231 0.127404
11 0.522837 0.335337 0.161058 0.189904
9 0.5 0.293269 0.110577 0.0961538
