3 0.258413 0.425301 0.0552885 0.026506
3 0.497596 0.384337 0.0625 0.0361446
3 0.948317 0.479518 0.0408654 0.0240964
5 0.486779 0.520482 0.0456731 0.0481928
5 0.5625 0.526506 0.0336538 0.0457831
5 0.268029 0.633735 0.0456731 0.053012
5 0.765625 0.648193 0.0456731 0.0481928
5 0.747596 0.673494 0.0432692 0.0313253
5 0.944712 0.663855 0.0432692 0.0409639
5 0.979567 0.666265 0.0360577 0.0457831
7 0.258413 0.426506 0.0793269 0.0963855
7 0.491587 0.390361 0.0793269 0.0963855
7 0.74399 0.46988 0.0745192 0.0915663
7 0.948317 0.474699 0.0841346 0.086747
9 0.263221 0.579518 0.170673 0.209639
9 0.49399 0.542169 0.194712 0.207229
9 0.746394 0.578313 0.15625 0.13494
9 0.932692 0.587952 0.134615 0.154217
11 0.258413 0.698795 0.15625 0.448193
11 0.489183 0.678313 0.194712 0.46506
11 0.75 0.722892 0.163462 0.424096
11 0.933894 0.689157 0.132212 0.351807
