6 0.314904 0.26988 0.0721154 0.0819277
6 0.50601 0.285542 0.0697115 0.0891566
6 0.503606 0.0481928 0.0745192 0.0915663
6 0.3125 0.060241 0.0721154 0.0722892
5 0.616587 0.516867 0.03125 0.060241
9 0.530048 0.415663 0.146635 0.156627
9 0.31851 0.410843 0.132212 0.166265
0 0.519231 0.766265 0.0673077 0.0481928
0 0.597356 0.760241 0.0456731 0.0457831
0 0.597356 0.906024 0.0504808 0.053012
0 0.519231 0.895181 0.0673077 0.0457831
0 0.38101 0.760241 0.0649038 0.0409639
0 0.375 0.906024 0.0721154 0.053012
0 0.259615 0.9 0.0480769 0.0361446
0 0.257212 0.763855 0.0384615 0.0433735
11 0.543269 0.536145 0.144231 0.378313
11 0.31851 0.528916 0.127404 0.412048
