2 0.788462 0.302885 0.0865385 0.0288462
3 0.230769 0.341346 0.0625 0.0384615
3 0.502404 0.34976 0.0528846 0.0456731
3 0.129808 0.378606 0.0576923 0.0360577
5 0.0456731 0.621394 0.0432692 0.0745192
5 0.146635 0.677885 0.0528846 0.0721154
5 0.326923 0.700721 0.0576923 0.0841346
6 0.140625 0.375 0.108173 0.134615
6 0.25 0.342548 0.134615 0.141827
6 0.528846 0.34375 0.134615 0.163462
6 0.8125 0.282452 0.153846 0.15625
9 0.105769 0.539663 0.0865385 0.209135
9 0.252404 0.533654 0.206731 0.25
9 0.555288 0.550481 0.245192 0.278846
9 0.832933 0.515625 0.242788 0.300481
11 0.103365 0.644231 0.110577 0.427885
11 0.248798 0.679087 0.209135 0.540865
11 0.53726 0.706731 0.21875 0.586538
11 0.829327 0.661058 0.211538 0.605769
