6 0.52524 0.561298 0.0456731 0.0552885
6 0.405048 0.586538 0.0456731 0.0673077
7 0.627404 0.325721 0.0432692 0.0504808
7 0.623798 0.0240385 0.0408654 0.0336538
3 0.628606 0.323317 0.0360577 0.0264423
8 0.543269 0.647837 0.0817308 0.137019
8 0.646635 0.389423 0.0673077 0.120192
8 0.401442 0.663462 0.0528846 0.110577
8 0.545673 0.97476 0.0817308 0.0504808
8 0.401442 0.96875 0.0576923 0.0576923
11 0.645433 0.427885 0.0697115 0.177885
11 0.542067 0.679087 0.0793269 0.189904
11 0.40024 0.699519 0.0649038 0.163462
