0 0.460337 0.785542 0.03125 0.0240964
4 0.03125 0.698795 0.0240385 0.0240964
4 0.139423 0.436145 0.0240385 0.0240964
4 0.709135 0.354217 0.0240385 0.0240964
4 0.771635 0.413253 0.0240385 0.0313253
6 0.0444712 0.633735 0.0408654 0.0385542
6 0.205529 0.489157 0.0360577 0.0289157
6 0.9375 0.239759 0.0336538 0.0313253
6 0.739183 0.33494 0.03125 0.0385542
7 0.496394 0.7 0.03125 0.0409639
9 0.134615 0.477108 0.0480769 0.0433735
9 0.197115 0.539759 0.0528846 0.053012
9 0.0552885 0.681928 0.0432692 0.0433735
9 0.451923 0.710843 0.0576923 0.053012
9 0.740385 0.371084 0.0288462 0.0433735
9 0.939904 0.272289 0.0384615 0.0337349
