4 0.228916 0.491587 0.0240964 0.0264423
4 0.101205 0.492788 0.0240964 0.0240385
4 0.561446 0.49399 0.0240964 0.0264423
6 0.0963855 0.413462 0.0337349 0.0384615
6 0.13253 0.370192 0.0433735 0.0384615
6 0.198795 0.376202 0.0409639 0.0408654
6 0.237349 0.41226 0.0313253 0.0360577
6 0.306024 0.430288 0.0289157 0.0288462
6 0.359036 0.423077 0.0337349 0.0432692
6 0.545783 0.419471 0.0409639 0.0360577
6 0.657831 0.480769 0.0337349 0.0384615
9 0.0325301 0.447115 0.0650602 0.0432692
9 0.0927711 0.460337 0.0457831 0.0745192
9 0.139759 0.454327 0.053012 0.105769
9 0.192771 0.448317 0.053012 0.108173
9 0.245783 0.467548 0.053012 0.0889423
9 0.307229 0.46875 0.060241 0.0721154
9 0.366265 0.478365 0.0385542 0.0865385
9 0.485542 0.469952 0.0506024 0.0841346
9 0.549398 0.469952 0.0433735 0.0841346
9 0.659036 0.521635 0.0313253 0.0576923
4 0.655422 0.534856 0.0240964 0.0264423
11 0.0325301 0.49399 0.0650602 0.146635
11 0.0927711 0.489183 0.0409639 0.146635
11 0.139759 0.480769 0.0674699 0.168269
11 0.193976 0.479567 0.0554217 0.175481
11 0.243373 0.496394 0.0578313 0.146635
11 0.306024 0.495192 0.0626506 0.134615
11 0.366265 0.502404 0.0481928 0.129808
11 0.485542 0.490385 0.0506024 0.129808
11 0.548193 0.497596 0.060241 0.139423
11 0.656627 0.526442 0.0313253 0.0817308
