0 0.876202 0.61899 0.0456731 0.0456731
4 0.675481 0.555288 0.0384615 0.0432692
4 0.873798 0.49399 0.0504808 0.0360577
4 0.59375 0.550481 0.0432692 0.0384615
4 0.524038 0.519231 0.0336538 0.0336538
4 0.4375 0.522837 0.0336538 0.03125
5 0.106971 0.576923 0.0456731 0.0576923
5 0.137019 0.564904 0.0384615 0.0528846
5 0.260817 0.567308 0.03125 0.0384615
5 0.788462 0.573317 0.0384615 0.0504808
5 0.986779 0.609375 0.0264423 0.0649038
6 0.13101 0.425481 0.0745192 0.0817308
6 0.300481 0.438702 0.0576923 0.0649038
6 0.449519 0.435096 0.0625 0.0625
6 0.600962 0.433894 0.0673077 0.0697115
6 0.794471 0.407452 0.0649038 0.0889423
6 0.876202 0.420673 0.117788 0.100962
9 0.0420673 0.469952 0.0841346 0.117788
9 0.222356 0.461538 0.108173 0.0817308
9 0.473558 0.479567 0.0769231 0.0504808
9 0.640625 0.483173 0.0889423 0.0384615
9 0.956731 0.401442 0.0865385 0.168269
