6 0.788462 0.486747 0.0528846 0.0722892
6 0.63101 0.455422 0.0408654 0.053012
6 0.549279 0.483133 0.0504808 0.060241
6 0.481971 0.472289 0.0408654 0.0578313
6 0.38101 0.478313 0.0456731 0.0698795
6 0.340144 0.468675 0.0360577 0.0506024
6 0.254808 0.507229 0.0817308 0.0891566
3 0.783654 0.483133 0.0480769 0.0457831
3 0.628606 0.454217 0.0408654 0.0313253
3 0.543269 0.484337 0.0384615 0.0289157
3 0.388221 0.486747 0.0408654 0.0240964
0 0.588942 0.818072 0.0336538 0.0409639
0 0.527644 0.80241 0.0456731 0.0433735
0 0.668269 0.745783 0.0336538 0.0409639
0 0.747596 0.857831 0.0673077 0.0385542
0 0.838942 0.86506 0.0625 0.0481928
0 0.473558 0.746988 0.0288462 0.0385542
0 0.527644 0.949398 0.0456731 0.0385542
0 0.590144 0.937349 0.0408654 0.053012
1 0.358173 0.813253 0.0288462 0.060241
1 0.413462 0.808434 0.0528846 0.0554217
1 0.413462 0.939759 0.0480769 0.0433735
1 0.355769 0.933735 0.0384615 0.0650602
9 0.254808 0.640964 0.100962 0.183133
9 0.78726 0.601205 0.112981 0.146988
9 0.632212 0.53253 0.0817308 0.0963855
9 0.550481 0.595181 0.0817308 0.154217
9 0.47476 0.553012 0.0745192 0.113253
9 0.379808 0.568675 0.0961538 0.120482
11 0.555288 0.649398 0.0625 0.248193
11 0.635817 0.604819 0.0600962 0.226506
11 0.789663 0.686747 0.112981 0.308434
11 0.379808 0.645783 0.0817308 0.250602
