0 0.328125 0.604819 0.0697115 0.0337349
0 0.3125 0.666265 0.0528846 0.0313253
0 0.383413 0.622892 0.0360577 0.0313253
0 0.399038 0.660241 0.0288462 0.0385542
4 0.324519 0.421687 0.0336538 0.0337349
4 0.296875 0.368675 0.0264423 0.0385542
4 0.425481 0.492771 0.0384615 0.0361446
6 0.222356 0.391566 0.0649038 0.0554217
6 0.465144 0.407229 0.0552885 0.0578313
9 0.228365 0.456627 0.0769231 0.103614
9 0.459135 0.481928 0.0913462 0.106024
11 0.259615 0.522892 0.139423 0.240964
11 0.436298 0.533735 0.137019 0.233735
