2 0.328125 0.33253 0.0408654 0.0240964
3 0.460337 0.318072 0.0456731 0.0433735
3 0.711538 0.377108 0.0432692 0.0313253
5 0.25 0.473494 0.0288462 0.0361446
5 0.548077 0.551807 0.0480769 0.0626506
5 0.689904 0.514458 0.0384615 0.0361446
5 0.733173 0.519277 0.0384615 0.0409639
5 0.546875 0.478313 0.0264423 0.0361446
0 0.393029 0.790361 0.0504808 0.0722892
0 0.425481 0.76988 0.0432692 0.0746988
0 0.641827 0.701205 0.0432692 0.053012
0 0.711538 0.742169 0.0576923 0.0433735
0 0.495192 0.573494 0.0288462 0.0337349
0 0.290865 0.626506 0.0432692 0.0481928
0 0.323317 0.608434 0.0360577 0.0361446
6 0.326923 0.325301 0.0480769 0.0722892
6 0.44351 0.314458 0.0793269 0.103614
6 0.510817 0.366265 0.03125 0.0578313
6 0.698317 0.36747 0.0649038 0.0746988
9 0.314904 0.416867 0.100962 0.120482
9 0.439904 0.451807 0.139423 0.175904
9 0.52524 0.425301 0.03125 0.0746988
9 0.691106 0.473494 0.122596 0.161446
11 0.316106 0.480723 0.112981 0.257831
11 0.438702 0.56747 0.137019 0.407229
11 0.682692 0.551807 0.110577 0.327711
