6 0.795673 0.277108 0.0384615 0.0578313
6 0.546875 0.36747 0.0649038 0.0891566
6 0.417067 0.426506 0.0600962 0.0819277
6 0.288462 0.344578 0.0625 0.0963855
6 0.254808 0.306024 0.0480769 0.0578313
6 0.347356 0.355422 0.0649038 0.0506024
6 0.257212 0.0337349 0.0432692 0.0626506
6 0.288462 0.0168675 0.0528846 0.0337349
6 0.795673 0.0542169 0.0240385 0.0409639
6 0.0264423 0.381928 0.0288462 0.0457831
5 0.520433 0.445783 0.0360577 0.053012
4 0.205529 0.327711 0.0552885 0.0578313
9 0.260817 0.460241 0.112981 0.187952
11 0.36899 0.590361 0.09375 0.279518
11 0.03125 0.454217 0.0625 0.13253
