3 0.604567 0.449519 0.0360577 0.0240385
3 0.47476 0.480769 0.0504808 0.0288462
3 0.328125 0.450721 0.0552885 0.0264423
3 0.201923 0.40625 0.0769231 0.0384615
5 0.28726 0.694712 0.03125 0.0576923
5 0.382212 0.647837 0.0336538 0.0504808
5 0.616587 0.608173 0.0264423 0.0384615
5 0.569712 0.58774 0.0240385 0.0360577
6 0.177885 0.394231 0.129808 0.173077
6 0.322115 0.451923 0.0673077 0.0913462
6 0.471154 0.481971 0.0625 0.0649038
6 0.609375 0.445913 0.0504808 0.0504808
9 0.158654 0.625 0.235577 0.3125
9 0.323317 0.552885 0.112981 0.139423
9 0.483173 0.594952 0.105769 0.165865
9 0.604567 0.526442 0.0793269 0.105769
11 0.161058 0.639423 0.25 0.350962
11 0.326923 0.641827 0.110577 0.322115
11 0.469952 0.655048 0.112981 0.319712
11 0.604567 0.594952 0.0793269 0.257212
