0 0.830529 0.838554 0.0697115 0.053012
0 0.420673 0.807229 0.0721154 0.0481928
0 0.366587 0.828916 0.0552885 0.0481928
0 0.25601 0.76988 0.0649038 0.0506024
0 0.288462 0.743374 0.0576923 0.0409639
0 0.141827 0.844578 0.100962 0.0554217
0 0.158654 0.719277 0.0625 0.0409639
0 0.182692 0.672289 0.0432692 0.0337349
0 0.530048 0.722892 0.0552885 0.0819277
0 0.540865 0.70241 0.0528846 0.060241
0 0.625 0.684337 0.0528846 0.0433735
0 0.628606 0.66506 0.0456731 0.0433735
0 0.728365 0.637349 0.0480769 0.0409639
0 0.786058 0.804819 0.0480769 0.0433735
0 0.456731 0.63012 0.0432692 0.0313253
3 0.407452 0.414458 0.0504808 0.0289157
3 0.546875 0.40241 0.0360577 0.0240964
3 0.822115 0.406024 0.0384615 0.0409639
3 0.174279 0.366265 0.0264423 0.0240964
3 0.11899 0.356627 0.0552885 0.0289157
3 0.271635 0.412048 0.0480769 0.0240964
4 0.105769 0.659036 0.0528846 0.0457831
4 0.359375 0.646988 0.0504808 0.0650602
5 0.293269 0.454217 0.0384615 0.0361446
5 0.444712 0.461446 0.0240385 0.0457831
5 0.528846 0.580723 0.0288462 0.0337349
5 0.777644 0.622892 0.0360577 0.0313253
4 0.63101 0.556626 0.0264423 0.0337349
5 0.176683 0.440964 0.0456731 0.0289157
5 0.146635 0.385542 0.0288462 0.0433735
6 0.0913462 0.343374 0.0913462 0.122892
6 0.268029 0.401205 0.0745192 0.0843373
6 0.403846 0.410843 0.0817308 0.0987952
6 0.542067 0.398795 0.0697115 0.0698795
6 0.622596 0.410843 0.0576923 0.0698795
6 0.721154 0.421687 0.0432692 0.0481928
6 0.798077 0.404819 0.0913462 0.0819277
7 0.171875 0.363855 0.0504808 0.0626506
9 0.0853365 0.501205 0.132212 0.231325
9 0.149038 0.489157 0.0576923 0.168675
9 0.183894 0.473494 0.0697115 0.13253
9 0.254808 0.493976 0.0961538 0.13494
9 0.382212 0.520482 0.139423 0.173494
9 0.53726 0.508434 0.09375 0.163855
9 0.616587 0.489157 0.0649038 0.120482
9 0.727163 0.480723 0.0552885 0.0891566
9 0.798077 0.533735 0.0961538 0.166265
11 0.0805288 0.612048 0.127404 0.457831
11 0.145433 0.553012 0.0600962 0.301205
11 0.183894 0.531325 0.0600962 0.272289
11 0.257212 0.590361 0.0961538 0.327711
11 0.383413 0.619277 0.137019 0.361446
11 0.61899 0.545783 0.0649038 0.233735
11 0.729567 0.53012 0.0504808 0.192771
11 0.800481 0.626506 0.105769 0.361446
10 0.539663 0.560241 0.0889423 0.26747
