0 0.942308 0.777644 0.100962 0.0504808
4 0.361779 0.371394 0.0504808 0.0552885
4 0.74399 0.766827 0.0889423 0.0769231
0 0.842548 0.778846 0.117788 0.0576923
9 0.836538 0.584135 0.322115 0.25
3 0.298077 0.248798 0.0913462 0.0360577
11 0.408654 0.552885 0.230769 0.427885
9 0.24399 0.402644 0.151442 0.242788
3 0.502404 0.353365 0.0961538 0.0384615
0 0.448317 0.78726 0.108173 0.0552885
11 0.210337 0.515625 0.199519 0.463942
6 0.734375 0.466346 0.132212 0.129808
6 0.503606 0.338942 0.103365 0.120192
6 0.296875 0.239183 0.0985577 0.117788
9 0.413462 0.448317 0.173077 0.242788
6 0.300481 0.0985577 0.110577 0.110577
3 0.305288 0.0817308 0.0625 0.0288462
