11 0.551683 0.725962 0.362981 0.548077
2 0.643029 0.403846 0.0649038 0.0432692
3 0.921875 0.382212 0.0360577 0.0288462
2 0.918269 0.382212 0.0288462 0.0288462
9 0.135817 0.519231 0.122596 0.245192
11 0.875 0.61899 0.149038 0.387019
9 0.731971 0.605769 0.161058 0.283654
11 0.140625 0.584135 0.132212 0.375
6 0.655048 0.388221 0.127404 0.132212
6 0.282452 0.348558 0.0985577 0.110577
6 0.46875 0.389423 0.163462 0.149038
9 0.546875 0.640625 0.34375 0.348558
9 0.282452 0.527644 0.185096 0.247596
9 0.875 0.53726 0.149038 0.223558
6 0.151442 0.347356 0.100962 0.117788
6 0.895433 0.372596 0.108173 0.110577
11 0.283654 0.609375 0.177885 0.40625
