0 0.336538 0.737349 0.0528846 0.0337349
0 0.260817 0.743374 0.0360577 0.0409639
0 0.813702 0.738554 0.0408654 0.0409639
0 0.772837 0.73012 0.0456731 0.0337349
1 0.185096 0.774699 0.0576923 0.0457831
1 0.222356 0.760241 0.0552885 0.0409639
1 0.442308 0.750602 0.0528846 0.0409639
1 0.483173 0.760241 0.0432692 0.0409639
2 0.311298 0.426506 0.0456731 0.0240964
3 0.0997596 0.46988 0.03125 0.0240964
3 0.234375 0.448193 0.03125 0.0289157
3 0.460337 0.448193 0.0264423 0.0289157
3 0.808894 0.457831 0.0360577 0.0240964
3 0.0300481 0.422892 0.03125 0.0313253
5 0.0841346 0.538554 0.0288462 0.026506
5 0.0384615 0.508434 0.0384615 0.0240964
5 0.192308 0.613253 0.0240385 0.0313253
5 0.260817 0.601205 0.0360577 0.0313253
5 0.444712 0.580723 0.0288462 0.0337349
5 0.41226 0.556626 0.03125 0.0240964
5 0.409856 0.571084 0.0264423 0.0240964
5 0.350962 0.591566 0.0240385 0.026506
5 0.560096 0.439759 0.0576923 0.0506024
7 0.0240385 0.413253 0.0480769 0.0843373
7 0.215144 0.446988 0.0600962 0.060241
7 0.30649 0.43253 0.0552885 0.060241
7 0.473558 0.444578 0.0576923 0.060241
7 0.426683 0.455422 0.0408654 0.0433735
7 0.389423 0.466265 0.0432692 0.0409639
7 0.0913462 0.46506 0.0480769 0.0433735
7 0.808894 0.459036 0.0552885 0.0554217
7 0.621394 0.396386 0.0889423 0.0987952
9 0.211538 0.538554 0.0865385 0.127711
9 0.0877404 0.531325 0.0841346 0.0843373
9 0.296875 0.528916 0.0985577 0.137349
9 0.379808 0.533735 0.0384615 0.103614
9 0.465144 0.543373 0.0793269 0.137349
9 0.622596 0.56747 0.168269 0.228916
9 0.811298 0.551807 0.0793269 0.13012
11 0.634615 0.654217 0.192308 0.39759
11 0.801683 0.603614 0.0745192 0.219277
11 0.467548 0.581928 0.0889423 0.219277
11 0.295673 0.573494 0.0913462 0.226506
11 0.206731 0.593976 0.0721154 0.238554
