3 0.013253 0.19351 0.026506 0.0408654
0 0.881928 0.858173 0.13494 0.0625
11 0.172289 0.515625 0.344578 0.651442
11 0.83253 0.484375 0.33494 0.728365
9 0.263855 0.31851 0.161446 0.276442
6 0.0156627 0.1875 0.0313253 0.115385
10 0.824096 0.477163 0.351807 0.65625
0 0.0710843 0.885817 0.137349 0.0600962
0 0.785542 0.858173 0.13012 0.0625
5 0.396386 0.409856 0.0698795 0.0600962
3 0.974699 0.140625 0.0506024 0.0504808
9 0.0795181 0.323317 0.159036 0.276442
10 0.172289 0.513221 0.344578 0.661058
9 0.736145 0.280048 0.185542 0.247596
0 0.93253 0.835337 0.0626506 0.0504808
9 0.919277 0.284856 0.161446 0.257212
0 0.73494 0.835337 0.0626506 0.0456731
3 0.373494 0.213942 0.0722892 0.0336538
0 0.26506 0.88101 0.139759 0.0649038
3 0.656627 0.152644 0.122892 0.0408654
6 0.973494 0.127404 0.053012 0.168269
6 0.373494 0.182692 0.125301 0.149038
6 0.656627 0.127404 0.122892 0.163462
