0 0.992788 0.76506 0.0144231 0.0313253
5 0.668269 0.96506 0.0913462 0.0698795
7 0.794471 0.375904 0.0408654 0.053012
7 0.992788 0.39759 0.0288462 0.0481928
5 0.5625 0.744578 0.0336538 0.053012
5 0.852163 0.556626 0.0456731 0.0433735
0 0.953125 0.750602 0.0456731 0.0361446
7 0.951923 0.436145 0.0432692 0.0578313
7 0.807692 0.43253 0.0432692 0.060241
7 0.43149 0.410843 0.0504808 0.0698795
7 0.858173 0.389157 0.0384615 0.0506024
7 0.707933 0.509639 0.0504808 0.0843373
7 0.501202 0.474699 0.0745192 0.101205
5 0.46875 0.761446 0.0384615 0.0626506
9 0.353365 0.63012 0.158654 0.204819
9 0.956731 0.5 0.0913462 0.103614
5 0.239183 0.76747 0.0408654 0.060241
5 0.614183 0.639759 0.0408654 0.0457831
5 0.659856 0.701205 0.0649038 0.0578313
9 0.84375 0.539759 0.129808 0.125301
7 0.544471 0.414458 0.0504808 0.0674699
7 0.645433 0.504819 0.0745192 0.103614
9 0.504808 0.604819 0.129808 0.159036
7 0.360577 0.498795 0.0769231 0.101205
6 0.0288462 0.407229 0.0576923 0.120482
9 0.663462 0.644578 0.173077 0.175904
5 0.233173 0.898795 0.0384615 0.0674699
7 0.850962 0.444578 0.0480769 0.060241
5 0.471154 0.907229 0.0336538 0.0939759
5 0.561298 0.933735 0.03125 0.0795181
