5 0.222356 0.331325 0.0408654 0.0698795
5 0.669471 0.346988 0.0360577 0.053012
9 0.737981 0.456627 0.0865385 0.175904
1 0.69351 0.780723 0.0745192 0.0481928
0 0.355769 0.684337 0.0240385 0.0289157
5 0.479567 0.519277 0.0264423 0.0409639
0 0.144231 0.771084 0.0336538 0.0433735
3 0.536058 0.326506 0.0625 0.0216867
0 0.40625 0.683133 0.0336538 0.0361446
5 0.239183 0.444578 0.0456731 0.0457831
5 0.757212 0.501205 0.0384615 0.053012
0 0.233173 0.701205 0.0432692 0.0337349
0 0.679087 0.718072 0.0456731 0.0385542
0 0.209135 0.783133 0.0913462 0.053012
5 0.436298 0.507229 0.0264423 0.0361446
0 0.572115 0.714458 0.0432692 0.0457831
3 0.379808 0.337349 0.0480769 0.0192771
11 0.171875 0.539759 0.09375 0.385542
7 0.53726 0.326506 0.0649038 0.0746988
5 0.586538 0.527711 0.0288462 0.0433735
7 0.71274 0.331325 0.0649038 0.0746988
0 0.52524 0.7 0.0552885 0.0313253
5 0.788462 0.550602 0.0384615 0.0409639
9 0.174279 0.428916 0.09375 0.159036
7 0.176683 0.308434 0.0697115 0.0915663
11 0.545673 0.519277 0.110577 0.325301
7 0.379808 0.338554 0.0528846 0.0650602
9 0.545673 0.425301 0.105769 0.127711
9 0.379808 0.436145 0.110577 0.13494
11 0.379808 0.509639 0.110577 0.281928
1 0.751202 0.9 0.0456731 0.0554217
1 0.69351 0.886747 0.0649038 0.0578313
11 0.737981 0.551807 0.0913462 0.380723
9 0.676683 0.445783 0.0504808 0.139759
11 0.676683 0.531325 0.0504808 0.315663
6 0.177885 0.0361446 0.0721154 0.0722892
0 0.206731 0.879518 0.0961538 0.053012
0 0.146635 0.898795 0.0384615 0.0433735
0 0.237981 0.963855 0.0480769 0.0385542
0 0.352163 0.978313 0.0360577 0.0385542
0 0.411058 0.977108 0.0336538 0.0457831
0 0.526442 0.96747 0.0625 0.0409639
0 0.576923 0.950602 0.0384615 0.0698795
