4 0.59375 0.0408654 0.0817308 0.0817308
3 0.145433 0.456731 0.09375 0.0288462
3 0.807692 0.418269 0.0384615 0.0336538
7 0.145433 0.455529 0.0985577 0.0985577
3 0.592548 0.405048 0.0697115 0.0264423
3 0.388221 0.424279 0.0697115 0.03125
9 0.120192 0.603365 0.177885 0.225962
5 0.461538 0.691106 0.0336538 0.0408654
7 0.59375 0.408654 0.0721154 0.0961538
9 0.61899 0.55649 0.15625 0.194712
5 0.21274 0.603365 0.0504808 0.0480769
9 0.871394 0.633413 0.185096 0.295673
7 0.848558 0.419471 0.120192 0.132212
7 0.389423 0.427885 0.0721154 0.0913462
9 0.40024 0.560096 0.165865 0.1875
6 0.390625 0.0324519 0.0793269 0.0600962
5 0.173077 0.487981 0.0961538 0.0576923
5 0.213942 0.955529 0.0625 0.0552885
5 0.322115 0.862981 0.0336538 0.0432692
5 0.322115 0.6875 0.0288462 0.0528846
5 0.46274 0.86899 0.0264423 0.0408654
7 0.852163 0.0432692 0.132212 0.0865385
