0 0.554087 0.514458 0.0456731 0.026506
0 0.125 0.93012 0.0480769 0.086747
11 0.55649 0.393976 0.0745192 0.190361
0 0.235577 0.745783 0.0673077 0.0506024
5 0.346154 0.355422 0.0480769 0.060241
9 0.924279 0.331325 0.0552885 0.060241
6 0.979567 0.281928 0.0408654 0.0674699
6 0.926683 0.285542 0.03125 0.0361446
6 0.644231 0.286747 0.0384615 0.0385542
9 0.635817 0.33253 0.0408654 0.0626506
9 0.557692 0.349398 0.0625 0.101205
9 0.221154 0.443374 0.120192 0.207229
6 0.585337 0.283133 0.0456731 0.0554217
6 0.248798 0.303614 0.108173 0.0963855
11 0.217548 0.526506 0.132212 0.383133
0 0.140625 0.768675 0.0600962 0.0578313
0 0.247596 0.939759 0.0817308 0.053012
6 0.586538 0.0325301 0.0480769 0.0506024
6 0.646635 0.0289157 0.0288462 0.0385542
6 0.977163 0.0421687 0.0456731 0.0746988
6 0.925481 0.0277108 0.0336538 0.0409639
