2 0.536058 0.360241 0.0528846 0.0216867
3 0.628606 0.33012 0.0889423 0.0289157
3 0.414663 0.356627 0.0504808 0.0192771
11 0.542067 0.557831 0.108173 0.33494
7 0.953125 0.361446 0.0264423 0.0144578
0 0.647837 0.828916 0.0408654 0.0433735
3 0.953125 0.362651 0.03125 0.0168675
5 0.586538 0.591566 0.0336538 0.0554217
0 0.585337 0.706024 0.0408654 0.0481928
3 0.778846 0.328916 0.0865385 0.0313253
5 0.528846 0.518072 0.0384615 0.0433735
5 0.44351 0.546988 0.0360577 0.0481928
3 0.534856 0.359036 0.0504808 0.0240964
5 0.300481 0.528916 0.0336538 0.0409639
3 0.597356 0.33253 0.0360577 0.0289157
4 0.722356 0.601205 0.0456731 0.0650602
7 0.953125 0.366265 0.03125 0.0337349
11 0.950721 0.449398 0.0552885 0.142169
3 0.325721 0.336145 0.0600962 0.026506
5 0.560096 0.403614 0.0288462 0.0409639
9 0.663462 0.486747 0.153846 0.231325
0 0.610577 0.775904 0.0576923 0.0481928
0 0.40024 0.727711 0.0456731 0.0385542
5 0.722356 0.601205 0.0456731 0.0650602
0 0.83774 0.731325 0.0552885 0.0409639
0 0.496394 0.724096 0.0552885 0.060241
0 0.75 0.754217 0.0576923 0.0433735
9 0.950721 0.409639 0.0504808 0.0578313
5 0.328125 0.536145 0.0456731 0.0457831
11 0.802885 0.549398 0.139423 0.366265
9 0.53125 0.46506 0.0865385 0.139759
11 0.433894 0.537349 0.0889423 0.318072
11 0.324519 0.568675 0.144231 0.380723
7 0.629808 0.333735 0.105769 0.103614
11 0.667067 0.581928 0.141827 0.40241
9 0.800481 0.443374 0.139423 0.154217
7 0.534856 0.359036 0.0552885 0.0674699
9 0.429087 0.457831 0.0889423 0.149398
7 0.777644 0.33494 0.0889423 0.086747
7 0.413462 0.353012 0.0576923 0.0650602
7 0.326923 0.336145 0.0625 0.0891566
9 0.322115 0.46506 0.144231 0.173494
0 0.324519 0.768675 0.0336538 0.0433735
0 0.350962 0.803614 0.0384615 0.0506024
0 0.402644 0.928916 0.0456731 0.0457831
0 0.501202 0.931325 0.0552885 0.0554217
0 0.578125 0.949398 0.0360577 0.0578313
0 0.610577 0.886747 0.0480769 0.0722892
0 0.753606 0.907229 0.0697115 0.0554217
0 0.836538 0.933735 0.0576923 0.0698795
0 0.341346 0.862651 0.0721154 0.0674699
