11 0.706731 0.497596 0.110577 0.341346
5 0.305288 0.637019 0.0480769 0.0576923
4 0.304087 0.637019 0.0456731 0.0576923
6 0.328125 0.390625 0.0649038 0.0985577
9 0.705529 0.394231 0.0985577 0.129808
0 0.350962 0.752404 0.0769231 0.0480769
9 0.319712 0.524038 0.129808 0.1875
6 0.66226 0.296875 0.0697115 0.0793269
10 0.322115 0.586538 0.129808 0.322115
0 0.274038 0.790865 0.0528846 0.0528846
0 0.278846 0.860577 0.0480769 0.0480769
0 0.353365 0.91226 0.0721154 0.0649038
6 0.522837 0.393029 0.0456731 0.0697115
6 0.665865 0.0456731 0.0769231 0.0865385
9 0.546875 0.480769 0.0889423 0.115385
10 0.555288 0.522837 0.0961538 0.204327
