0 0.112981 0.640625 0.0913462 0.0456731
9 0.550481 0.451923 0.144231 0.182692
5 0.548077 0.572115 0.0528846 0.0576923
5 0.668269 0.580529 0.0625 0.0793269
4 0.546875 0.572115 0.0504808 0.0576923
4 0.667067 0.579327 0.0600962 0.0817308
3 0.0973558 0.348558 0.108173 0.0384615
6 0.534856 0.94351 0.170673 0.112981
4 0.605769 0.580529 0.0625 0.0649038
6 0.518029 0.359375 0.122596 0.127404
6 0.66226 0.274038 0.161058 0.168269
6 0.0961538 0.334135 0.120192 0.134615
5 0.0949519 0.495192 0.0793269 0.0625
5 0.69351 0.65625 0.0793269 0.0769231
9 0.802885 0.432692 0.288462 0.293269
