0 0.205529 0.0192308 0.0408654 0.0384615
7 0.764423 0.317308 0.110577 0.144231
9 0.25601 0.524038 0.314904 0.389423
7 0.655048 0.325721 0.0985577 0.127404
4 0.461538 0.552885 0.0576923 0.0576923
5 0.540865 0.340144 0.0625 0.0600962
4 0.402644 0.519231 0.0649038 0.0528846
0 0.216346 0.758413 0.0913462 0.0745192
7 0.403846 0.388221 0.139423 0.15625
6 0.566106 0.44351 0.122596 0.117788
0 0.40625 0.804087 0.125 0.0649038
9 0.638221 0.515625 0.247596 0.233173
7 0.346154 0.266827 0.120192 0.149038
4 0.501202 0.264423 0.0793269 0.0769231
4 0.496394 0.0432692 0.0841346 0.0817308
0 0.390625 0.890625 0.108173 0.0745192
0 0.217548 0.942308 0.0841346 0.0721154
9 0.792067 0.439904 0.180288 0.201923
7 0.347356 0.0552885 0.132212 0.110577
