0 0.637019 0.666265 0.0576923 0.026506
0 0.294471 0.675904 0.0552885 0.0216867
0 0.367788 0.657831 0.0336538 0.0240964
11 0.651442 0.553012 0.0721154 0.180723
0 0.171875 0.715663 0.0504808 0.0289157
6 0.0877404 0.459036 0.0360577 0.0361446
0 0.408654 0.650602 0.0432692 0.0192771
0 0.13101 0.722892 0.0408654 0.0433735
8 0.121394 0.539759 0.103365 0.13012
0 0.257212 0.7 0.0480769 0.026506
6 0.276442 0.436145 0.0576923 0.0578313
8 0.655048 0.514458 0.0697115 0.0987952
0 0.481971 0.719277 0.0600962 0.0313253
8 0.510817 0.526506 0.0793269 0.122892
8 0.71274 0.498795 0.0600962 0.0771084
6 0.697115 0.444578 0.0384615 0.0409639
6 0.393029 0.451807 0.0408654 0.0457831
6 0.640625 0.451807 0.0456731 0.0506024
11 0.385817 0.556626 0.0745192 0.168675
6 0.127404 0.448193 0.0625 0.0626506
8 0.384615 0.519277 0.0721154 0.0939759
8 0.268029 0.514458 0.0745192 0.108434
6 0.496394 0.445783 0.0600962 0.0578313
11 0.509615 0.578313 0.0817308 0.226506
11 0.123798 0.583133 0.103365 0.212048
11 0.268029 0.56747 0.0745192 0.214458
5 0.259615 0.568675 0.0240385 0.0433735
5 0.72476 0.528916 0.03125 0.026506
0 0.483173 0.851807 0.0625 0.0361446
0 0.633413 0.904819 0.0456731 0.0313253
0 0.689904 0.66747 0.0384615 0.0289157
0 0.685096 0.906024 0.0384615 0.0289157
0 0.409856 0.922892 0.0408654 0.0240964
0 0.367788 0.916867 0.0288462 0.0361446
0 0.293269 0.893976 0.0528846 0.0289157
0 0.253606 0.872289 0.0456731 0.0337349
0 0.13101 0.839759 0.0360577 0.0313253
0 0.173077 0.856627 0.0576923 0.0313253
