6 0.4375 0.060241 0.0673077 0.0771084
7 0.760817 0.221687 0.0456731 0.0385542
6 0.305288 0.295181 0.0625 0.0554217
9 0.47476 0.325301 0.09375 0.0963855
9 0.751202 0.0481928 0.0793269 0.0963855
9 0.75 0.281928 0.0817308 0.0915663
9 0.692308 0.539759 0.158654 0.13012
6 0.760817 0.221687 0.0456731 0.0385542
9 0.876202 0.348193 0.0745192 0.0843373
6 0.435096 0.272289 0.0625 0.0674699
6 0.878606 0.284337 0.0456731 0.0481928
6 0.759615 0.445783 0.110577 0.13494
9 0.262019 0.337349 0.144231 0.0963855
5 0.390625 0.362651 0.03125 0.026506
5 0.405048 0.39759 0.0264423 0.0240964
4 0.673077 0.622892 0.0673077 0.0650602
6 0.769231 0.114458 0.0432692 0.0361446
6 0.877404 0.0481928 0.0480769 0.053012
