0 0.694712 0.722892 0.0336538 0.0385542
0 0.564904 0.687952 0.0288462 0.0313253
3 0.759615 0.379518 0.0528846 0.026506
3 0.671875 0.384337 0.0456731 0.0216867
0 0.503606 0.683133 0.03125 0.026506
3 0.542067 0.390361 0.0456731 0.0192771
0 0.84976 0.816867 0.0793269 0.053012
0 0.717548 0.740964 0.0649038 0.0361446
0 0.263221 0.710843 0.03125 0.0289157
3 0.427885 0.380723 0.0480769 0.0289157
0 0.780048 0.76747 0.0504808 0.0409639
7 0.189904 0.408434 0.0576923 0.0746988
11 0.90625 0.592771 0.120192 0.346988
2 0.177885 0.363855 0.0528846 0.0289157
0 0.167067 0.754217 0.0504808 0.0385542
5 0.177885 0.550602 0.0336538 0.0409639
0 0.391827 0.675904 0.0336538 0.0409639
0 0.641827 0.695181 0.0528846 0.0313253
0 0.460337 0.678313 0.0408654 0.0361446
3 0.0649038 0.403614 0.0673077 0.0313253
5 0.808894 0.43494 0.0408654 0.0506024
3 0.883413 0.36988 0.0697115 0.0313253
0 0.221154 0.737349 0.0480769 0.0337349
3 0.284856 0.374699 0.0504808 0.026506
11 0.182692 0.573494 0.100962 0.284337
0 0.316106 0.69759 0.0360577 0.0313253
0 0.0588942 0.792771 0.0456731 0.0481928
5 0.0372596 0.581928 0.0360577 0.0409639
0 0.103365 0.772289 0.0625 0.0409639
11 0.286058 0.533735 0.0961538 0.262651
9 0.897837 0.496386 0.112981 0.168675
7 0.177885 0.360241 0.0528846 0.0554217
9 0.764423 0.471084 0.0961538 0.127711
7 0.673077 0.381928 0.0480769 0.0650602
7 0.427885 0.379518 0.0480769 0.0698795
9 0.425481 0.468675 0.105769 0.118072
11 0.763221 0.572289 0.0985577 0.33494
9 0.182692 0.49759 0.105769 0.142169
7 0.758413 0.378313 0.0552885 0.0771084
7 0.542067 0.387952 0.0456731 0.0626506
11 0.425481 0.524096 0.105769 0.228916
9 0.0625 0.516867 0.120192 0.161446
7 0.284856 0.372289 0.0504808 0.0698795
11 0.665865 0.550602 0.0913462 0.262651
11 0.545673 0.540964 0.100962 0.253012
9 0.546875 0.481928 0.0985577 0.13012
9 0.286058 0.462651 0.0961538 0.13012
7 0.0637019 0.39759 0.0697115 0.0915663
11 0.0685096 0.592771 0.117788 0.308434
7 0.882212 0.373494 0.0721154 0.0915663
9 0.668269 0.484337 0.0865385 0.13012
5 0.689904 0.508434 0.0384615 0.0433735
5 0.734375 0.445783 0.03125 0.053012
