10 0.296875 0.449519 0.189904 0.298077
6 0.451923 0.484375 0.0721154 0.0841346
0 0.949519 0.616587 0.0865385 0.0793269
9 0.894231 0.0805288 0.206731 0.161058
9 0.891827 0.451923 0.216346 0.153846
9 0.298077 0.382212 0.1875 0.168269
6 0.425481 0.388221 0.110577 0.117788
6 0.748798 0.418269 0.112981 0.110577
9 0.292067 0.152644 0.161058 0.170673
9 0.576923 0.0625 0.177885 0.115385
9 0.578125 0.487981 0.185096 0.149038
9 0.567308 0.956731 0.177885 0.0865385
7 0.451923 0.0504808 0.0721154 0.0865385
7 0.454327 0.963942 0.0721154 0.0721154
6 0.426683 0.140625 0.103365 0.122596
6 0.742788 0.120192 0.105769 0.120192
7 0.427885 0.558894 0.0769231 0.0745192
7 0.430288 0.907452 0.0769231 0.0697115
