5 0.385817 0.490361 0.03125 0.026506
3 0.348558 0.455422 0.0240385 0.0144578
3 0.604567 0.451807 0.0408654 0.0361446
0 0.753606 0.746988 0.0504808 0.0289157
0 0.789663 0.750602 0.0360577 0.0313253
3 0.498798 0.478313 0.0408654 0.0168675
5 0.614183 0.519277 0.0216346 0.026506
5 0.512019 0.536145 0.0288462 0.026506
6 0.611779 0.445783 0.0841346 0.0771084
5 0.132212 0.645783 0.0384615 0.0433735
5 0.486779 0.521687 0.03125 0.0409639
9 0.334135 0.544578 0.0769231 0.144578
0 0.336538 0.766265 0.0817308 0.0433735
7 0.610577 0.446988 0.0721154 0.0746988
9 0.496394 0.550602 0.0793269 0.103614
0 0.627404 0.718072 0.0336538 0.0289157
11 0.609375 0.591566 0.0697115 0.233735
7 0.340144 0.450602 0.0600962 0.0674699
11 0.772837 0.606024 0.108173 0.243373
7 0.49399 0.475904 0.0552885 0.0554217
9 0.770433 0.559036 0.108173 0.149398
9 0.1875 0.574699 0.100962 0.190361
9 0.606971 0.53012 0.0649038 0.106024
11 0.496394 0.608434 0.0793269 0.224096
7 0.747596 0.457831 0.0480769 0.0626506
7 0.197115 0.440964 0.0673077 0.0771084
11 0.334135 0.612048 0.0817308 0.284337
11 0.188702 0.646988 0.103365 0.33494
0 0.495192 0.740964 0.0625 0.0457831
0 0.573317 0.686747 0.0264423 0.0674699
