5 0.137019 0.472356 0.0625 0.0600962
9 0.670673 0.260817 0.173077 0.204327
5 0.790865 0.814904 0.0817308 0.105769
5 0.611779 0.322115 0.0697115 0.0625
9 0.197115 0.846154 0.307692 0.283654
6 0.229567 0.609375 0.194712 0.185096
9 0.864183 0.552885 0.266827 0.461538
7 0.856971 0.213942 0.185096 0.235577
1 0.540865 0.543269 0.0817308 0.0480769
7 0.426683 0.669471 0.0985577 0.108173
5 0.78726 0.929087 0.0841346 0.0985577
0 0.670673 0.591346 0.0625 0.0769231
0 0.454327 0.385817 0.0528846 0.0408654
0 0.610577 0.81851 0.100962 0.0793269
0 0.615385 0.93149 0.0913462 0.0793269
7 0.640625 0.125 0.0889423 0.110577
9 0.127404 0.271635 0.221154 0.274038
