6 0.117788 0.207229 0.0240385 0.0289157
9 0.6875 0.638554 0.0625 0.0771084
9 0.0709135 0.603614 0.0649038 0.0746988
9 0.122596 0.250602 0.0432692 0.0626506
6 0.0564904 0.231325 0.03125 0.0337349
9 0.887019 0.639759 0.0528846 0.0939759
6 0.442308 0.26747 0.0288462 0.0337349
9 0.0588942 0.272289 0.0408654 0.053012
6 0.483173 0.36988 0.0336538 0.0409639
9 0.515625 0.598795 0.0600962 0.0795181
9 0.19351 0.545783 0.0793269 0.103614
9 0.430288 0.315663 0.0576923 0.0771084
6 0.171875 0.480723 0.0408654 0.0506024
6 0.895433 0.578313 0.0360577 0.0481928
6 0.109375 0.557831 0.0408654 0.0506024
6 0.657452 0.595181 0.0408654 0.053012
6 0.549279 0.555422 0.0360577 0.0457831
6 0.919471 0.362651 0.0264423 0.0409639
11 0.427885 0.344578 0.0576923 0.13012
11 0.0612981 0.30241 0.0408654 0.113253
11 0.125 0.272289 0.0480769 0.110843
6 0.0564904 0.104819 0.0264423 0.0313253
6 0.441106 0.0686747 0.0264423 0.0361446
6 0.117788 0.126506 0.0240385 0.026506
9 0.121394 0.0843373 0.0456731 0.0578313
9 0.0576923 0.0662651 0.0432692 0.0506024
9 0.424279 0.0289157 0.0552885 0.0578313
