9 0.705529 0.569712 0.0889423 0.230769
2 0.423077 0.420673 0.0913462 0.0384615
2 0.0841346 0.366587 0.0528846 0.0456731
2 0.501202 0.407452 0.0697115 0.0360577
3 0.502404 0.40625 0.0721154 0.0336538
3 0.805288 0.377404 0.0721154 0.0336538
2 0.207933 0.429087 0.0697115 0.0408654
9 0.527644 0.59375 0.141827 0.254808
3 0.0829327 0.365385 0.0552885 0.0432692
9 0.859375 0.608173 0.21875 0.3125
5 0.459135 0.959135 0.0961538 0.0817308
9 0.0600962 0.598558 0.120192 0.322115
5 0.225962 0.719952 0.0625 0.0600962
5 0.140625 0.707933 0.0600962 0.0841346
6 0.264423 0.417067 0.0673077 0.0985577
5 0.727163 0.633413 0.0793269 0.0697115
9 0.420673 0.644231 0.201923 0.307692
6 0.739183 0.391827 0.0600962 0.115385
9 0.213942 0.620192 0.192308 0.245192
6 0.503606 0.405048 0.0841346 0.117788
5 0.867788 0.643029 0.0817308 0.0697115
6 0.81851 0.377404 0.103365 0.144231
5 0.460337 0.697115 0.0745192 0.0817308
6 0.0564904 0.350962 0.112981 0.177885
6 0.421875 0.420673 0.103365 0.149038
6 0.188702 0.40625 0.117788 0.168269
5 0.22476 0.949519 0.0649038 0.0673077
5 0.144231 0.951923 0.0576923 0.0865385
