9 0.418269 0.597356 0.0480769 0.0600962
6 0.439904 0.564904 0.0336538 0.0384615
8 0.75 0.590144 0.0625 0.0889423
6 0.31851 0.53125 0.0264423 0.0384615
9 0.0588942 0.576923 0.0408654 0.0528846
9 0.211538 0.580529 0.0384615 0.0600962
9 0.316106 0.58774 0.0552885 0.0841346
7 0.653846 0.545673 0.0240385 0.0336538
7 0.920673 0.549279 0.0384615 0.0456731
7 0.80649 0.53726 0.0360577 0.0456731
11 0.65625 0.647837 0.0673077 0.180288
11 0.754808 0.65024 0.0721154 0.204327
11 0.933894 0.665865 0.0793269 0.192308
11 0.825721 0.641827 0.0649038 0.177885
6 0.0564904 0.540865 0.0264423 0.0288462
6 0.496394 0.557692 0.0264423 0.0480769
9 0.484375 0.592548 0.0504808 0.0649038
9 0.657452 0.59976 0.0697115 0.0793269
7 0.759615 0.524038 0.0384615 0.0480769
9 0.824519 0.608173 0.0625 0.105769
9 0.933894 0.625 0.0745192 0.120192
11 0.414663 0.61899 0.0456731 0.09375
0 0.938702 0.780048 0.0504808 0.0360577
0 0.936298 0.966346 0.0504808 0.0384615
0 0.828125 0.758413 0.0600962 0.0408654
