5 0.207933 0.641827 0.0697115 0.0625
6 0.935096 0.0673077 0.129808 0.134615
5 0.617788 0.0168269 0.120192 0.0336538
9 0.653846 0.463942 0.259615 0.298077
3 0.614183 0.260817 0.137019 0.0456731
3 0.944712 0.233173 0.0817308 0.0625
3 0.0516827 0.330529 0.103365 0.0552885
6 0.941106 0.239183 0.117788 0.21875
7 0.0516827 0.331731 0.103365 0.211538
5 0.366587 0.698317 0.132212 0.103365
5 0.376202 0.490385 0.0793269 0.0721154
5 0.575721 0.538462 0.103365 0.0865385
11 0.0973558 0.707933 0.194712 0.569712
9 0.0973558 0.706731 0.194712 0.567308
6 0.615385 0.245192 0.144231 0.1875
