9 0.893029 0.419277 0.0697115 0.086747
9 0.710337 0.412048 0.0504808 0.106024
0 0.891827 0.548193 0.0240385 0.026506
3 0.354567 0.292771 0.0649038 0.0216867
5 0.860577 0.496386 0.0288462 0.0289157
9 0.980769 0.424096 0.0528846 0.0915663
0 0.871394 0.546988 0.0360577 0.0289157
9 0.944712 0.413253 0.0288462 0.0843373
0 0.953125 0.546988 0.0360577 0.0289157
3 0.794471 0.339759 0.0360577 0.0192771
7 0.794471 0.338554 0.0456731 0.0554217
0 0.985577 0.575904 0.0384615 0.0337349
0 0.790865 0.640964 0.0384615 0.0433735
0 0.590144 0.796386 0.0504808 0.0409639
5 0.695913 0.578313 0.0456731 0.0385542
0 0.633413 0.824096 0.0504808 0.053012
5 0.558894 0.345783 0.0456731 0.0506024
5 0.283654 0.524096 0.0288462 0.0361446
0 0.259615 0.689157 0.0625 0.053012
5 0.41226 0.556626 0.0408654 0.0385542
5 0.147837 0.455422 0.0360577 0.0337349
0 0.352163 0.755422 0.0649038 0.0554217
9 0.804087 0.433735 0.103365 0.139759
7 0.627404 0.306024 0.0769231 0.086747
11 0.239183 0.489157 0.108173 0.351807
11 0.802885 0.487952 0.100962 0.253012
11 0.626202 0.56988 0.137019 0.431325
11 0.370192 0.520482 0.139423 0.390361
9 0.240385 0.410843 0.110577 0.190361
7 0.245192 0.286747 0.0625 0.0674699
7 0.355769 0.285542 0.0817308 0.0891566
9 0.627404 0.455422 0.129808 0.20241
9 0.372596 0.442169 0.139423 0.228916
7 0.700721 0.340964 0.03125 0.0409639
7 0.745192 0.348193 0.0336538 0.0457831
7 0.884615 0.357831 0.0288462 0.0457831
7 0.980769 0.359036 0.0240385 0.0337349
7 0.949519 0.361446 0.0240385 0.0337349
11 0.977163 0.462651 0.0456731 0.163855
