9 0.569712 0.521687 0.0288462 0.0313253
6 0.282452 0.571084 0.0360577 0.0433735
6 0.717548 0.549398 0.03125 0.0337349
9 0.81851 0.626506 0.0552885 0.0626506
6 0.441106 0.574699 0.0408654 0.0457831
6 0.813702 0.568675 0.0408654 0.0481928
6 0.320913 0.559036 0.0360577 0.0385542
6 0.22476 0.56506 0.0360577 0.0409639
6 0.413462 0.559036 0.0336538 0.0385542
6 0.560096 0.56747 0.0384615 0.0409639
6 0.561298 0.928916 0.0408654 0.0361446
6 0.814904 0.93012 0.0480769 0.053012
6 0.222356 0.928916 0.03125 0.0506024
6 0.28125 0.933735 0.0336538 0.0409639
6 0.31851 0.937349 0.03125 0.0433735
6 0.41226 0.942169 0.0360577 0.053012
6 0.439904 0.927711 0.0336538 0.0481928
9 0.558894 0.618072 0.0552885 0.0698795
9 0.550481 0.885542 0.0528846 0.0554217
