11 0.992788 0.841346 0.0144231 0.134615
8 0.56851 0.336538 0.0649038 0.0961538
0 0.484375 0.546875 0.0552885 0.0264423
10 0.475962 0.399038 0.120192 0.240385
5 0.492788 0.43149 0.0288462 0.0360577
8 0.331731 0.432692 0.110577 0.125
6 0.355769 0.25601 0.0576923 0.0600962
7 0.560096 0.268029 0.0384615 0.0552885
9 0.472356 0.350962 0.112981 0.139423
6 0.385817 0.308894 0.0745192 0.0793269
11 0.475962 0.40024 0.120192 0.237981
6 0.331731 0.366587 0.0576923 0.0841346
6 0.391827 0.0444712 0.0673077 0.0649038
6 0.359375 0.0745192 0.0552885 0.0625
7 0.557692 0.0600962 0.0384615 0.0480769
