0 0.330529 0.669879 0.0408654 0.0289157
0 0.268029 0.706024 0.0456731 0.0240964
5 0.352163 0.578313 0.0360577 0.0433735
4 0.513221 0.63253 0.03125 0.0361446
0 0.117788 0.690361 0.0336538 0.026506
9 0.516827 0.443374 0.0817308 0.154217
5 0.622596 0.610843 0.0384615 0.0313253
9 0.986779 0.487952 0.0264423 0.127711
11 0.985577 0.549398 0.0288462 0.245783
3 0.59375 0.380723 0.0576923 0.0240964
9 0.31851 0.463855 0.0889423 0.156627
6 0.251202 0.359036 0.0552885 0.0674699
7 0.852163 0.362651 0.0408654 0.0457831
5 0.395433 0.473494 0.0552885 0.0361446
0 0.371394 0.668675 0.0408654 0.0313253
7 0.323317 0.362651 0.0552885 0.060241
7 0.59375 0.381928 0.0625 0.0795181
0 0.780048 0.703614 0.0408654 0.0385542
5 0.841346 0.563855 0.0240385 0.0289157
3 0.429087 0.355422 0.0552885 0.0216867
11 0.326923 0.516867 0.100962 0.262651
9 0.80649 0.480723 0.103365 0.127711
0 0.251202 0.725301 0.0745192 0.0433735
0 0.623798 0.807229 0.0504808 0.0481928
0 0.167067 0.683133 0.0504808 0.0361446
0 0.971154 0.696386 0.0528846 0.0289157
7 0.942308 0.378313 0.0336538 0.0385542
0 0.822115 0.703614 0.0384615 0.0433735
11 0.134615 0.53012 0.0961538 0.279518
0 0.44351 0.812048 0.0456731 0.0481928
7 0.808894 0.387952 0.0456731 0.0578313
11 0.235577 0.533735 0.0913462 0.301205
7 0.429087 0.355422 0.0600962 0.0746988
7 0.514423 0.344578 0.0384615 0.053012
7 0.251202 0.359036 0.0552885 0.0674699
9 0.424279 0.479518 0.141827 0.178313
0 0.548077 0.791566 0.0673077 0.0409639
11 0.808894 0.544578 0.103365 0.255422
9 0.235577 0.46988 0.0913462 0.168675
9 0.13101 0.461446 0.0841346 0.142169
7 0.134615 0.366265 0.0528846 0.0626506
11 0.436298 0.574699 0.127404 0.383133
11 0.59976 0.591566 0.146635 0.359036
9 0.600962 0.518072 0.144231 0.19759
0 0.25 0.978313 0.0673077 0.0433735
0 0.447115 0.89759 0.0384615 0.060241
0 0.548077 0.916867 0.0769231 0.0506024
0 0.621394 0.901205 0.0456731 0.053012
9 0.933894 0.443374 0.0697115 0.086747
11 0.935096 0.478313 0.0673077 0.171084
