4 0.81851 0.406024 0.03125 0.0409639
9 0.831731 0.442169 0.0961538 0.137349
6 0.717548 0.355422 0.0504808 0.060241
6 0.84375 0.363855 0.0480769 0.0626506
9 0.71274 0.427711 0.0697115 0.0939759
6 0.16226 0.387952 0.0793269 0.0915663
6 0.24399 0.359036 0.0600962 0.0819277
9 0.106971 0.539759 0.15625 0.20241
6 0.445913 0.372289 0.0408654 0.060241
4 0.496394 0.355422 0.0360577 0.0409639
4 0.217548 0.471084 0.0456731 0.0409639
4 0.198317 0.518072 0.0360577 0.053012
4 0.195913 0.622892 0.03125 0.060241
4 0.298077 0.415663 0.0384615 0.060241
4 0.540865 0.359036 0.0240385 0.053012
4 0.598558 0.342169 0.0336538 0.0385542
