4 0.134615 0.780723 0.0384615 0.0433735
9 0.265625 0.795181 0.122596 0.13012
10 0.850962 0.307229 0.0865385 0.175904
9 0.56851 0.785542 0.0504808 0.0578313
6 0.866587 0.208434 0.0408654 0.0457831
6 0.572115 0.744578 0.0336538 0.0337349
9 0.842548 0.261446 0.0649038 0.0795181
6 0.322115 0.693976 0.0817308 0.0819277
4 0.22476 0.661446 0.0360577 0.0409639
4 0.141827 0.93494 0.0625 0.0481928
9 0.56851 0.928916 0.0552885 0.060241
6 0.573317 0.973494 0.03125 0.0337349
4 0.882212 0.250602 0.0240385 0.0385542
