0 0.427711 0.823317 0.0457831 0.0360577
0 0.637349 0.719952 0.0313253 0.0408654
11 0.585542 0.584135 0.144578 0.322115
5 0.512048 0.501202 0.0313253 0.0456731
10 0.585542 0.582933 0.144578 0.319712
0 0.344578 0.820913 0.0626506 0.0504808
5 0.333735 0.469952 0.0361446 0.0600962
11 0.4 0.665865 0.183133 0.288462
0 0.575904 0.78125 0.110843 0.0576923
6 0.422892 0.459135 0.0843373 0.115385
6 0.531325 0.399038 0.0939759 0.120192
9 0.401205 0.588942 0.195181 0.134615
9 0.584337 0.519231 0.142169 0.1875
