9 0.620192 0.63101 0.0961538 0.185096
7 0.188702 0.491587 0.0360577 0.0552885
7 0.0384615 0.490385 0.0480769 0.0528846
9 0.21875 0.573317 0.105769 0.0985577
9 0.528846 0.576923 0.0961538 0.0817308
5 0.0288462 0.644231 0.0240385 0.0336538
7 0.373798 0.472356 0.0408654 0.0600962
7 0.419471 0.495192 0.0552885 0.0625
5 0.686298 0.665865 0.03125 0.0432692
9 0.44351 0.567308 0.0793269 0.0913462
7 0.598558 0.512019 0.0432692 0.0769231
7 0.230769 0.49399 0.0480769 0.0697115
7 0.555288 0.507212 0.0384615 0.0528846
7 0.334135 0.480769 0.0432692 0.0625
9 0.0612981 0.574519 0.0793269 0.120192
9 0.332933 0.560096 0.0985577 0.110577
7 0.872596 0.504808 0.0528846 0.0721154
7 0.739183 0.502404 0.0456731 0.0673077
7 0.66226 0.49399 0.0408654 0.0552885
7 0.509615 0.514423 0.0480769 0.0625
9 0.754808 0.564904 0.129808 0.0913462
9 0.887019 0.5625 0.120192 0.0961538
