0 0.925481 0.703614 0.0673077 0.0481928
4 0.228365 0.478313 0.0432692 0.0361446
9 0.897837 0.598795 0.151442 0.142169
9 0.209135 0.486747 0.120192 0.149398
6 0.822115 0.528916 0.0576923 0.0698795
10 0.203125 0.560241 0.112981 0.296386
6 0.211538 0.379518 0.0673077 0.0795181
0 0.128606 0.740964 0.0408654 0.0650602
0 0.205529 0.7 0.0552885 0.0554217
0 0.128606 0.920482 0.0504808 0.053012
0 0.204327 0.956627 0.0528846 0.053012
0 0.929087 0.963855 0.0600962 0.0722892
4 0.766827 0.63253 0.0528846 0.0361446
