2 0.331731 0.46988 0.0625 0.0289157
2 0.665865 0.496386 0.0528846 0.0289157
3 0.266827 0.449398 0.0721154 0.0361446
3 0.421875 0.468675 0.0552885 0.026506
3 0.667067 0.496386 0.0504808 0.0289157
2 0.268029 0.446988 0.0745192 0.0361446
3 0.521635 0.460241 0.0673077 0.0289157
4 0.984375 0.580723 0.0264423 0.0337349
9 0.91226 0.520482 0.117788 0.125301
6 0.776442 0.445783 0.0480769 0.0578313
4 0.74399 0.63494 0.0552885 0.0506024
6 0.522837 0.453012 0.0745192 0.0963855
6 0.674279 0.481928 0.0985577 0.110843
10 0.911058 0.584337 0.0961538 0.262651
6 0.420673 0.463855 0.0625 0.0891566
6 0.90625 0.43494 0.0576923 0.0650602
6 0.332933 0.46506 0.0697115 0.0722892
6 0.266827 0.436145 0.0817308 0.110843
