5 0.0769231 0.989183 0.0817308 0.0216346
5 0.518029 0.47476 0.0600962 0.0745192
9 0.13101 0.647837 0.165865 0.237981
5 0.766827 0.703125 0.0432692 0.0504808
5 0.447115 0.703125 0.0288462 0.0504808
9 0.362981 0.576923 0.153846 0.177885
5 0.560096 0.46274 0.0528846 0.0649038
6 0.34976 0.433894 0.0985577 0.108173
6 0.635817 0.409856 0.0985577 0.103365
9 0.828125 0.628606 0.180288 0.233173
11 0.371394 0.676683 0.15625 0.387019
6 0.817308 0.448317 0.105769 0.117788
6 0.16226 0.46875 0.127404 0.158654
9 0.625 0.566106 0.144231 0.194712
11 0.828125 0.699519 0.185096 0.389423
11 0.623798 0.663462 0.15625 0.394231
