4 0.620192 0.046988 0.105769 0.0939759
3 0.602163 0.345783 0.0793269 0.026506
6 0.871394 0.0301205 0.165865 0.060241
3 0.86899 0.0168675 0.15625 0.0337349
3 0.850962 0.351807 0.0432692 0.0289157
3 0.335337 0.371084 0.0600962 0.0289157
5 0.550481 0.431325 0.0528846 0.0578313
5 0.552885 0.554217 0.0528846 0.0433735
8 0.866587 0.506024 0.223558 0.207229
11 0.346154 0.545783 0.240385 0.277108
8 0.61899 0.471084 0.161058 0.142169
0 0.201923 0.716867 0.0817308 0.0650602
9 0.371394 0.483133 0.185096 0.151807
6 0.888221 0.345783 0.122596 0.122892
7 0.341346 0.366265 0.0721154 0.0963855
5 0.289663 0.540964 0.0504808 0.0554217
6 0.61899 0.343374 0.103365 0.103614
0 0.348558 0.739759 0.115385 0.110843
0 0.554087 0.762651 0.141827 0.118072
0 0.546875 0.851807 0.132212 0.0987952
0 0.348558 0.878313 0.115385 0.122892
0 0.213942 0.889157 0.115385 0.0722892
5 0.800481 0.454217 0.0576923 0.0795181
