11 0.445913 0.498795 0.0600962 0.154217
1 0.772837 0.701205 0.0264423 0.0481928
9 0.804087 0.5 0.0745192 0.142169
0 0.674279 0.725301 0.0408654 0.0385542
1 0.83774 0.736145 0.0408654 0.0506024
7 0.376202 0.398795 0.0504808 0.0554217
3 0.689904 0.393976 0.0432692 0.0168675
5 0.40625 0.555422 0.0384615 0.0457831
9 0.853365 0.43494 0.0384615 0.0506024
0 0.588942 0.695181 0.0288462 0.0361446
0 0.703125 0.704819 0.03125 0.0313253
0 0.448317 0.593976 0.0408654 0.026506
3 0.548077 0.350602 0.0480769 0.0216867
7 0.444712 0.407229 0.0336538 0.0385542
7 0.800481 0.413253 0.0480769 0.060241
0 0.367788 0.759036 0.0432692 0.0385542
5 0.27524 0.586747 0.0264423 0.0457831
5 0.746394 0.555422 0.0264423 0.0409639
5 0.638221 0.556626 0.03125 0.0481928
7 0.328125 0.393976 0.0504808 0.0698795
0 0.550481 0.742169 0.0480769 0.0481928
0 0.295673 0.803614 0.0625 0.0409639
9 0.445913 0.455422 0.0600962 0.0674699
7 0.548077 0.351807 0.0528846 0.0674699
7 0.689904 0.396386 0.0480769 0.0650602
9 0.549279 0.453012 0.117788 0.13012
11 0.550481 0.545783 0.115385 0.315663
9 0.33774 0.496386 0.132212 0.13494
9 0.69351 0.493976 0.112981 0.139759
11 0.805288 0.56747 0.0721154 0.26747
11 0.331731 0.601205 0.120192 0.344578
11 0.694712 0.551807 0.110577 0.260241
6 0.620192 0.410843 0.0240385 0.0313253
6 0.908654 0.419277 0.0240385 0.0289157
6 0.855769 0.406024 0.0240385 0.0313253
9 0.918269 0.438554 0.0432692 0.0481928
11 0.921875 0.471084 0.0408654 0.0987952
11 0.854567 0.454217 0.0360577 0.0843373
0 0.298077 0.857831 0.0625 0.0385542
0 0.36899 0.906024 0.0408654 0.053012
0 0.548077 0.924096 0.0432692 0.0506024
0 0.590144 0.975904 0.0264423 0.0481928
0 0.671875 0.943374 0.0504808 0.0457831
0 0.711538 0.955422 0.0288462 0.0361446
1 0.836538 0.927711 0.0480769 0.0481928
1 0.771635 0.962651 0.0336538 0.0409639
