9 0.691106 0.608173 0.0697115 0.182692
9 0.248798 0.762019 0.204327 0.302885
9 0.50601 0.649038 0.0985577 0.192308
6 0.352163 0.545673 0.03125 0.0384615
5 0.713942 0.709135 0.0336538 0.0480769
6 0.510817 0.519231 0.0600962 0.0769231
9 0.800481 0.633413 0.149038 0.257212
6 0.705529 0.497596 0.0552885 0.0721154
6 0.772837 0.460337 0.0745192 0.0985577
6 0.253606 0.533654 0.122596 0.149038
5 0.572115 0.734375 0.0240385 0.0649038
5 0.570913 0.951923 0.0264423 0.0721154
5 0.710337 0.97476 0.03125 0.0504808
