6 0.0697115 0.468675 0.0432692 0.0698795
9 0.0745192 0.598795 0.149038 0.180723
7 0.0276442 0.480723 0.0552885 0.0891566
5 0.753606 0.483133 0.0552885 0.0506024
5 0.498798 0.701205 0.0456731 0.053012
5 0.266827 0.675904 0.0576923 0.0506024
3 0.293269 0.431325 0.0721154 0.0337349
9 0.376202 0.538554 0.132212 0.161446
9 0.271635 0.583133 0.149038 0.207229
7 0.293269 0.43494 0.0721154 0.103614
7 0.479567 0.396386 0.0456731 0.0554217
6 0.361779 0.406024 0.0649038 0.0891566
9 0.569712 0.542169 0.153846 0.173494
6 0.555288 0.403614 0.0913462 0.118072
7 0.41226 0.436145 0.0408654 0.0481928
5 0.5 0.959036 0.0384615 0.0578313
