2 0.878606 0.469952 0.0456731 0.0168269
2 0.580529 0.449519 0.0697115 0.0240385
3 0.580529 0.448317 0.0697115 0.0216346
5 0.902644 0.629808 0.03125 0.0432692
2 0.34976 0.455529 0.0697115 0.0264423
0 0.69351 0.814904 0.0360577 0.0288462
11 0.219952 0.745192 0.180288 0.509615
2 0.694712 0.465144 0.0528846 0.0216346
0 0.932692 0.796875 0.0528846 0.0360577
9 0.573317 0.549279 0.108173 0.132212
11 0.573317 0.683894 0.108173 0.415865
0 0.59976 0.830529 0.0600962 0.0360577
0 0.747596 0.807692 0.0432692 0.0336538
5 0.74399 0.552885 0.0360577 0.0384615
5 0.563702 0.663462 0.0360577 0.0480769
5 0.152644 0.807692 0.0552885 0.0625
6 0.34976 0.451923 0.0793269 0.100962
9 0.878606 0.552885 0.09375 0.110577
6 0.694712 0.463942 0.0576923 0.0721154
0 0.84375 0.789663 0.0480769 0.0360577
6 0.878606 0.465144 0.0552885 0.0697115
6 0.260817 0.415865 0.112981 0.139423
9 0.211538 0.614183 0.144231 0.247596
6 0.579327 0.44351 0.0769231 0.0841346
9 0.710337 0.550481 0.112981 0.105769
9 0.338942 0.623798 0.125 0.223558
11 0.710337 0.646635 0.112981 0.307692
11 0.883413 0.638221 0.0985577 0.286058
11 0.33774 0.747596 0.132212 0.485577
