2 0.340144 0.459036 0.0745192 0.0554217
3 0.477163 0.422892 0.103365 0.0506024
3 0.71875 0.462651 0.0865385 0.0289157
5 0.588942 0.721687 0.0865385 0.0650602
5 0.423077 0.785542 0.0865385 0.0481928
5 0.590144 0.80241 0.0552885 0.0578313
5 0.748798 0.701205 0.0793269 0.0771084
5 0.627404 0.653012 0.0625 0.0433735
6 0.47476 0.412048 0.132212 0.173494
6 0.75 0.422892 0.192308 0.180723
7 0.276442 0.444578 0.201923 0.204819
9 0.210337 0.724096 0.305288 0.392771
9 0.475962 0.56506 0.230769 0.156627
9 0.790865 0.568675 0.221154 0.120482
