0 0.171875 0.689157 0.0456731 0.0337349
0 0.330529 0.466265 0.0360577 0.0361446
4 0.867788 0.531325 0.0240385 0.0216867
0 0.671875 0.542169 0.03125 0.0240964
4 0.179087 0.568675 0.0216346 0.0240964
4 0.93149 0.554217 0.0264423 0.0240964
4 0.68149 0.43253 0.0168269 0.0216867
9 0.682692 0.361446 0.0480769 0.0771084
6 0.516827 0.380723 0.0384615 0.0481928
9 0.129808 0.544578 0.0673077 0.0674699
0 0.628606 0.549398 0.0360577 0.0289157
11 0.175481 0.377108 0.0528846 0.137349
9 0.253606 0.445783 0.0552885 0.0771084
6 0.241587 0.383133 0.0408654 0.0481928
9 0.329327 0.362651 0.0528846 0.0795181
9 0.527644 0.438554 0.0552885 0.0819277
6 0.975962 0.613253 0.0480769 0.0554217
6 0.331731 0.301205 0.0336538 0.0385542
6 0.532452 0.355422 0.0360577 0.0457831
6 0.475962 0.201205 0.0288462 0.0409639
6 0.168269 0.291566 0.0384615 0.0385542
6 0.669471 0.303614 0.0360577 0.0481928
9 0.637019 0.43012 0.0625 0.0746988
6 0.637019 0.381928 0.0336538 0.0506024
6 0.144231 0.491566 0.0432692 0.0481928
9 0.477163 0.250602 0.0504808 0.0674699
9 0.973558 0.703614 0.0625 0.110843
9 0.174279 0.339759 0.0504808 0.0578313
6 0.929087 0.462651 0.0456731 0.0481928
9 0.929087 0.519277 0.0793269 0.0843373
5 0.134615 0.560241 0.0336538 0.026506
6 0.167067 0.0421687 0.0360577 0.0409639
6 0.331731 0.0313253 0.0336538 0.0385542
6 0.479567 0.13494 0.03125 0.0433735
6 0.669471 0.0337349 0.0408654 0.0481928
4 0.201923 0.419277 0.0288462 0.0240964
