0 0.69351 0.75601 0.0360577 0.03125
2 0.0637019 0.418269 0.0649038 0.0288462
4 0.0997596 0.520433 0.0264423 0.03125
0 0.0745192 0.758413 0.0817308 0.03125
0 0.015625 0.747596 0.03125 0.0384615
11 0.911058 0.58774 0.0865385 0.237981
0 0.891827 0.741587 0.0673077 0.0360577
0 0.941106 0.723558 0.0456731 0.0288462
4 0.0697115 0.597356 0.0288462 0.03125
0 0.758413 0.758413 0.0600962 0.03125
6 0.0612981 0.413462 0.0745192 0.0817308
9 0.905048 0.538462 0.0697115 0.134615
6 0.674279 0.407452 0.0552885 0.0697115
6 0.90024 0.439904 0.0456731 0.0625
11 0.0504808 0.579327 0.100962 0.278846
9 0.680288 0.507212 0.0769231 0.139423
8 0.0504808 0.519231 0.0961538 0.149038
6 0.802885 0.441106 0.0673077 0.0793269
6 0.586538 0.393029 0.0769231 0.0889423
11 0.680288 0.584135 0.0817308 0.298077
11 0.804087 0.602163 0.0889423 0.266827
9 0.579327 0.533654 0.120192 0.192308
9 0.807692 0.538462 0.0817308 0.139423
11 0.578125 0.616587 0.117788 0.358173
0 0.533654 0.854567 0.0432692 0.0456731
0 0.63101 0.854567 0.0600962 0.0360577
