1 0.102163 0.722892 0.0408654 0.0481928
1 0.171875 0.706024 0.0456731 0.0481928
1 0.270433 0.683133 0.0408654 0.026506
1 0.313702 0.679518 0.0360577 0.0240964
1 0.329327 0.789157 0.0384615 0.0409639
1 0.379808 0.806024 0.0721154 0.0409639
1 0.409856 0.706024 0.0360577 0.0289157
1 0.455529 0.731325 0.0360577 0.0457831
1 0.504808 0.722892 0.0480769 0.0481928
1 0.540865 0.760241 0.0432692 0.0409639
1 0.600962 0.751807 0.0528846 0.0433735
1 0.739183 0.775904 0.0697115 0.0337349
1 0.793269 0.798795 0.0432692 0.0409639
3 0.752404 0.416867 0.0480769 0.0240964
3 0.558894 0.421687 0.0360577 0.0240964
3 0.478365 0.409639 0.0432692 0.0240964
3 0.253606 0.412048 0.03125 0.0240964
2 0.15024 0.39759 0.0408654 0.0240964
2 0.378606 0.406024 0.0504808 0.026506
7 0.147837 0.40241 0.0456731 0.0626506
7 0.253606 0.414458 0.0408654 0.0433735
7 0.371394 0.410843 0.0649038 0.060241
7 0.478365 0.419277 0.0480769 0.0578313
7 0.56851 0.425301 0.0600962 0.0650602
7 0.751202 0.420482 0.0504808 0.0746988
5 0.102163 0.559036 0.0360577 0.0385542
5 0.274038 0.520482 0.0288462 0.0337349
5 0.417067 0.510843 0.0360577 0.0337349
5 0.435096 0.574699 0.0384615 0.0361446
5 0.52524 0.56747 0.03125 0.0313253
5 0.628606 0.56747 0.0360577 0.0313253
5 0.586538 0.446988 0.0336538 0.0361446
9 0.144231 0.479518 0.115385 0.106024
9 0.264423 0.473494 0.0865385 0.0795181
9 0.362981 0.524096 0.0961538 0.185542
9 0.479567 0.489157 0.0889423 0.106024
9 0.582933 0.5 0.0985577 0.122892
9 0.770433 0.507229 0.103365 0.127711
11 0.137019 0.561446 0.115385 0.26988
11 0.272837 0.546988 0.09375 0.226506
11 0.362981 0.614458 0.100962 0.380723
11 0.484375 0.575904 0.0889423 0.274699
11 0.585337 0.593976 0.09375 0.301205
11 0.777644 0.606024 0.103365 0.315663
