6 0.117788 0.315663 0.115385 0.149398
6 0.221154 0.384337 0.0769231 0.0939759
6 0.383413 0.372289 0.0793269 0.108434
6 0.504808 0.384337 0.0721154 0.0987952
6 0.705529 0.383133 0.0841346 0.110843
6 0.865385 0.408434 0.0721154 0.0795181
6 0.11899 0.0686747 0.127404 0.137349
2 0.72476 0.385542 0.0649038 0.0240964
2 0.234375 0.393976 0.0552885 0.0313253
3 0.513221 0.377108 0.0552885 0.0457831
3 0.395433 0.377108 0.0552885 0.026506
5 0.0949519 0.724096 0.0649038 0.0939759
5 0.09375 0.903614 0.0721154 0.110843
5 0.651442 0.655422 0.0384615 0.0674699
5 0.471154 0.620482 0.0432692 0.0506024
5 0.566106 0.607229 0.0360577 0.0578313
5 0.383413 0.59759 0.0552885 0.0433735
5 0.925481 0.592771 0.0240385 0.0433735
5 0.829327 0.568675 0.0384615 0.053012
9 0.100962 0.506024 0.168269 0.231325
9 0.237981 0.513253 0.125 0.168675
9 0.375 0.504819 0.0961538 0.151807
9 0.510817 0.503614 0.122596 0.159036
9 0.719952 0.513253 0.165865 0.159036
9 0.872596 0.492771 0.0865385 0.103614
11 0.719952 0.668675 0.15625 0.474699
11 0.497596 0.59759 0.0721154 0.308434
11 0.361779 0.608434 0.0649038 0.359036
11 0.222356 0.616867 0.108173 0.351807
11 0.0817308 0.640964 0.134615 0.506024
