3 0.629808 0.416867 0.0432692 0.0289157
3 0.538462 0.437349 0.0336538 0.026506
3 0.44351 0.438554 0.03125 0.0240964
3 0.271635 0.479518 0.0288462 0.0240964
2 0.790865 0.386747 0.0240385 0.026506
5 0.223558 0.625301 0.0240385 0.026506
5 0.313702 0.626506 0.0264423 0.0289157
5 0.426683 0.531325 0.0264423 0.0361446
5 0.477163 0.543373 0.03125 0.026506
5 0.538462 0.537349 0.0240385 0.0289157
5 0.574519 0.526506 0.0288462 0.0409639
5 0.676683 0.537349 0.0360577 0.0337349
5 0.879808 0.539759 0.0288462 0.0385542
6 0.277644 0.477108 0.0456731 0.0626506
6 0.441106 0.437349 0.0504808 0.0650602
6 0.538462 0.445783 0.0432692 0.0674699
6 0.632212 0.418072 0.0576923 0.060241
6 0.808894 0.372289 0.0649038 0.0891566
9 0.270433 0.56747 0.0889423 0.137349
9 0.432692 0.527711 0.0817308 0.115663
9 0.527644 0.524096 0.0793269 0.127711
9 0.639423 0.514458 0.100962 0.151807
9 0.830529 0.477108 0.09375 0.173494
11 0.269231 0.622892 0.0913462 0.248193
11 0.427885 0.607229 0.0913462 0.284337
11 0.526442 0.604819 0.0913462 0.289157
11 0.641827 0.598795 0.105769 0.306024
11 0.844952 0.571084 0.122596 0.342169
