1 0.314904 0.63101 0.0384615 0.0264423
1 0.320913 0.674279 0.0456731 0.0408654
1 0.375 0.6875 0.0673077 0.0384615
1 0.453125 0.717548 0.0552885 0.03125
1 0.490385 0.741587 0.0528846 0.0360577
1 0.530048 0.792067 0.0793269 0.0552885
1 0.579327 0.830529 0.0480769 0.0600962
3 0.324519 0.389423 0.0432692 0.0240385
3 0.370192 0.396635 0.0480769 0.0240385
3 0.480769 0.418269 0.0384615 0.0240385
3 0.576923 0.413462 0.0480769 0.0240385
5 0.528846 0.549279 0.0528846 0.0408654
6 0.328125 0.383413 0.0408654 0.0552885
6 0.36899 0.391827 0.0408654 0.0673077
6 0.486779 0.41226 0.0600962 0.0552885
6 0.597356 0.403846 0.0600962 0.0769231
9 0.3125 0.465144 0.0528846 0.137019
9 0.371394 0.485577 0.0793269 0.153846
9 0.49399 0.518029 0.108173 0.137019
9 0.59375 0.549279 0.120192 0.204327
11 0.324519 0.520433 0.0673077 0.228365
11 0.366587 0.557692 0.0697115 0.298077
11 0.486779 0.581731 0.09375 0.278846
11 0.585337 0.637019 0.103365 0.399038
