0 0.292067 0.602163 0.03125 0.03125
0 0.239183 0.603365 0.03125 0.0288462
0 0.379808 0.659856 0.0288462 0.0360577
0 0.638221 0.701923 0.0456731 0.0384615
0 0.71274 0.799279 0.0793269 0.0600962
2 0.466346 0.38101 0.0769231 0.03125
2 0.758413 0.362981 0.0600962 0.0384615
3 0.854567 0.379808 0.0504808 0.0336538
5 0.200721 0.490385 0.0889423 0.0817308
5 0.418269 0.661058 0.0480769 0.0673077
5 0.561298 0.615385 0.0408654 0.0528846
5 0.742788 0.594952 0.0480769 0.0697115
5 0.878606 0.644231 0.0745192 0.0673077
5 0.81851 0.575721 0.0552885 0.0504808
5 0.663462 0.514423 0.0432692 0.0384615
6 0.102163 0.336538 0.170673 0.173077
6 0.467548 0.370192 0.09375 0.129808
6 0.385817 0.375 0.0504808 0.0769231
6 0.590144 0.365385 0.0456731 0.0625
6 0.667067 0.34976 0.0649038 0.0745192
6 0.780048 0.365385 0.0985577 0.105769
6 0.882212 0.370192 0.120192 0.115385
7 0.216346 0.385817 0.0384615 0.0504808
9 0.0817308 0.544471 0.163462 0.262019
9 0.471154 0.518029 0.182692 0.175481
9 0.667067 0.457933 0.117788 0.141827
9 0.584135 0.435096 0.0769231 0.0913462
9 0.377404 0.447115 0.0721154 0.0913462
9 0.774038 0.52524 0.125 0.209135
9 0.918269 0.543269 0.163462 0.216346
11 0.485577 0.614183 0.1875 0.358173
11 0.664663 0.522837 0.108173 0.257212
11 0.0877404 0.665865 0.175481 0.514423
