0 0.182692 0.618072 0.0673077 0.0409639
0 0.188702 0.556626 0.0504808 0.0385542
0 0.362981 0.471084 0.0336538 0.026506
0 0.325721 0.472289 0.0264423 0.0240964
3 0.137019 0.286747 0.0528846 0.0385542
4 0.198317 0.389157 0.0841346 0.0409639
5 0.480769 0.375904 0.0336538 0.0240964
6 0.122596 0.274699 0.0865385 0.0915663
6 0.442308 0.26988 0.0528846 0.0578313
6 0.372596 0.389157 0.0336538 0.0409639
9 0.466346 0.33012 0.0576923 0.0722892
9 0.347356 0.416867 0.0600962 0.0674699
9 0.21274 0.271084 0.0600962 0.060241
9 0.106971 0.380723 0.122596 0.149398
11 0.209135 0.296386 0.0673077 0.101205
10 0.110577 0.436145 0.168269 0.231325
10 0.467548 0.361446 0.0649038 0.13012
