0 0.790865 0.546988 0.0817308 0.0385542
3 0.277644 0.331325 0.0649038 0.0650602
3 0.762019 0.378313 0.0384615 0.0289157
4 0.257212 0.722892 0.0576923 0.0722892
4 0.460337 0.63253 0.0793269 0.0843373
4 0.736779 0.518072 0.0504808 0.0337349
6 0.622596 0.377108 0.0673077 0.0843373
6 0.671875 0.403614 0.0408654 0.0746988
6 0.770433 0.366265 0.0841346 0.086747
6 0.280048 0.310843 0.175481 0.163855
6 0.158654 0.262651 0.0432692 0.0433735
9 0.383413 0.457831 0.266827 0.173494
9 0.588942 0.415663 0.105769 0.0795181
9 0.673077 0.43494 0.0576923 0.0506024
9 0.8125 0.433735 0.120192 0.0963855
9 0.163462 0.301205 0.0576923 0.0626506
11 0.165865 0.344578 0.0721154 0.139759
11 0.362981 0.49759 0.331731 0.310843
11 0.580529 0.443374 0.09375 0.120482
11 0.667067 0.445783 0.0745192 0.106024
11 0.816106 0.46506 0.189904 0.144578
