6 0.413462 0.346154 0.0721154 0.115385
6 0.667067 0.322115 0.0889423 0.105769
6 0.304087 0.33774 0.0889423 0.112981
6 0.153846 0.420673 0.0384615 0.0528846
6 0.579327 0.40625 0.0384615 0.0480769
6 0.0721154 0.425481 0.0432692 0.0480769
9 0.300481 0.469952 0.105769 0.165865
5 0.449519 0.504808 0.0432692 0.0480769
5 0.394231 0.5 0.0528846 0.0432692
9 0.424279 0.486779 0.117788 0.161058
9 0.683894 0.473558 0.117788 0.192308
9 0.0673077 0.489183 0.0432692 0.0793269
9 0.151442 0.475962 0.0528846 0.0721154
0 0.0889423 0.633413 0.0240385 0.03125
0 0.0600962 0.639423 0.0240385 0.0240385
0 0.348558 0.825721 0.0673077 0.0408654
0 0.425481 0.834135 0.0480769 0.0336538
0 0.528846 0.830529 0.0432692 0.0504808
11 0.296875 0.585337 0.132212 0.40625
11 0.4375 0.592548 0.144231 0.377404
11 0.694712 0.574519 0.149038 0.399038
11 0.152644 0.526442 0.0600962 0.173077
9 0.586538 0.457933 0.0384615 0.0649038
11 0.591346 0.508413 0.0528846 0.165865
0 0.590144 0.615385 0.0360577 0.0288462
5 0.745192 0.622596 0.0432692 0.0384615
