5 0.822115 0.512019 0.0528846 0.0528846
11 0.56851 0.536058 0.228365 0.403846
11 0.890625 0.545673 0.21875 0.432692
9 0.891827 0.44351 0.216346 0.233173
11 0.294471 0.512019 0.141827 0.317308
9 0.0949519 0.424279 0.103365 0.132212
6 0.891827 0.278846 0.134615 0.125
6 0.128606 0.338942 0.0552885 0.0673077
6 0.569712 0.272837 0.0769231 0.0889423
9 0.293269 0.433894 0.144231 0.161058
6 0.66226 0.292067 0.127404 0.132212
9 0.572115 0.463942 0.221154 0.259615
6 0.34976 0.332933 0.09375 0.103365
11 0.63101 0.859375 0.00240385 0.00240385
