0 0.527644 0.884615 0.0697115 0.105769
0 0.753606 0.796875 0.0600962 0.0889423
2 0.459135 0.479567 0.0576923 0.0264423
3 0.658654 0.564904 0.0769231 0.0288462
5 0.209135 0.748798 0.0721154 0.0649038
5 0.0697115 0.752404 0.0673077 0.0769231
5 0.305288 0.725962 0.0528846 0.0576923
5 0.4375 0.69351 0.0576923 0.0552885
5 0.514423 0.665865 0.0384615 0.0480769
5 0.635817 0.865385 0.0649038 0.0817308
5 0.722356 0.816106 0.0600962 0.0745192
5 0.83774 0.790865 0.0504808 0.0673077
6 0.0492788 0.503606 0.09375 0.09375
6 0.225962 0.503606 0.0961538 0.0841346
6 0.460337 0.454327 0.103365 0.0865385
6 0.641827 0.544471 0.125 0.127404
6 0.772837 0.461538 0.0697115 0.0817308
6 0.947115 0.460337 0.0673077 0.0745192
7 0.346154 0.326923 0.0769231 0.0817308
9 0.229567 0.61899 0.132212 0.146635
9 0.44351 0.557692 0.137019 0.139423
9 0.603365 0.689904 0.158654 0.177885
9 0.757212 0.533654 0.0913462 0.0817308
9 0.0528846 0.625 0.105769 0.144231
