0 0.342548 0.784337 0.0793269 0.0554217
3 0.347356 0.585542 0.0408654 0.0481928
3 0.449519 0.466265 0.0576923 0.0409639
6 0.372596 0.308434 0.105769 0.0963855
6 0.59976 0.419277 0.0649038 0.0626506
6 0.905048 0.418072 0.0745192 0.0891566
8 0.310096 0.455422 0.0865385 0.216867
8 0.373798 0.428916 0.0456731 0.115663
8 0.532452 0.49759 0.137019 0.161446
8 0.905048 0.526506 0.0841346 0.180723
11 0.316106 0.562651 0.108173 0.426506
11 0.391827 0.504819 0.0673077 0.262651
11 0.533654 0.610843 0.134615 0.383133
11 0.907452 0.53494 0.0793269 0.207229
