6 0.307692 0.432692 0.139423 0.182692
6 0.527644 0.427885 0.127404 0.173077
6 0.663462 0.572115 0.168269 0.177885
6 0.925481 0.497596 0.100962 0.125
6 0.790865 0.4375 0.129808 0.149038
6 0.710337 0.465144 0.0745192 0.108173
6 0.665865 0.175481 0.0384615 0.0721154
2 0.292067 0.414663 0.09375 0.0456731
3 0.628606 0.555288 0.0456731 0.0528846
3 0.759615 0.436298 0.0432692 0.0408654
3 0.71274 0.46875 0.0456731 0.0384615
5 0.346154 0.298077 0.0817308 0.0865385
5 0.49399 0.466346 0.0745192 0.0769231
4 0.414663 0.403846 0.0889423 0.115385
9 0.268029 0.685096 0.237981 0.298077
