0 0.28726 0.716867 0.0360577 0.0409639
0 0.387019 0.719277 0.0384615 0.026506
0 0.467548 0.696386 0.0360577 0.0289157
0 0.435096 0.685542 0.0240385 0.0313253
0 0.330529 0.686747 0.03125 0.0240964
5 0.227163 0.586747 0.03125 0.0313253
5 0.319712 0.586747 0.0240385 0.0361446
5 0.341346 0.589157 0.0240385 0.0361446
5 0.436298 0.583133 0.0264423 0.0240964
5 0.418269 0.587952 0.0240385 0.0289157
6 0.296875 0.477108 0.0552885 0.0578313
6 0.382212 0.483133 0.0432692 0.0554217
6 0.460337 0.501205 0.0408654 0.0481928
9 0.284856 0.53494 0.0841346 0.0771084
9 0.379808 0.545783 0.0673077 0.0746988
9 0.454327 0.550602 0.0625 0.0698795
11 0.283654 0.6 0.0625 0.19759
11 0.375 0.595181 0.0625 0.178313
11 0.453125 0.593976 0.0600962 0.151807
