1 0.139423 0.745192 0.0769231 0.0769231
1 0.276442 0.831731 0.0817308 0.0480769
1 0.328125 0.813702 0.0649038 0.0456731
1 0.528846 0.804087 0.100962 0.0504808
1 0.63101 0.824519 0.0745192 0.0576923
1 0.469952 0.697115 0.0649038 0.0432692
2 0.189904 0.294471 0.0480769 0.03125
2 0.515625 0.319712 0.0504808 0.0240385
2 0.55649 0.269231 0.0793269 0.0240385
2 0.296875 0.313702 0.0456731 0.0264423
5 0.34976 0.548077 0.0456731 0.0721154
6 0.204327 0.286058 0.0865385 0.120192
6 0.276442 0.310096 0.110577 0.100962
6 0.564904 0.265625 0.100962 0.0985577
6 0.519231 0.308894 0.0673077 0.0504808
9 0.194712 0.439904 0.115385 0.201923
9 0.27524 0.453125 0.137019 0.199519
9 0.496394 0.421875 0.0841346 0.15625
9 0.594952 0.456731 0.165865 0.240385
11 0.183894 0.52524 0.108173 0.382212
11 0.277644 0.567308 0.141827 0.427885
11 0.5 0.508413 0.0865385 0.334135
11 0.592548 0.560096 0.170673 0.456731
