6 0.432692 0.496394 0.0240385 0.0408654
6 0.432692 0.237981 0.0288462 0.0384615
6 0.634615 0.242788 0.0240385 0.0384615
6 0.573317 0.667067 0.03125 0.0408654
6 0.683894 0.78125 0.03125 0.0432692
6 0.046875 0.770433 0.03125 0.0360577
6 0.0492788 0.979567 0.0264423 0.0360577
6 0.682692 0.971154 0.0288462 0.0384615
6 0.43149 0.0144231 0.0264423 0.0288462
6 0.629808 0.0120192 0.0288462 0.0240385
9 0.564904 0.725962 0.0432692 0.0721154
9 0.436298 0.538462 0.0600962 0.0721154
11 0.436298 0.578125 0.0600962 0.137019
11 0.566106 0.75 0.0456731 0.120192
