6 0.427885 0.385817 0.144231 0.180288
6 0.598558 0.489183 0.153846 0.194712
6 0.621394 0.307692 0.0889423 0.134615
6 0.739183 0.295673 0.117788 0.149038
6 0.901442 0.269231 0.1875 0.230769
6 0.737981 0.0504808 0.115385 0.100962
6 0.620192 0.0348558 0.0913462 0.0697115
6 0.901442 0.0865385 0.197115 0.163462
2 0.890625 0.268029 0.117788 0.09375
2 0.729567 0.294471 0.0841346 0.0360577
3 0.566106 0.518029 0.0504808 0.0456731
5 0.288462 0.951923 0.149038 0.0961538
5 0.442308 0.925481 0.110577 0.0865385
5 0.442308 0.771635 0.105769 0.0865385
5 0.270433 0.72476 0.151442 0.112981
5 0.298077 0.600962 0.0673077 0.0913462
5 0.945913 0.603365 0.108173 0.105769
9 0.439904 0.522837 0.182692 0.185096
9 0.762019 0.509615 0.163462 0.264423
