2 0.0829327 0.451923 0.0649038 0.0336538
2 0.944712 0.478365 0.0673077 0.0480769
3 0.221154 0.375 0.0240385 0.0288462
3 0.783654 0.425481 0.0336538 0.0240385
5 0.15024 0.485577 0.0408654 0.0240385
5 0.0637019 0.566106 0.0408654 0.0408654
5 0.847356 0.578125 0.0552885 0.0360577
5 0.704327 0.5 0.0432692 0.0336538
5 0.715144 0.538462 0.0408654 0.0240385
5 0.611779 0.460337 0.0456731 0.0264423
5 0.572115 0.442308 0.0384615 0.0240385
5 0.519231 0.394231 0.0240385 0.0240385
5 0.512019 0.365385 0.0336538 0.0240385
5 0.235577 0.460337 0.0384615 0.0360577
5 0.262019 0.432692 0.0288462 0.0240385
7 0.0576923 0.449519 0.115385 0.105769
7 0.169471 0.382212 0.0504808 0.0625
7 0.209135 0.372596 0.0432692 0.0576923
7 0.342548 0.360577 0.0408654 0.0384615
7 0.444712 0.361779 0.0336538 0.0456731
7 0.63101 0.393029 0.0504808 0.0504808
7 0.799279 0.415865 0.0600962 0.0769231
7 0.951923 0.471154 0.0961538 0.110577
