0 0.390625 0.777644 0.03125 0.0264423
5 0.233173 0.52524 0.0288462 0.03125
4 0.382212 0.489183 0.0432692 0.0360577
8 0.164663 0.435096 0.108173 0.139423
0 0.31851 0.747596 0.0408654 0.0336538
0 0.157452 0.691106 0.0504808 0.03125
11 0.164663 0.512019 0.108173 0.288462
9 0.262019 0.490385 0.100962 0.149038
6 0.36899 0.420673 0.0600962 0.0769231
6 0.289663 0.395433 0.0600962 0.0745192
6 0.222356 0.352163 0.0649038 0.0841346
11 0.376202 0.59976 0.122596 0.305288
11 0.259615 0.550481 0.100962 0.278846
8 0.379808 0.509615 0.110577 0.125
