11 0.824519 0.709135 0.336538 0.581731
3 0.737981 0.342548 0.139423 0.0552885
7 0.407452 0.396635 0.0649038 0.0769231
7 0.316106 0.377404 0.0793269 0.100962
5 0.186298 0.46274 0.122596 0.0745192
2 0.40625 0.391827 0.0625 0.0240385
3 0.246394 0.36899 0.0552885 0.0264423
2 0.316106 0.375 0.0793269 0.0384615
7 0.246394 0.370192 0.0552885 0.0769231
2 0.617788 0.427885 0.125 0.0480769
3 0.502404 0.402644 0.110577 0.03125
11 0.563702 0.742788 0.242788 0.514423
9 0.566106 0.668269 0.233173 0.355769
9 0.823317 0.614183 0.324519 0.382212
6 0.502404 0.388221 0.115385 0.15625
7 0.740385 0.346154 0.144231 0.182692
6 0.61899 0.414663 0.127404 0.175481
7 0.111779 0.41226 0.0264423 0.0408654
5 0.15625 0.628606 0.0384615 0.0552885
