6 0.609375 0.448317 0.0456731 0.0552885
6 0.487981 0.456731 0.0288462 0.0432692
7 0.28125 0.444712 0.0625 0.0769231
7 0.445913 0.466346 0.0552885 0.0625
7 0.40625 0.471154 0.0240385 0.0480769
7 0.704327 0.466346 0.0384615 0.0432692
7 0.80649 0.454327 0.0360577 0.0384615
7 0.544471 0.46875 0.03125 0.0384615
7 0.53125 0.465144 0.0240385 0.0360577
0 0.652644 0.716346 0.03125 0.0528846
0 0.600962 0.704327 0.0288462 0.0240385
0 0.655048 0.94351 0.0360577 0.0264423
0 0.608173 0.956731 0.0528846 0.0336538
1 0.427885 0.75 0.0528846 0.0576923
1 0.457933 0.735577 0.0504808 0.0625
1 0.430288 0.915865 0.0528846 0.0528846
1 0.456731 0.93149 0.0384615 0.0408654
0 0.277644 0.774038 0.0456731 0.0432692
0 0.278846 0.882212 0.0528846 0.0240385
9 0.276442 0.52524 0.0673077 0.108173
9 0.43149 0.558894 0.0600962 0.117788
9 0.616587 0.528846 0.0600962 0.0913462
9 0.699519 0.515625 0.0625 0.0649038
9 0.795673 0.508413 0.0625 0.0793269
9 0.546875 0.527644 0.0552885 0.0745192
11 0.442308 0.617788 0.0625 0.225962
11 0.622596 0.574519 0.0817308 0.182692
11 0.705529 0.550481 0.0552885 0.120192
11 0.804087 0.56851 0.0552885 0.170673
11 0.300481 0.608173 0.100962 0.240385
11 0.548077 0.56851 0.0480769 0.15625
