0 0.376202 0.667067 0.0552885 0.0600962
0 0.421875 0.63101 0.0649038 0.0745192
0 0.508413 0.671875 0.0697115 0.0456731
0 0.58774 0.663462 0.0649038 0.0528846
0 0.774038 0.453125 0.0384615 0.0360577
5 0.348558 0.485577 0.0432692 0.0432692
5 0.420673 0.426683 0.0480769 0.0456731
6 0.319712 0.385817 0.0769231 0.0889423
6 0.401442 0.300481 0.0865385 0.0961538
6 0.634615 0.302885 0.0625 0.0721154
6 0.709135 0.266827 0.0384615 0.0336538
6 0.784856 0.257212 0.0408654 0.0336538
9 0.341346 0.484375 0.100962 0.132212
9 0.472356 0.427885 0.108173 0.163462
9 0.646635 0.385817 0.110577 0.117788
9 0.78125 0.324519 0.0480769 0.0865385
11 0.640625 0.409856 0.0889423 0.175481
11 0.78726 0.356971 0.0456731 0.132212
