6 0.38101 0.451923 0.0552885 0.0817308
6 0.545673 0.441106 0.0528846 0.0600962
6 0.28125 0.427885 0.0673077 0.0817308
3 0.379808 0.453125 0.0576923 0.0360577
3 0.296875 0.432692 0.0408654 0.0240385
3 0.555288 0.449519 0.0336538 0.0240385
0 0.385817 0.811298 0.0697115 0.0889423
0 0.449519 0.792067 0.0528846 0.0745192
0 0.390625 0.890625 0.0504808 0.0649038
0 0.451923 0.90024 0.0528846 0.0649038
0 0.534856 0.768029 0.0408654 0.0841346
0 0.598558 0.752404 0.0480769 0.105769
9 0.25 0.557692 0.125 0.1875
9 0.385817 0.578125 0.108173 0.165865
9 0.545673 0.551683 0.100962 0.161058
11 0.382212 0.628606 0.0865385 0.271635
11 0.239183 0.652644 0.0841346 0.362981
11 0.549279 0.615385 0.0985577 0.235577
