6 0.563702 0.538462 0.0360577 0.0384615
6 0.924279 0.289663 0.0360577 0.0456731
6 0.90024 0.316106 0.03125 0.0456731
6 0.879808 0.305288 0.0240385 0.0528846
6 0.350962 0.609375 0.0384615 0.0456731
6 0.295673 0.382212 0.0432692 0.0480769
6 0.481971 0.52524 0.0408654 0.0360577
6 0.502404 0.504808 0.0480769 0.0528846
6 0.223558 0.651442 0.0673077 0.0673077
6 0.223558 0.543269 0.0576923 0.0673077
7 0.959135 0.310096 0.0336538 0.0673077
7 0.971154 0.375 0.0288462 0.0721154
7 0.987981 0.342548 0.0240385 0.0649038
0 0.959135 0.658654 0.0528846 0.0432692
9 0.457933 0.575721 0.0793269 0.0985577
9 0.573317 0.600962 0.0745192 0.100962
9 0.289663 0.419471 0.0649038 0.0697115
9 0.939904 0.379808 0.0576923 0.105769
9 0.195913 0.706731 0.141827 0.115385
11 0.93149 0.450721 0.0600962 0.199519
