6 0.270433 0.40625 0.0456731 0.0432692
6 0.403846 0.424279 0.0625 0.0600962
6 0.516827 0.461538 0.0625 0.0673077
6 0.628606 0.424279 0.0408654 0.0408654
6 0.852163 0.36899 0.0600962 0.0745192
6 0.936298 0.356971 0.0408654 0.0649038
9 0.268029 0.467548 0.0456731 0.0697115
9 0.353365 0.498798 0.0528846 0.09375
9 0.426683 0.504808 0.108173 0.0961538
9 0.676683 0.4375 0.0649038 0.0576923
9 0.870192 0.460337 0.0769231 0.112981
9 0.954327 0.438702 0.0384615 0.09375
11 0.429087 0.5625 0.112981 0.221154
11 0.870192 0.542067 0.0865385 0.276442
5 0.456731 0.606971 0.0384615 0.0408654
11 0.68149 0.472356 0.0649038 0.141827
11 0.953125 0.471154 0.0456731 0.163462
0 0.289663 0.596154 0.0408654 0.0288462
