1 0.734375 0.698795 0.0985577 0.13012
1 0.0360577 0.784337 0.0673077 0.113253
3 0.40024 0.425301 0.0360577 0.0457831
5 0.141827 0.309639 0.0336538 0.0313253
5 0.427885 0.656627 0.0673077 0.0650602
5 0.772837 0.631325 0.0456731 0.0481928
6 0.102163 0.29759 0.0697115 0.0795181
6 0.316106 0.443374 0.0697115 0.106024
6 0.341346 0.537349 0.129808 0.13012
7 0.415865 0.4 0.0817308 0.0963855
7 0.371394 0.73253 0.112981 0.120482
8 0.155048 0.608434 0.271635 0.209639
9 0.558894 0.513253 0.228365 0.250602
9 0.769231 0.503614 0.163462 0.125301
9 0.0973558 0.380723 0.122596 0.13494
9 0.449519 0.698795 0.153846 0.144578
10 0.100962 0.424096 0.110577 0.221687
10 0.757212 0.524096 0.177885 0.180723
11 0.151442 0.655422 0.269231 0.313253
11 0.558894 0.577108 0.252404 0.359036
11 0.435096 0.677108 0.173077 0.168675
