6 0.230769 0.472356 0.149038 0.180288
6 0.496394 0.375 0.112981 0.158654
6 0.68149 0.465144 0.09375 0.127404
6 0.903846 0.512019 0.0769231 0.0865385
6 0.956731 0.552885 0.0576923 0.0817308
6 0.91226 0.444712 0.0841346 0.0480769
2 0.24399 0.495192 0.112981 0.0480769
3 0.498798 0.382212 0.0889423 0.0336538
3 0.682692 0.478365 0.0625 0.0336538
9 0.283654 0.686298 0.201923 0.247596
9 0.502404 0.591346 0.144231 0.25
9 0.674279 0.598558 0.122596 0.144231
9 0.835337 0.580529 0.127404 0.132212
10 0.487981 0.622596 0.177885 0.317308
10 0.679087 0.622596 0.15625 0.221154
5 0.526442 0.804087 0.0673077 0.0793269
5 0.645433 0.768029 0.0456731 0.0504808
5 0.774038 0.717548 0.0384615 0.0360577
5 0.9375 0.701923 0.0673077 0.0432692
5 0.574519 0.480769 0.0576923 0.0625
5 0.520433 0.864183 0.0649038 0.0600962
5 0.643029 0.895433 0.0552885 0.0408654
5 0.942308 0.963942 0.0576923 0.0480769
5 0.776442 0.949519 0.0432692 0.0432692
