0 0.225962 0.736779 0.0432692 0.0360577
11 0.401442 0.66226 0.139423 0.435096
0 0.301683 0.716346 0.0504808 0.0384615
0 0.605769 0.676683 0.0288462 0.0264423
0 0.989183 0.758413 0.0216346 0.0408654
3 0.334135 0.444712 0.0336538 0.0192308
5 0.239183 0.590144 0.0264423 0.0408654
11 0.817308 0.557692 0.0625 0.201923
0 0.633413 0.692308 0.0408654 0.0240385
2 0.948317 0.421875 0.0456731 0.0168269
0 0.561298 0.673077 0.03125 0.0240385
11 0.582933 0.550481 0.0649038 0.197115
9 0.883413 0.524038 0.0649038 0.120192
5 0.338942 0.647837 0.0288462 0.0504808
2 0.467548 0.420673 0.0504808 0.0240385
5 0.204327 0.628606 0.0288462 0.0456731
3 0.390625 0.402644 0.0697115 0.0264423
0 0.661058 0.706731 0.0288462 0.0336538
3 0.141827 0.423077 0.0576923 0.0288462
0 0.932692 0.752404 0.0528846 0.0336538
0 0.716346 0.717548 0.0384615 0.03125
5 0.0961538 0.646635 0.0384615 0.0528846
5 0.914663 0.596154 0.0264423 0.0384615
3 0.198317 0.425481 0.0504808 0.0240385
0 0.766827 0.71875 0.0336538 0.0384615
0 0.86899 0.711538 0.0504808 0.0288462
9 0.501202 0.514423 0.112981 0.125
6 0.581731 0.429087 0.0384615 0.0504808
6 0.508413 0.420673 0.0360577 0.0528846
6 0.334135 0.438702 0.0384615 0.0649038
11 0.888221 0.576923 0.0697115 0.225962
6 0.810096 0.432692 0.0480769 0.0625
5 0.502404 0.5625 0.0432692 0.0288462
9 0.397837 0.527644 0.132212 0.151442
9 0.584135 0.492788 0.0625 0.0817308
5 0.451923 0.674279 0.0432692 0.0504808
6 0.885817 0.438702 0.0504808 0.0697115
11 0.646635 0.557692 0.0721154 0.216346
6 0.741587 0.429087 0.0504808 0.0649038
6 0.635817 0.429087 0.0456731 0.0600962
6 0.198317 0.419471 0.0504808 0.0745192
6 0.391827 0.399038 0.0721154 0.0913462
11 0.955529 0.588942 0.0889423 0.269231
9 0.647837 0.496394 0.0745192 0.09375
6 0.949519 0.418269 0.0576923 0.0721154
11 0.729567 0.570913 0.0841346 0.233173
6 0.302885 0.424279 0.0432692 0.0649038
6 0.141827 0.413462 0.0625 0.0913462
6 0.471154 0.414663 0.0625 0.0793269
9 0.728365 0.509615 0.0865385 0.110577
9 0.817308 0.498798 0.0625 0.0841346
9 0.955529 0.524038 0.0889423 0.129808
9 0.135817 0.532452 0.132212 0.151442
11 0.141827 0.721154 0.153846 0.538462
0 0.717548 0.945913 0.0360577 0.0408654
0 0.768029 0.939904 0.0408654 0.0288462
0 0.299279 0.947115 0.0456731 0.0384615
0 0.231971 0.923077 0.0456731 0.0288462
0 0.872596 0.949519 0.0432692 0.0288462
0 0.932692 0.91226 0.0528846 0.0360577
0 0.659856 0.955529 0.0264423 0.03125
0 0.632212 0.969952 0.0288462 0.03125
