1 0.185096 0.657831 0.0288462 0.0289157
1 0.235577 0.674699 0.0240385 0.0240964
1 0.264423 0.673494 0.0240385 0.0361446
1 0.272837 0.73253 0.03125 0.0385542
1 0.341346 0.73253 0.0432692 0.0385542
1 0.469952 0.813253 0.0552885 0.0361446
1 0.574519 0.815663 0.0384615 0.0409639
1 0.63101 0.812048 0.0408654 0.0433735
3 0.175481 0.462651 0.0336538 0.0240964
3 0.251202 0.481928 0.0360577 0.0240964
3 0.336538 0.46747 0.0384615 0.0240964
3 0.377404 0.46988 0.0336538 0.0240964
3 0.451923 0.46988 0.0480769 0.0240964
3 0.507212 0.474699 0.0288462 0.0240964
3 0.629808 0.445783 0.0480769 0.0240964
3 0.805288 0.457831 0.0432692 0.0240964
5 0.180288 0.524096 0.0240385 0.0313253
5 0.259615 0.566265 0.0240385 0.0289157
5 0.290865 0.604819 0.0240385 0.0337349
5 0.355769 0.598795 0.0240385 0.0313253
5 0.390625 0.655422 0.0360577 0.0289157
5 0.496394 0.663855 0.0360577 0.0313253
5 0.563702 0.63494 0.0264423 0.0313253
5 0.539663 0.593976 0.0264423 0.026506
5 0.689904 0.578313 0.0817308 0.0578313
5 0.913462 0.773494 0.0576923 0.0481928
6 0.174279 0.457831 0.0360577 0.053012
6 0.245192 0.479518 0.0384615 0.0578313
6 0.317308 0.46988 0.0528846 0.0626506
6 0.370192 0.466265 0.0384615 0.0506024
6 0.447115 0.471084 0.0480769 0.0795181
6 0.502404 0.473494 0.0480769 0.0457831
6 0.627404 0.445783 0.0432692 0.0626506
6 0.659856 0.456627 0.0264423 0.0409639
6 0.813702 0.450602 0.0745192 0.086747
6 0.942308 0.439759 0.100962 0.13253
9 0.18149 0.509639 0.0745192 0.0891566
9 0.242788 0.528916 0.0480769 0.0939759
9 0.314904 0.544578 0.0913462 0.125301
9 0.438702 0.561446 0.117788 0.159036
9 0.512019 0.524096 0.0625 0.0843373
9 0.622596 0.548193 0.115385 0.171084
9 0.808894 0.586747 0.146635 0.204819
9 0.924279 0.614458 0.151442 0.26506
11 0.182692 0.562651 0.0721154 0.185542
11 0.245192 0.573494 0.0576923 0.183133
11 0.305288 0.595181 0.0865385 0.231325
11 0.432692 0.653012 0.110577 0.342169
11 0.510817 0.598795 0.0600962 0.243373
11 0.612981 0.637349 0.110577 0.354217
11 0.813702 0.657831 0.137019 0.375904
11 0.933894 0.657831 0.132212 0.380723
