9 0.146635 0.318072 0.0913462 0.106024
3 0.40625 0.278313 0.0480769 0.0361446
8 0.0504808 0.566265 0.100962 0.318072
9 0.747596 0.268675 0.0865385 0.0891566
0 0.987981 0.63253 0.0240385 0.0313253
11 0.402644 0.587952 0.252404 0.486747
0 0.710337 0.63494 0.0552885 0.0361446
6 0.5 0.313253 0.153846 0.125301
7 0.573317 0.214458 0.0504808 0.0578313
4 0.147837 0.479518 0.0456731 0.053012
10 0.745192 0.472289 0.105769 0.284337
4 0.283654 0.53012 0.0673077 0.0722892
6 0.697115 0.336145 0.0576923 0.060241
7 0.752404 0.201205 0.0432692 0.0506024
6 0.74399 0.301205 0.0552885 0.0626506
6 0.855769 0.398795 0.0480769 0.0650602
6 0.956731 0.312048 0.0625 0.0650602
6 0.420673 0.284337 0.0865385 0.086747
11 0.957933 0.475904 0.0841346 0.26747
9 0.957933 0.418072 0.0841346 0.151807
9 0.746394 0.404819 0.103365 0.144578
0 0.930288 0.63253 0.0480769 0.0313253
0 0.78726 0.63494 0.0408654 0.026506
7 0.489183 0.210843 0.0408654 0.0554217
7 0.33774 0.214458 0.0408654 0.0433735
5 0.341346 0.16747 0.0240385 0.026506
3 0.473558 0.306024 0.0336538 0.053012
0 0.634615 0.533735 0.0336538 0.0506024
7 0.294471 0.286747 0.0360577 0.053012
1 0.188702 0.604819 0.0456731 0.0433735
1 0.532452 0.538554 0.0600962 0.0409639
1 0.104567 0.6 0.0264423 0.0385542
