3 0.112981 0.327711 0.0721154 0.0240964
3 0.605769 0.363855 0.0384615 0.0192771
7 0.427885 0.362651 0.0384615 0.0506024
3 0.336538 0.318072 0.0528846 0.0289157
9 0.846154 0.473494 0.0961538 0.142169
7 0.852163 0.384337 0.0600962 0.0554217
0 0.58774 0.644578 0.0216346 0.0313253
3 0.700721 0.354217 0.0504808 0.0192771
5 0.989183 0.628916 0.0216346 0.0433735
9 0.417067 0.426506 0.0456731 0.086747
2 0.498798 0.345783 0.0552885 0.0216867
1 0.829327 0.690361 0.0288462 0.0361446
11 0.602163 0.5 0.0745192 0.224096
7 0.699519 0.354217 0.0576923 0.0674699
1 0.210337 0.744578 0.0745192 0.0626506
5 0.752404 0.531325 0.0240385 0.0409639
5 0.564904 0.508434 0.0240385 0.0385542
7 0.605769 0.362651 0.0432692 0.0650602
7 0.498798 0.345783 0.0552885 0.0795181
5 0.625 0.53012 0.0288462 0.0385542
5 0.078125 0.572289 0.03125 0.0506024
5 0.198317 0.566265 0.0360577 0.0578313
1 0.359375 0.713253 0.0552885 0.0385542
11 0.847356 0.53494 0.0985577 0.260241
1 0.313702 0.748193 0.0408654 0.0554217
0 0.649038 0.708434 0.0336538 0.0433735
0 0.514423 0.749398 0.0528846 0.0433735
9 0.477163 0.444578 0.0841346 0.13253
1 0.109375 0.779518 0.0745192 0.0698795
0 0.472356 0.781928 0.0649038 0.0506024
9 0.602163 0.446988 0.0745192 0.118072
0 0.705529 0.710843 0.0408654 0.0481928
5 0.520433 0.507229 0.0264423 0.0409639
7 0.114183 0.326506 0.0841346 0.0987952
9 0.326923 0.424096 0.125 0.144578
7 0.336538 0.315663 0.0528846 0.0819277
9 0.692308 0.456627 0.100962 0.142169
11 0.326923 0.519277 0.120192 0.33494
11 0.480769 0.556626 0.0961538 0.366265
11 0.691106 0.526506 0.103365 0.286747
9 0.140625 0.474699 0.151442 0.19759
11 0.140625 0.560241 0.146635 0.368675
1 0.879808 0.69759 0.0528846 0.0457831
3 0.852163 0.379518 0.0408654 0.0168675
5 0.548077 0.46506 0.0336538 0.0433735
11 0.423077 0.50241 0.0576923 0.248193
