5 0.828125 0.674279 0.0456731 0.0264423
5 0.622596 0.671875 0.0288462 0.03125
5 0.457933 0.665865 0.0360577 0.0336538
5 0.296875 0.632212 0.03125 0.0240385
7 0.842548 0.579327 0.0745192 0.0673077
7 0.626202 0.604567 0.0600962 0.0552885
7 0.467548 0.594952 0.0504808 0.0552885
7 0.38101 0.596154 0.0456731 0.0528846
7 0.311298 0.598558 0.0456731 0.0480769
7 0.185096 0.58774 0.0480769 0.0504808
7 0.114183 0.58774 0.0360577 0.0456731
7 0.0180288 0.591346 0.0360577 0.0576923
7 0.0252404 0.68149 0.0504808 0.0889423
7 0.175481 0.652644 0.0961538 0.0793269
7 0.405048 0.703125 0.0793269 0.0697115
7 0.74399 0.677885 0.103365 0.120192
3 0.830529 0.574519 0.0360577 0.0240385
3 0.373798 0.600962 0.0264423 0.0240385
3 0.110577 0.586538 0.0240385 0.0240385
9 0.0240385 0.625 0.0480769 0.0528846
9 0.149038 0.77524 0.168269 0.199519
9 0.373798 0.790865 0.194712 0.173077
9 0.792067 0.796875 0.338942 0.165865
9 0.831731 0.657452 0.120192 0.117788
9 0.626202 0.637019 0.112981 0.0961538
9 0.469952 0.633413 0.0889423 0.0793269
9 0.390625 0.63101 0.0649038 0.0649038
9 0.322115 0.629808 0.0528846 0.0625
9 0.188702 0.626202 0.0793269 0.0600962
9 0.110577 0.615385 0.0673077 0.0480769
11 0.149038 0.780048 0.168269 0.194712
11 0.360577 0.786058 0.192308 0.158654
11 0.78726 0.793269 0.334135 0.177885
11 0.832933 0.65625 0.127404 0.115385
11 0.627404 0.628606 0.120192 0.0985577
11 0.477163 0.637019 0.103365 0.0817308
11 0.390625 0.626202 0.0697115 0.0745192
11 0.31851 0.629808 0.0552885 0.0673077
11 0.183894 0.63101 0.09375 0.0793269
11 0.106971 0.625 0.0649038 0.0673077
11 0.0252404 0.61899 0.0504808 0.0600962
