7 0.199519 0.173077 0.0480769 0.0480769
7 0.298077 0.179087 0.0480769 0.0552885
9 0.977163 0.520433 0.0456731 0.112981
6 0.778846 0.467548 0.0480769 0.0649038
9 0.219952 0.449519 0.09375 0.163462
6 0.229567 0.347356 0.0745192 0.0889423
9 0.770433 0.534856 0.0841346 0.09375
6 0.227163 0.263221 0.0793269 0.0841346
9 0.0673077 0.44351 0.0913462 0.108173
6 0.859375 0.372596 0.0600962 0.0673077
6 0.425481 0.310096 0.0480769 0.0528846
6 0.108173 0.371394 0.0625 0.0697115
6 0.665865 0.5 0.0480769 0.0528846
6 0.96274 0.433894 0.0697115 0.0745192
