1 0.602163 0.787952 0.0649038 0.0578313
1 0.516827 0.801205 0.0721154 0.060241
1 0.407452 0.720482 0.0841346 0.0626506
1 0.429087 0.656627 0.0745192 0.0457831
1 0.776442 0.607229 0.0480769 0.0578313
1 0.835337 0.60241 0.0600962 0.0433735
3 0.451923 0.254217 0.0288462 0.0409639
5 0.385817 0.474699 0.0264423 0.053012
5 0.40024 0.496386 0.0360577 0.0385542
5 0.831731 0.309639 0.0336538 0.0457831
5 0.960337 0.454217 0.0264423 0.0361446
6 0.435096 0.227711 0.0721154 0.113253
6 0.546875 0.285542 0.0889423 0.0891566
7 0.84375 0.286747 0.0432692 0.0819277
7 0.926683 0.371084 0.0360577 0.053012
9 0.397837 0.343374 0.122596 0.171084
9 0.543269 0.437349 0.173077 0.243373
9 0.826923 0.356627 0.0961538 0.120482
9 0.939904 0.420482 0.0769231 0.0650602
11 0.391827 0.468675 0.134615 0.431325
11 0.542067 0.540964 0.146635 0.450602
11 0.819712 0.442169 0.100962 0.286747
11 0.932692 0.418072 0.0913462 0.0746988
