5 0.0973558 0.979567 0.108173 0.0408654
2 0.777644 0.298077 0.0793269 0.0288462
3 0.235577 0.319712 0.0961538 0.0384615
7 0.371394 0.323317 0.0841346 0.103365
2 0.121394 0.331731 0.0985577 0.0336538
6 0.371394 0.323317 0.0841346 0.103365
5 0.205529 0.651442 0.03125 0.0480769
3 0.370192 0.319712 0.0817308 0.0384615
3 0.503606 0.300481 0.0697115 0.0288462
5 0.331731 0.629808 0.0384615 0.0528846
11 0.110577 0.609375 0.134615 0.473558
7 0.502404 0.304087 0.0721154 0.0985577
5 0.871394 0.608173 0.0360577 0.0480769
5 0.71875 0.615385 0.0384615 0.0576923
5 0.569712 0.518029 0.0432692 0.0600962
9 0.241587 0.504808 0.161058 0.269231
11 0.502404 0.597356 0.177885 0.521635
9 0.643029 0.465144 0.165865 0.199519
5 0.106971 0.676683 0.0504808 0.0600962
9 0.503606 0.481971 0.165865 0.28125
7 0.625 0.317308 0.0769231 0.100962
9 0.117788 0.524038 0.149038 0.288462
11 0.371394 0.579327 0.151442 0.4375
6 0.777644 0.294471 0.09375 0.122596
6 0.235577 0.320913 0.105769 0.117788
9 0.366587 0.47476 0.146635 0.21875
9 0.794471 0.465144 0.180288 0.228365
6 0.122596 0.324519 0.110577 0.120192
11 0.808894 0.580529 0.204327 0.473558
11 0.647837 0.59976 0.15625 0.492788
11 0.229567 0.604567 0.112981 0.459135
2 0.623798 0.3125 0.0600962 0.0288462
