0 0.572289 0.721154 0.060241 0.0384615
0 0.645783 0.663462 0.0385542 0.0576923
0 0.795181 0.675481 0.0240964 0.0336538
4 0.536145 0.612981 0.0313253 0.0288462
6 0.587952 0.496394 0.0433735 0.0552885
6 0.661446 0.497596 0.0409639 0.0480769
6 0.753012 0.498798 0.0409639 0.0456731
9 0.745783 0.550481 0.0506024 0.0673077
9 0.659036 0.548077 0.060241 0.0673077
9 0.580723 0.567308 0.0433735 0.0865385
11 0.581928 0.602163 0.0554217 0.15625
11 0.650602 0.566106 0.0481928 0.103365
11 0.742169 0.576923 0.0626506 0.125
