9 0.713942 0.362651 0.115385 0.146988
6 0.268029 0.333735 0.0552885 0.0843373
6 0.457933 0.318072 0.0649038 0.0915663
6 0.701923 0.215663 0.0913462 0.113253
6 0.915865 0.362651 0.0625 0.0795181
8 0.25 0.446988 0.100962 0.156627
8 0.467548 0.456627 0.122596 0.180723
8 0.924279 0.493976 0.122596 0.159036
8 0.0264423 0.403614 0.0528846 0.137349
5 0.0516827 0.513253 0.03125 0.0337349
5 0.305288 0.555422 0.0288462 0.0409639
5 0.188702 0.543373 0.0360577 0.0506024
5 0.403846 0.571084 0.0336538 0.053012
5 0.516827 0.520482 0.0336538 0.0433735
5 0.61899 0.493976 0.0360577 0.0481928
5 0.811298 0.49759 0.0360577 0.0457831
11 0.251202 0.543373 0.103365 0.354217
11 0.467548 0.528916 0.122596 0.33012
11 0.706731 0.49759 0.139423 0.431325
5 0.980769 0.581928 0.0240385 0.0313253
5 0.855769 0.577108 0.0240385 0.0361446
11 0.923077 0.563855 0.125 0.303614
2 0.265625 0.337349 0.0408654 0.0240964
2 0.703125 0.212048 0.0841346 0.0337349
2 0.915865 0.363855 0.0528846 0.0240964
3 0.457933 0.321687 0.0552885 0.026506
0 0.417067 0.744578 0.0552885 0.0578313
0 0.484375 0.757831 0.0360577 0.0313253
0 0.691106 0.76988 0.0456731 0.0409639
0 0.745192 0.763855 0.0480769 0.0385542
0 0.891827 0.753012 0.0240385 0.0457831
0 0.935096 0.772289 0.0480769 0.0313253
0 0.236779 0.751807 0.0649038 0.0337349
0 0.0324519 0.710843 0.03125 0.0385542
