11 0.625 0.643373 0.0961538 0.240964
11 0.766827 0.644578 0.0721154 0.190361
8 0.769231 0.604819 0.0673077 0.106024
8 0.627404 0.590361 0.0913462 0.13012
6 0.610577 0.506024 0.0625 0.0722892
6 0.798077 0.539759 0.0480769 0.053012
2 0.30649 0.344578 0.209135 0.0578313
8 0.27524 0.608434 0.401442 0.39759
6 0.30649 0.320482 0.209135 0.279518
4 0.242788 0.677108 0.182692 0.149398
4 0.418269 0.772289 0.153846 0.0939759
5 0.549279 0.583133 0.0264423 0.0289157
5 0.788462 0.645783 0.0240385 0.0289157
0 0.844952 0.803614 0.0360577 0.0361446
0 0.90024 0.807229 0.03125 0.0385542
8 0.870192 0.655422 0.110577 0.0819277
11 0.86899 0.709639 0.122596 0.195181
