0 0.430288 0.708434 0.0240385 0.0289157
6 0.215144 0.442169 0.0456731 0.0506024
0 0.603365 0.768675 0.0288462 0.0289157
11 0.242788 0.584337 0.0913462 0.233735
0 0.46875 0.725301 0.0288462 0.0240964
6 0.344952 0.442169 0.0600962 0.0746988
9 0.325721 0.545783 0.117788 0.137349
11 0.325721 0.615663 0.112981 0.281928
6 0.53125 0.444578 0.0432692 0.0457831
6 0.725962 0.422892 0.0576923 0.0698795
9 0.242788 0.521687 0.0865385 0.108434
6 0.254808 0.43253 0.0576923 0.0698795
6 0.448317 0.438554 0.0456731 0.0578313
6 0.58774 0.43494 0.0600962 0.0746988
9 0.449519 0.522892 0.0865385 0.110843
9 0.723558 0.515663 0.105769 0.110843
11 0.72476 0.59759 0.103365 0.274699
11 0.450721 0.580723 0.0889423 0.231325
9 0.58774 0.525301 0.0985577 0.115663
11 0.586538 0.604819 0.0961538 0.274699
0 0.298077 0.804819 0.0432692 0.0385542
0 0.346154 0.768675 0.0384615 0.0289157
0 0.233173 0.728916 0.0384615 0.0361446
0 0.697115 0.745783 0.0336538 0.0361446
0 0.739183 0.755422 0.0408654 0.0361446
4 0.740385 0.53012 0.0336538 0.0240964
