1 0.929087 0.772837 0.0408654 0.0360577
1 0.890625 0.754808 0.0360577 0.0336538
1 0.786058 0.748798 0.0480769 0.03125
1 0.830529 0.731971 0.0408654 0.03125
3 0.09375 0.444712 0.0288462 0.0240385
3 0.222356 0.466346 0.03125 0.0240385
3 0.301683 0.463942 0.0360577 0.0240385
3 0.401442 0.480769 0.0240385 0.0240385
3 0.53125 0.480769 0.0288462 0.0240385
5 0.104567 0.639423 0.0456731 0.0673077
5 0.270433 0.620192 0.0360577 0.0432692
5 0.328125 0.590144 0.0408654 0.0408654
5 0.444712 0.574519 0.0240385 0.0480769
5 0.548077 0.56851 0.0240385 0.03125
5 0.763221 0.591346 0.0456731 0.0288462
5 0.848558 0.606971 0.0240385 0.0408654
7 0.0673077 0.442308 0.0673077 0.0721154
7 0.211538 0.461538 0.0480769 0.0528846
7 0.290865 0.457933 0.0480769 0.0649038
7 0.385817 0.477163 0.0504808 0.0552885
7 0.524038 0.480769 0.0432692 0.0480769
7 0.686298 0.47476 0.0360577 0.0408654
7 0.759615 0.480769 0.0480769 0.0528846
7 0.80649 0.498798 0.0408654 0.0504808
7 0.929087 0.487981 0.0408654 0.0528846
9 0.0637019 0.536058 0.112981 0.129808
9 0.189904 0.507212 0.0769231 0.0961538
9 0.260817 0.522837 0.0793269 0.108173
9 0.377404 0.530048 0.0528846 0.0889423
9 0.512019 0.528846 0.0528846 0.0865385
9 0.688702 0.527644 0.0600962 0.0697115
9 0.75601 0.538462 0.0697115 0.0817308
9 0.824519 0.560096 0.0576923 0.0817308
9 0.929087 0.551683 0.0985577 0.0841346
11 0.0637019 0.56851 0.122596 0.194712
11 0.188702 0.536058 0.0841346 0.129808
11 0.253606 0.545673 0.0697115 0.153846
11 0.370192 0.551683 0.0625 0.112981
11 0.514423 0.546875 0.0480769 0.103365
11 0.688702 0.548077 0.0600962 0.110577
11 0.75601 0.558894 0.0600962 0.112981
11 0.819712 0.611779 0.0528846 0.194712
11 0.925481 0.633413 0.0961538 0.237981
