6 0.174279 0.431325 0.0600962 0.0819277
6 0.270433 0.438554 0.0456731 0.0578313
6 0.405048 0.46506 0.0360577 0.0481928
6 0.515625 0.446988 0.0408654 0.0650602
6 0.655048 0.466265 0.03125 0.0457831
6 0.567308 0.471084 0.0336538 0.0506024
6 0.765625 0.462651 0.0552885 0.053012
6 0.979567 0.450602 0.03125 0.053012
6 0.876202 0.473494 0.0408654 0.0409639
7 0.721154 0.481928 0.0336538 0.0385542
0 0.242788 0.813253 0.0769231 0.0313253
0 0.167067 0.808434 0.0649038 0.0313253
0 0.282452 0.695181 0.0456731 0.026506
0 0.521635 0.719277 0.0240385 0.0313253
0 0.497596 0.701205 0.0336538 0.0240964
0 0.770433 0.76988 0.0408654 0.026506
0 0.722356 0.738554 0.0360577 0.026506
0 0.646635 0.662651 0.0240385 0.0385542
0 0.950721 0.683133 0.0408654 0.0313253
0 0.897837 0.685542 0.0408654 0.026506
0 0.370192 0.679518 0.0336538 0.0240964
0 0.564904 0.650602 0.0288462 0.0240964
0 0.408654 0.672289 0.0240385 0.0337349
0 0.711538 0.645783 0.0240385 0.0337349
9 0.168269 0.568675 0.0721154 0.149398
9 0.405048 0.526506 0.0408654 0.0746988
9 0.515625 0.527711 0.0552885 0.0915663
5 0.637019 0.540964 0.0240385 0.026506
5 0.963942 0.536145 0.0384615 0.0313253
9 0.258413 0.53253 0.0552885 0.120482
9 0.5625 0.524096 0.0432692 0.0650602
9 0.758413 0.556626 0.0697115 0.13494
9 0.873798 0.545783 0.0552885 0.0795181
9 0.71274 0.53012 0.0360577 0.0722892
5 0.737981 0.615663 0.0288462 0.0313253
9 0.973558 0.537349 0.0528846 0.106024
11 0.175481 0.624096 0.0865385 0.26506
11 0.259615 0.56988 0.0625 0.214458
11 0.402644 0.572289 0.0552885 0.171084
11 0.512019 0.568675 0.0625 0.173494
11 0.566106 0.549398 0.0456731 0.115663
11 0.758413 0.606024 0.0697115 0.233735
11 0.875 0.571084 0.0625 0.139759
11 0.973558 0.579518 0.0528846 0.185542
9 0.65024 0.531325 0.0504808 0.0939759
0 0.611779 0.662651 0.03125 0.0240964
