6 0.0600962 0.501202 0.0432692 0.0504808
6 0.0817308 0.475962 0.0288462 0.0576923
6 0.128606 0.502404 0.0408654 0.0576923
6 0.155048 0.457933 0.0360577 0.0456731
6 0.222356 0.496394 0.03125 0.0408654
6 0.283654 0.509615 0.0528846 0.0528846
6 0.269231 0.427885 0.0384615 0.0432692
6 0.378606 0.533654 0.0552885 0.0625
6 0.50601 0.466346 0.0408654 0.0576923
6 0.546875 0.502404 0.0504808 0.0625
6 0.649038 0.467548 0.0528846 0.0649038
6 0.688702 0.513221 0.0552885 0.0745192
6 0.796875 0.483173 0.0552885 0.0625
6 0.879808 0.454327 0.0721154 0.0625
