0 0.169471 0.704327 0.0264423 0.0240385
0 0.137019 0.704327 0.0336538 0.0240385
0 0.483173 0.747596 0.0288462 0.0432692
0 0.433894 0.701923 0.03125 0.0336538
4 0.387019 0.629808 0.0288462 0.0480769
4 0.560096 0.623798 0.0336538 0.0504808
5 0.736779 0.757212 0.0264423 0.0240385
6 0.0913462 0.579327 0.0480769 0.0625
6 0.46274 0.555288 0.0504808 0.0576923
6 0.723558 0.649038 0.0817308 0.0673077
9 0.133413 0.608173 0.0697115 0.0817308
9 0.453125 0.605769 0.0841346 0.0673077
10 0.146635 0.640625 0.0961538 0.0841346
10 0.450721 0.634615 0.0889423 0.120192
