6 0.16226 0.463942 0.0793269 0.0865385
6 0.901442 0.521635 0.120192 0.115385
6 0.335337 0.456731 0.0552885 0.0817308
6 0.41226 0.478365 0.0504808 0.0528846
6 0.59976 0.478365 0.0360577 0.0528846
6 0.649038 0.477163 0.0528846 0.0697115
5 0.182692 0.703125 0.0336538 0.0360577
5 0.356971 0.389423 0.0360577 0.0480769
5 0.384615 0.643029 0.0240385 0.0360577
5 0.659856 0.670673 0.03125 0.0432692
5 0.86899 0.692308 0.0600962 0.0528846
0 0.366587 0.814904 0.0552885 0.0384615
0 0.314904 0.830529 0.0288462 0.0360577
0 0.658654 0.859375 0.0384615 0.03125
0 0.628606 0.828125 0.0456731 0.0264423
0 0.174279 0.852163 0.03125 0.03125
0 0.588942 0.751202 0.0288462 0.0360577
9 0.151442 0.581731 0.0817308 0.129808
9 0.335337 0.545673 0.0841346 0.120192
9 0.424279 0.550481 0.0745192 0.0817308
9 0.888221 0.667067 0.122596 0.161058
9 0.646635 0.566106 0.0721154 0.103365
9 0.596154 0.550481 0.0384615 0.0769231
11 0.152644 0.677885 0.0841346 0.326923
11 0.336538 0.622596 0.0913462 0.278846
11 0.427885 0.600962 0.0817308 0.201923
11 0.596154 0.608173 0.0384615 0.197115
11 0.647837 0.655048 0.0697115 0.290865
11 0.885817 0.75601 0.122596 0.329327
