6 0.388221 0.473558 0.0745192 0.100962
6 0.600962 0.490385 0.0528846 0.0817308
6 0.6875 0.47476 0.0432692 0.0600962
5 0.730769 0.611779 0.0288462 0.0360577
9 0.397837 0.614183 0.117788 0.175481
9 0.623798 0.591346 0.0745192 0.134615
9 0.706731 0.549279 0.0769231 0.112981
0 0.639423 0.819712 0.0625 0.0288462
0 0.731971 0.740385 0.0360577 0.0288462
11 0.41226 0.740385 0.151442 0.4375
11 0.620192 0.657452 0.0721154 0.257212
11 0.705529 0.594952 0.0745192 0.213942
5 0.627404 0.680288 0.0240385 0.0336538
5 0.286058 0.534856 0.0240385 0.0360577
