5 0.515625 0.501202 0.03125 0.0360577
0 0.745192 0.889423 0.0480769 0.0528846
0 0.409856 0.729567 0.0360577 0.0264423
0 0.0276442 0.920673 0.0504808 0.0528846
9 0.03125 0.543269 0.0625 0.25
7 0.715144 0.36899 0.0408654 0.0600962
5 0.448317 0.563702 0.03125 0.0552885
5 0.789663 0.545673 0.03125 0.0528846
5 0.53125 0.518029 0.0288462 0.03125
5 0.246394 0.667067 0.0408654 0.0408654
0 0.527644 0.663462 0.0264423 0.0288462
0 0.223558 0.920673 0.0480769 0.0528846
0 0.489183 0.670673 0.0264423 0.0336538
0 0.451923 0.736779 0.0673077 0.03125
11 0.0324519 0.643029 0.0649038 0.430288
0 0.305288 0.942308 0.110577 0.0673077
9 0.387019 0.504808 0.0913462 0.153846
9 0.260817 0.557692 0.15625 0.259615
11 0.40024 0.564904 0.108173 0.278846
9 0.501202 0.457933 0.0841346 0.127404
7 0.667067 0.344952 0.0745192 0.0985577
11 0.502404 0.514423 0.0865385 0.240385
7 0.496394 0.366587 0.0456731 0.0504808
11 0.673077 0.615385 0.173077 0.418269
7 0.391827 0.396635 0.0528846 0.0576923
7 0.304087 0.377404 0.09375 0.110577
9 0.673077 0.512019 0.177885 0.221154
11 0.258413 0.655048 0.15625 0.459135
0 0.621394 0.876202 0.0552885 0.0600962
