0 0.576923 0.766827 0.0769231 0.0432692
0 0.682692 0.746394 0.0480769 0.0504808
0 0.746394 0.74399 0.0552885 0.0649038
2 0.569712 0.429087 0.0576923 0.03125
2 0.71875 0.442308 0.0576923 0.0336538
3 0.260817 0.387019 0.0697115 0.0288462
5 0.305288 0.590144 0.0625 0.0600962
5 0.294471 0.637019 0.0408654 0.0721154
5 0.407452 0.653846 0.0264423 0.0240385
6 0.237981 0.388221 0.120192 0.122596
6 0.34375 0.41226 0.0817308 0.108173
6 0.569712 0.432692 0.0576923 0.0817308
6 0.722356 0.4375 0.0600962 0.0721154
9 0.21875 0.584135 0.153846 0.274038
9 0.34375 0.564904 0.129808 0.225962
9 0.557692 0.538462 0.105769 0.149038
9 0.722356 0.53726 0.103365 0.117788
11 0.552885 0.602163 0.0961538 0.28125
11 0.719952 0.586538 0.108173 0.240385
