5 0.856971 0.466265 0.0408654 0.0457831
3 0.842548 0.385542 0.112981 0.0433735
9 0.782452 0.520482 0.213942 0.20241
5 0.807692 0.439759 0.0432692 0.0457831
9 0.132212 0.485542 0.0384615 0.0554217
8 0.485577 0.493976 0.110577 0.106024
9 0.344952 0.492771 0.0360577 0.0650602
6 0.144231 0.453012 0.0288462 0.0337349
6 0.34375 0.445783 0.0336538 0.0433735
6 0.544471 0.428916 0.0552885 0.0578313
6 0.842548 0.372289 0.112981 0.122892
11 0.475962 0.550602 0.115385 0.243373
11 0.741587 0.596386 0.180288 0.378313
0 0.669471 0.760241 0.0552885 0.0698795
