7 0.33774 0.24399 0.0504808 0.0745192
7 0.549279 0.284856 0.0649038 0.0793269
7 0.747596 0.293269 0.105769 0.100962
7 0.942308 0.332933 0.115385 0.165865
7 0.0853365 0.278846 0.137019 0.153846
3 0.335337 0.247596 0.0456731 0.0336538
5 0.734375 0.647837 0.0745192 0.0649038
5 0.6875 0.713942 0.0576923 0.0817308
5 0.394231 0.408654 0.0432692 0.0432692
5 0.290865 0.415865 0.0480769 0.0432692
0 0.635817 0.695913 0.0745192 0.0793269
0 0.637019 0.627404 0.0625 0.0721154
9 0.0877404 0.522837 0.175481 0.420673
9 0.355769 0.353365 0.149038 0.153846
9 0.555288 0.375 0.129808 0.163462
9 0.788462 0.424279 0.197115 0.180288
9 0.901442 0.634615 0.197115 0.394231
