6 0.242788 0.354217 0.245192 0.26988
6 0.460337 0.414458 0.189904 0.212048
6 0.61899 0.318072 0.170673 0.192771
6 0.77524 0.338554 0.151442 0.161446
2 0.296875 0.350602 0.122596 0.060241
2 0.504808 0.410843 0.0961538 0.0457831
2 0.652644 0.321687 0.0841346 0.0361446
2 0.811298 0.342169 0.0745192 0.0385542
5 0.352163 0.650602 0.146635 0.110843
5 0.582933 0.721687 0.0889423 0.0843373
5 0.911058 0.761446 0.0528846 0.0819277
5 0.579327 0.946988 0.110577 0.0915663
5 0.91226 0.906024 0.0600962 0.0674699
8 0.175481 0.710843 0.331731 0.496386
8 0.478365 0.719277 0.264423 0.416867
9 0.655048 0.579518 0.175481 0.310843
9 0.793269 0.574699 0.144231 0.296386
