6 0.109375 0.416867 0.09375 0.106024
6 0.430288 0.410843 0.0576923 0.0843373
6 0.668269 0.442169 0.0576923 0.0843373
6 0.865385 0.440964 0.0721154 0.0915663
2 0.866587 0.436145 0.0600962 0.0337349
2 0.123798 0.420482 0.0552885 0.0361446
5 0.117788 0.539759 0.0480769 0.053012
5 0.390625 0.485542 0.03125 0.0361446
5 0.614183 0.483133 0.03125 0.0457831
5 0.802885 0.520482 0.0384615 0.0481928
9 0.436298 0.531325 0.09375 0.171084
9 0.668269 0.559036 0.0913462 0.139759
9 0.88101 0.566265 0.0985577 0.168675
9 0.109375 0.622892 0.146635 0.281928
11 0.112981 0.691566 0.153846 0.424096
11 0.897837 0.661446 0.132212 0.373494
11 0.664663 0.661446 0.127404 0.359036
11 0.438702 0.614458 0.108173 0.337349
0 0.461538 0.807229 0.0288462 0.0385542
0 0.429087 0.807229 0.03125 0.0385542
