11 0.580529 0.542169 0.223558 0.337349
11 0.975962 0.53494 0.0480769 0.356627
9 0.286058 0.483133 0.264423 0.195181
6 0.572115 0.0795181 0.0721154 0.0963855
9 0.884615 0.412048 0.110577 0.187952
5 0.419471 0.677108 0.0697115 0.0626506
11 0.280048 0.560241 0.276442 0.349398
0 0.370192 0.795181 0.0817308 0.0578313
6 0.71875 0.283133 0.0336538 0.0554217
5 0.63101 0.601205 0.0504808 0.060241
6 0.555288 0.337349 0.0432692 0.053012
9 0.578125 0.484337 0.228365 0.20241
9 0.608173 0.340964 0.0817308 0.103614
6 0.972356 0.278313 0.0552885 0.0843373
6 0.219952 0.383133 0.0600962 0.0626506
6 0.489183 0.426506 0.122596 0.149398
9 0.758413 0.377108 0.112981 0.142169
6 0.570913 0.253012 0.0745192 0.0915663
6 0.817308 0.285542 0.0576923 0.0843373
6 0.876202 0.289157 0.0793269 0.106024
2 0.972356 0.291566 0.0408654 0.0192771
0 0.733173 0.620482 0.0721154 0.0650602
10 0.879808 0.461446 0.115385 0.291566
