0 0.317308 0.722892 0.0336538 0.0578313
0 0.34375 0.710843 0.0432692 0.0337349
0 0.420673 0.710843 0.0288462 0.0385542
0 0.473558 0.703614 0.0480769 0.0433735
0 0.55649 0.707229 0.0552885 0.0313253
0 0.602163 0.715663 0.0360577 0.0337349
0 0.643029 0.73253 0.0552885 0.0337349
0 0.665865 0.757831 0.0625 0.0313253
0 0.686298 0.806024 0.0552885 0.0361446
3 0.582933 0.419277 0.0408654 0.0240964
3 0.729567 0.426506 0.0456731 0.0240964
2 0.856971 0.407229 0.0552885 0.0337349
5 0.36899 0.573494 0.03125 0.0433735
5 0.288462 0.574699 0.0336538 0.0457831
5 0.414663 0.571084 0.0264423 0.0385542
5 0.490385 0.553012 0.0240385 0.0361446
5 0.543269 0.56506 0.0240385 0.0361446
5 0.616587 0.568675 0.0264423 0.0433735
5 0.739183 0.544578 0.0456731 0.0481928
6 0.176683 0.406024 0.0841346 0.108434
6 0.344952 0.427711 0.0504808 0.0698795
6 0.445913 0.419277 0.0504808 0.0626506
6 0.581731 0.420482 0.0480769 0.0698795
6 0.65625 0.391566 0.0673077 0.0746988
6 0.721154 0.422892 0.0769231 0.0843373
6 0.850962 0.412048 0.0769231 0.086747
9 0.168269 0.56747 0.120192 0.209639
9 0.329327 0.512048 0.0961538 0.118072
9 0.445913 0.503614 0.09375 0.110843
9 0.582933 0.507229 0.0745192 0.113253
9 0.659856 0.508434 0.0504808 0.149398
9 0.719952 0.546988 0.103365 0.168675
9 0.856971 0.539759 0.137019 0.149398
11 0.158654 0.656627 0.105769 0.387952
11 0.330529 0.561446 0.09375 0.221687
11 0.447115 0.557831 0.0961538 0.224096
11 0.585337 0.560241 0.09375 0.219277
11 0.723558 0.626506 0.105769 0.313253
11 0.856971 0.585542 0.122596 0.245783
