2 0.242788 0.463942 0.0817308 0.0336538
3 0.457933 0.427885 0.0600962 0.0288462
3 0.546875 0.427885 0.0793269 0.0384615
3 0.706731 0.435096 0.100962 0.0336538
3 0.792067 0.475962 0.0408654 0.0288462
3 0.883413 0.490385 0.0456731 0.0240385
5 0.311298 0.673077 0.0649038 0.0817308
5 0.377404 0.671875 0.0336538 0.0600962
5 0.5 0.698317 0.0384615 0.0841346
5 0.873798 0.514423 0.03125 0.0384615
7 0.228365 0.463942 0.0961538 0.115385
7 0.457933 0.432692 0.0600962 0.0865385
7 0.557692 0.441106 0.0913462 0.09375
7 0.71274 0.448317 0.108173 0.15625
7 0.794471 0.486779 0.0408654 0.0697115
7 0.891827 0.486779 0.0673077 0.0793269
9 0.176683 0.609375 0.213942 0.228365
9 0.447115 0.552885 0.125 0.158654
9 0.574519 0.588942 0.153846 0.206731
9 0.746394 0.670673 0.223558 0.274038
9 0.802885 0.539663 0.0528846 0.0600962
9 0.894231 0.580529 0.0817308 0.141827
11 0.179087 0.66226 0.21875 0.338942
11 0.461538 0.646635 0.149038 0.341346
11 0.578125 0.651442 0.15625 0.326923
11 0.751202 0.669471 0.237981 0.305288
11 0.894231 0.628606 0.0961538 0.242788
