0 0.663462 0.675904 0.0432692 0.0361446
3 0.673077 0.248193 0.0240385 0.0144578
0 0.501202 0.539759 0.0504808 0.0289157
5 0.655048 0.456627 0.0408654 0.0361446
7 0.620192 0.295181 0.0625 0.060241
0 0.360577 0.553012 0.0576923 0.0313253
0 0.700721 0.538554 0.0504808 0.0313253
0 0.658654 0.686747 0.0528846 0.0385542
0 0.313702 0.555422 0.0408654 0.0457831
7 0.335337 0.245783 0.0600962 0.0674699
9 0.63101 0.404819 0.09375 0.168675
11 0.530048 0.40241 0.0985577 0.236145
9 0.703125 0.319277 0.0745192 0.13253
7 0.524038 0.26506 0.0384615 0.0481928
9 0.530048 0.342169 0.09375 0.110843
0 0.605769 0.687952 0.0673077 0.0409639
7 0.686298 0.242169 0.0552885 0.060241
9 0.328125 0.33494 0.108173 0.120482
11 0.634615 0.485542 0.110577 0.339759
11 0.331731 0.410843 0.115385 0.277108
0 0.742788 0.550602 0.0336538 0.0409639
11 0.709135 0.418072 0.0913462 0.306024
