0 0.387019 0.728916 0.0384615 0.0409639
0 0.473558 0.713253 0.0288462 0.0481928
0 0.30649 0.7 0.0504808 0.0361446
0 0.524038 0.744578 0.0480769 0.0481928
0 0.586538 0.73253 0.0288462 0.0481928
0 0.700721 0.710843 0.0408654 0.0289157
0 0.65625 0.695181 0.0336538 0.0313253
3 0.436298 0.419277 0.0408654 0.0289157
3 0.567308 0.436145 0.0432692 0.0240964
3 0.324519 0.436145 0.0384615 0.0240964
5 0.293269 0.577108 0.0288462 0.0361446
5 0.379808 0.574699 0.0288462 0.0409639
5 0.471154 0.563855 0.0336538 0.0337349
5 0.524038 0.595181 0.0288462 0.0385542
5 0.598558 0.56506 0.0336538 0.0409639
5 0.507212 0.56988 0.0240385 0.0361446
5 0.641827 0.572289 0.0288462 0.0361446
7 0.328125 0.437349 0.0456731 0.0506024
7 0.433894 0.419277 0.0552885 0.0674699
7 0.566106 0.439759 0.0504808 0.0506024
7 0.683894 0.463855 0.0456731 0.0554217
7 0.762019 0.463855 0.0432692 0.0506024
7 0.867788 0.478313 0.0336538 0.0409639
9 0.328125 0.510843 0.0889423 0.106024
9 0.430288 0.501205 0.0865385 0.110843
9 0.563702 0.524096 0.108173 0.118072
9 0.669471 0.526506 0.0889423 0.0987952
9 0.760817 0.514458 0.0793269 0.0698795
9 0.865385 0.525301 0.0721154 0.0674699
11 0.332933 0.559036 0.0889423 0.19759
11 0.430288 0.562651 0.0961538 0.233735
11 0.552885 0.579518 0.0913462 0.214458
11 0.670673 0.574699 0.0865385 0.185542
11 0.758413 0.561446 0.0745192 0.168675
11 0.860577 0.566265 0.0721154 0.149398
