6 0.304087 0.407452 0.0408654 0.0456731
11 0.247596 0.557692 0.100962 0.269231
5 0.204327 0.625 0.0384615 0.0384615
3 0.582933 0.394231 0.0360577 0.0144231
0 0.658654 0.737981 0.0384615 0.0336538
3 0.376202 0.38101 0.0793269 0.0264423
6 0.643029 0.376202 0.0408654 0.0552885
5 0.0444712 0.637019 0.0360577 0.0480769
9 0.580529 0.483173 0.0600962 0.120192
2 0.126202 0.375 0.0552885 0.0240385
2 0.975962 0.411058 0.0432692 0.0288462
11 0.956731 0.645433 0.0865385 0.420673
3 0.853365 0.382212 0.0528846 0.0240385
6 0.0132212 0.401442 0.0264423 0.0721154
0 0.527644 0.658654 0.0360577 0.0288462
11 0.706731 0.623798 0.192308 0.439904
3 0.432692 0.388221 0.0384615 0.0216346
0 0.241587 0.71875 0.0360577 0.0384615
0 0.286058 0.71274 0.0384615 0.0408654
9 0.703125 0.498798 0.194712 0.185096
7 0.584135 0.397837 0.0384615 0.0504808
6 0.433894 0.385817 0.0408654 0.0649038
5 0.316106 0.622596 0.0360577 0.0528846
5 0.46274 0.620192 0.0360577 0.0625
11 0.390625 0.609375 0.15625 0.382212
0 0.489183 0.776442 0.0552885 0.0432692
9 0.497596 0.509615 0.0913462 0.144231
6 0.533654 0.402644 0.0384615 0.0552885
6 0.856971 0.376202 0.0745192 0.0889423
5 0.647837 0.638221 0.0360577 0.0552885
6 0.484375 0.397837 0.0504808 0.0793269
6 0.973558 0.396635 0.0528846 0.110577
9 0.24399 0.477163 0.09375 0.103365
9 0.850962 0.492788 0.120192 0.153846
9 0.950721 0.522837 0.0985577 0.15625
11 0.121394 0.612981 0.161058 0.384615
6 0.24399 0.389423 0.0552885 0.0721154
6 0.682692 0.359375 0.0961538 0.103365
6 0.120192 0.365385 0.0817308 0.110577
6 0.376202 0.371394 0.0841346 0.103365
9 0.122596 0.510817 0.158654 0.165865
9 0.385817 0.503606 0.161058 0.170673
3 0.674279 0.365385 0.0649038 0.0288462
