7 0.465144 0.395181 0.112981 0.159036
7 0.0540865 0.33494 0.108173 0.168675
7 0.163462 0.36747 0.0913462 0.137349
7 0.286058 0.343374 0.129808 0.180723
7 0.961538 0.337349 0.0769231 0.159036
7 0.847356 0.344578 0.127404 0.163855
7 0.729567 0.451807 0.117788 0.175904
7 0.643029 0.408434 0.0600962 0.151807
2 0.641827 0.433735 0.0480769 0.053012
2 0.961538 0.344578 0.0673077 0.0433735
3 0.0769231 0.331325 0.0576923 0.0361446
3 0.176683 0.362651 0.0649038 0.0313253
3 0.31851 0.368675 0.0649038 0.0433735
3 0.471154 0.39759 0.0865385 0.0433735
3 0.717548 0.474699 0.0793269 0.0481928
3 0.826923 0.359036 0.0769231 0.0433735
5 0.590144 0.693976 0.0745192 0.086747
5 0.588942 0.9 0.0769231 0.0939759
9 0.252404 0.601205 0.173077 0.310843
9 0.0480769 0.578313 0.0961538 0.346988
9 0.484375 0.580723 0.21875 0.216867
9 0.854567 0.649398 0.199519 0.253012
5 0.716346 0.775904 0.0576923 0.0674699
