6 0.252404 0.459135 0.0673077 0.100962
6 0.299279 0.447115 0.0504808 0.0913462
6 0.376202 0.461538 0.0745192 0.0769231
6 0.548077 0.504808 0.0625 0.0817308
6 0.688702 0.492788 0.0600962 0.0865385
6 0.75601 0.478365 0.0745192 0.110577
5 0.182692 0.664663 0.0432692 0.0600962
5 0.27524 0.675481 0.0264423 0.0625
5 0.36899 0.570913 0.0600962 0.0408654
5 0.455529 0.647837 0.03125 0.0600962
5 0.480769 0.657452 0.0240385 0.0649038
5 0.667067 0.680288 0.03125 0.0817308
5 0.778846 0.688702 0.0576923 0.0600962
9 0.522837 0.579327 0.0841346 0.0961538
9 0.740385 0.592548 0.129808 0.127404
9 0.387019 0.579327 0.0961538 0.110577
9 0.22476 0.561298 0.0841346 0.127404
0 0.544471 0.844952 0.0552885 0.0456731
0 0.543269 0.897837 0.0528846 0.0408654
0 0.497596 0.834135 0.0336538 0.0480769
0 0.497596 0.908654 0.0384615 0.0432692
0 0.282452 0.855769 0.0408654 0.0432692
0 0.278846 0.889423 0.0384615 0.0288462
0 0.66226 0.848558 0.0456731 0.0384615
0 0.665865 0.897837 0.0432692 0.0360577
11 0.522837 0.676683 0.0841346 0.290865
11 0.727163 0.71274 0.09375 0.358173
11 0.375 0.671875 0.0817308 0.324519
11 0.206731 0.661058 0.0817308 0.3125
