6 0.677885 0.322892 0.163462 0.183133
6 0.435096 0.284337 0.0769231 0.115663
6 0.567308 0.33253 0.0576923 0.0771084
6 0.527644 0.343374 0.0360577 0.0554217
6 0.436298 0.0566265 0.0745192 0.108434
6 0.682692 0.0542169 0.149038 0.108434
3 0.652644 0.336145 0.0600962 0.0698795
3 0.436298 0.292771 0.0504808 0.0409639
3 0.569712 0.337349 0.0384615 0.0240964
4 0.477163 0.56988 0.0985577 0.0650602
4 0.483173 0.477108 0.0528846 0.053012
0 0.373798 0.592771 0.09375 0.0578313
9 0.777644 0.561446 0.271635 0.303614
9 0.564904 0.43253 0.0817308 0.122892
9 0.334135 0.349398 0.115385 0.125301
9 0.262019 0.286747 0.0432692 0.086747
9 0.264423 0.0385542 0.0576923 0.0771084
10 0.796875 0.625301 0.295673 0.537349
10 0.314904 0.43012 0.182692 0.272289
