0 0.461538 0.681928 0.0576923 0.0481928
0 0.570913 0.713253 0.09375 0.0385542
3 0.402644 0.366265 0.0552885 0.0240964
3 0.34976 0.314458 0.0360577 0.0313253
3 0.655048 0.331325 0.0408654 0.026506
2 0.563702 0.36747 0.0504808 0.026506
5 0.242788 0.56506 0.0528846 0.0698795
5 0.361779 0.556626 0.0360577 0.0578313
5 0.413462 0.509639 0.0480769 0.0554217
5 0.581731 0.550602 0.0480769 0.0506024
5 0.683894 0.606024 0.0552885 0.0746988
5 0.538462 0.527711 0.0288462 0.0433735
5 0.47476 0.545783 0.0264423 0.0409639
4 0.620192 0.553012 0.0240385 0.0554217
7 0.324519 0.326506 0.0817308 0.0939759
7 0.402644 0.359036 0.0600962 0.101205
7 0.56851 0.363855 0.0649038 0.0915663
7 0.685096 0.33494 0.0913462 0.125301
9 0.295673 0.459036 0.0817308 0.185542
9 0.387019 0.46506 0.0721154 0.13012
9 0.580529 0.472289 0.0793269 0.120482
9 0.689904 0.477108 0.105769 0.19759
10 0.683894 0.553012 0.127404 0.349398
11 0.299279 0.53253 0.0985577 0.342169
11 0.382212 0.53494 0.0721154 0.274699
11 0.576923 0.540964 0.0769231 0.262651
