8 0.0564904 0.720482 0.112981 0.554217
5 0.522837 0.698795 0.0745192 0.086747
5 0.413462 0.76747 0.0576923 0.0554217
3 0.387019 0.440964 0.0865385 0.0481928
3 0.81851 0.36988 0.132212 0.0457831
3 0.19351 0.36747 0.127404 0.0457831
6 0.324519 0.296386 0.129808 0.120482
9 0.652644 0.63253 0.194712 0.325301
6 0.377404 0.407229 0.125 0.187952
6 0.515625 0.437349 0.175481 0.209639
6 0.0841346 0.327711 0.168269 0.250602
6 0.817308 0.348193 0.134615 0.175904
6 0.19351 0.336145 0.132212 0.204819
11 0.840144 0.653012 0.242788 0.496386
6 0.177885 0.56506 0.182692 0.204819
8 0.838942 0.573494 0.245192 0.33253
8 0.216346 0.722892 0.197115 0.236145
3 0.207933 0.625301 0.0841346 0.0361446
6 0.331731 0.0554217 0.173077 0.110843
3 0.329327 0.026506 0.0817308 0.053012
