9 0.217548 0.38101 0.0889423 0.161058
9 0.598558 0.378606 0.173077 0.146635
6 0.266827 0.257212 0.0913462 0.115385
6 0.686298 0.307692 0.0985577 0.0817308
4 0.284856 0.504808 0.0408654 0.0480769
4 0.251202 0.514423 0.0456731 0.0576923
0 0.1875 0.740385 0.0817308 0.0625
0 0.248798 0.722356 0.0745192 0.0408654
0 0.699519 0.691106 0.0817308 0.0408654
5 0.717548 0.528846 0.0456731 0.0673077
10 0.207933 0.489183 0.117788 0.382212
10 0.611779 0.626202 0.209135 0.65625
3 0.28125 0.263221 0.0480769 0.0360577
