5 0.44351 0.28125 0.0697115 0.0480769
5 0.754808 0.346154 0.0384615 0.0288462
5 0.0600962 0.467548 0.0288462 0.03125
0 0.270433 0.854567 0.0841346 0.0504808
9 0.248798 0.424279 0.132212 0.194712
0 0.334135 0.830529 0.0769231 0.0504808
5 0.405048 0.512019 0.0360577 0.0480769
0 0.671875 0.710337 0.0649038 0.0360577
11 0.657452 0.518029 0.0889423 0.338942
0 0.980769 0.748798 0.0384615 0.0456731
0 0.0384615 0.68149 0.0673077 0.0360577
0 0.376202 0.80649 0.0649038 0.0456731
9 0.944712 0.44351 0.110577 0.146635
5 0.385817 0.515625 0.0552885 0.0504808
0 0.731971 0.698317 0.0504808 0.0408654
0 0.897837 0.734375 0.0745192 0.0408654
0 0.59976 0.816106 0.0552885 0.0456731
7 0.373798 0.268029 0.0745192 0.0793269
9 0.370192 0.424279 0.125 0.204327
7 0.942308 0.33774 0.0769231 0.0793269
7 0.0216346 0.290865 0.0432692 0.0721154
0 0.822115 0.713942 0.0673077 0.0384615
5 0.620192 0.5 0.0480769 0.0625
7 0.262019 0.289663 0.0913462 0.0841346
9 0.55649 0.418269 0.141827 0.168269
0 0.509615 0.789663 0.0865385 0.0408654
11 0.764423 0.519231 0.120192 0.350962
7 0.66226 0.326923 0.0649038 0.0769231
9 0.0384615 0.402644 0.0769231 0.137019
9 0.759615 0.413462 0.125 0.134615
9 0.670673 0.415865 0.0817308 0.125
7 0.75 0.31851 0.0625 0.0841346
7 0.546875 0.280048 0.0745192 0.09375
11 0.552885 0.561298 0.153846 0.459135
11 0.239183 0.598558 0.146635 0.552885
11 0.942308 0.545673 0.115385 0.360577
11 0.0384615 0.5 0.0769231 0.336538
11 0.367788 0.549279 0.129808 0.463942
2 0.932692 0.335337 0.0576923 0.03125
