4 0.811298 0.491587 0.0360577 0.0360577
4 0.729567 0.455529 0.0408654 0.0360577
4 0.539663 0.383413 0.0456731 0.0600962
4 0.262019 0.254808 0.0721154 0.0961538
3 0.146635 0.485577 0.105769 0.0721154
3 0.449519 0.514423 0.0673077 0.0384615
0 0.725962 0.832933 0.0769231 0.0552885
0 0.649038 0.814904 0.0625 0.0480769
6 0.141827 0.465144 0.177885 0.194712
6 0.447115 0.510817 0.0865385 0.0985577
9 0.265625 0.710337 0.367788 0.228365
9 0.507212 0.612981 0.192308 0.115385
9 0.592548 0.52524 0.132212 0.112981
9 0.704327 0.53726 0.0865385 0.0600962
11 0.252404 0.664663 0.389423 0.334135
11 0.566106 0.68149 0.314904 0.28125
11 0.65625 0.594952 0.235577 0.233173
11 0.74399 0.592548 0.127404 0.194712
