6 0.158654 0.332933 0.110577 0.122596
6 0.24399 0.320913 0.0889423 0.122596
6 0.58774 0.246394 0.117788 0.141827
6 0.588942 0.09375 0.125 0.129808
7 0.663462 0.30649 0.0625 0.0841346
3 0.661058 0.3125 0.0480769 0.0432692
5 0.268029 0.53726 0.0600962 0.0456731
5 0.429087 0.521635 0.0504808 0.0480769
0 0.423077 0.805288 0.0673077 0.0673077
0 0.492788 0.790865 0.0336538 0.0576923
9 0.573317 0.459135 0.185096 0.235577
9 0.408654 0.480769 0.144231 0.1875
9 0.161058 0.508413 0.110577 0.204327
9 0.25601 0.480769 0.0889423 0.225962
11 0.566106 0.626202 0.165865 0.560096
11 0.41226 0.582933 0.137019 0.372596
11 0.15024 0.617788 0.09375 0.427885
11 0.247596 0.598558 0.0673077 0.408654
