7 0.495192 0.331731 0.0817308 0.0817308
7 0.55649 0.354567 0.0360577 0.0456731
7 0.753606 0.340144 0.0600962 0.0793269
7 0.84976 0.36899 0.0456731 0.0649038
7 0.889423 0.352163 0.0288462 0.0552885
7 0.448317 0.356971 0.03125 0.0600962
7 0.353365 0.335337 0.0625 0.0793269
7 0.117788 0.307692 0.0721154 0.0865385
3 0.747596 0.332933 0.0673077 0.0456731
3 0.365385 0.329327 0.0480769 0.0384615
3 0.125 0.310096 0.0625 0.0384615
3 0.501202 0.332933 0.0552885 0.0360577
3 0.884615 0.358173 0.0240385 0.0336538
3 0.557692 0.353365 0.0240385 0.0240385
5 0.694712 0.574519 0.0384615 0.0384615
5 0.824519 0.581731 0.0384615 0.0432692
0 0.362981 0.810096 0.0673077 0.0432692
0 0.324519 0.872596 0.0961538 0.0528846
0 0.492788 0.777644 0.0480769 0.0456731
0 0.520433 0.774038 0.0408654 0.0480769
0 0.717548 0.776442 0.0745192 0.0432692
0 0.77524 0.8125 0.0504808 0.0528846
0 0.771635 0.950721 0.0625 0.0552885
0 0.71875 0.97476 0.0865385 0.0408654
0 0.502404 0.973558 0.0817308 0.0528846
0 0.356971 0.929087 0.0697115 0.0456731
0 0.120192 0.792067 0.0625 0.0504808
0 0.171875 0.745192 0.0793269 0.0432692
0 0.116587 0.963942 0.0745192 0.0625
0 0.56851 0.625 0.03125 0.0384615
0 0.424279 0.627404 0.0360577 0.0432692
9 0.100962 0.436298 0.163462 0.189904
9 0.324519 0.509615 0.144231 0.288462
9 0.52524 0.471154 0.117788 0.216346
9 0.766827 0.480769 0.149038 0.221154
9 0.895433 0.4375 0.0552885 0.115385
11 0.514423 0.566106 0.100962 0.372596
11 0.766827 0.564904 0.129808 0.375
11 0.111779 0.53726 0.146635 0.372596
