3 0.229567 0.306024 0.0697115 0.0240964
3 0.360577 0.342169 0.0721154 0.0240964
3 0.508413 0.373494 0.0600962 0.0240964
3 0.56851 0.296386 0.0697115 0.0289157
3 0.661058 0.368675 0.0576923 0.0337349
3 0.816106 0.307229 0.0649038 0.0313253
5 0.875 0.683133 0.0817308 0.0650602
6 0.227163 0.308434 0.0745192 0.13012
6 0.358173 0.342169 0.0769231 0.115663
6 0.503606 0.366265 0.0841346 0.120482
6 0.570913 0.284337 0.0697115 0.110843
6 0.670673 0.361446 0.0769231 0.115663
6 0.820913 0.298795 0.09375 0.110843
8 0.215144 0.49759 0.165865 0.228916
8 0.341346 0.537349 0.168269 0.250602
8 0.832933 0.5 0.175481 0.26747
9 0.502404 0.544578 0.163462 0.221687
9 0.659856 0.560241 0.141827 0.228916
9 0.584135 0.407229 0.0913462 0.125301
11 0.207933 0.553012 0.15625 0.349398
11 0.328125 0.555422 0.15625 0.310843
11 0.504808 0.562651 0.173077 0.296386
11 0.658654 0.568675 0.125 0.26988
11 0.83774 0.604819 0.185096 0.481928
