6 0.471154 0.368675 0.0817308 0.086747
6 0.609375 0.438554 0.0649038 0.0771084
6 0.542067 0.356627 0.0408654 0.0481928
6 0.240385 0.314458 0.0288462 0.0361446
6 0.251202 0.380723 0.0264423 0.0433735
6 0.298077 0.325301 0.0240385 0.0385542
0 0.727163 0.625301 0.0552885 0.0313253
5 0.475962 0.493976 0.0288462 0.0385542
5 0.388221 0.522892 0.0264423 0.0433735
9 0.695913 0.443374 0.09375 0.0771084
9 0.415865 0.421687 0.0913462 0.0915663
10 0.723558 0.495181 0.153846 0.195181
10 0.407452 0.468675 0.141827 0.190361
