2 0.735577 0.469952 0.0528846 0.0360577
3 0.44351 0.496394 0.09375 0.0360577
9 0.802885 0.649038 0.216346 0.240385
5 0.706731 0.699519 0.0817308 0.0480769
3 0.265625 0.46274 0.09375 0.0360577
9 0.473558 0.68149 0.192308 0.247596
9 0.237981 0.671875 0.211538 0.295673
11 0.467548 0.734375 0.199519 0.358173
7 0.763221 0.465144 0.117788 0.132212
7 0.265625 0.457933 0.0985577 0.117788
7 0.444712 0.496394 0.0961538 0.108173
11 0.802885 0.711538 0.216346 0.365385
11 0.239183 0.717548 0.223558 0.387019
