3 0.15024 0.46506 0.122596 0.0674699
3 0.27524 0.510843 0.132212 0.0771084
3 0.272837 0.345783 0.127404 0.0698795
3 0.478365 0.420482 0.158654 0.0843373
3 0.688702 0.39759 0.108173 0.0722892
3 0.811298 0.455422 0.132212 0.0722892
3 0.908654 0.381928 0.120192 0.0554217
3 0.598558 0.350602 0.0721154 0.0939759
5 0.330529 0.683133 0.141827 0.13253
6 0.0625 0.374699 0.125 0.368675
6 0.157452 0.443374 0.137019 0.279518
6 0.475962 0.420482 0.201923 0.320482
6 0.907452 0.360241 0.185096 0.325301
6 0.259615 0.30241 0.201923 0.156627
6 0.269231 0.485542 0.163462 0.248193
6 0.816106 0.43494 0.170673 0.277108
9 0.480769 0.725301 0.399038 0.375904
9 0.146635 0.763855 0.245192 0.361446
9 0.901442 0.754217 0.197115 0.477108
