0 0.234375 0.802885 0.0697115 0.0384615
0 0.288462 0.713942 0.0480769 0.0432692
0 0.259615 0.747596 0.0817308 0.0432692
0 0.425481 0.620192 0.0288462 0.0336538
0 0.377404 0.655048 0.0528846 0.0408654
0 0.334135 0.695913 0.0480769 0.0600962
0 0.454327 0.670673 0.0240385 0.0673077
0 0.503606 0.659856 0.0600962 0.0456731
0 0.584135 0.69351 0.0288462 0.0408654
0 0.634615 0.716346 0.0480769 0.0625
5 0.09375 0.729567 0.129808 0.194712
5 0.757212 0.534856 0.0625 0.0264423
5 0.740385 0.55649 0.0528846 0.03125
6 0.757212 0.326923 0.0336538 0.0480769
6 0.711538 0.325721 0.0336538 0.0552885
6 0.676683 0.329327 0.03125 0.0528846
7 0.117788 0.360577 0.105769 0.0961538
7 0.235577 0.340144 0.0769231 0.0985577
7 0.280048 0.284856 0.0360577 0.0504808
7 0.338942 0.324519 0.0625 0.0769231
7 0.401442 0.330529 0.0432692 0.0697115
7 0.43149 0.300481 0.0264423 0.0432692
7 0.478365 0.340144 0.0576923 0.0793269
7 0.606971 0.375 0.0504808 0.0817308
7 0.646635 0.341346 0.0336538 0.0576923
7 0.813702 0.348558 0.0360577 0.0528846
7 0.90024 0.34375 0.0408654 0.0576923
7 0.865385 0.436298 0.0913462 0.0841346
2 0.15024 0.356971 0.0408654 0.0360577
2 0.253606 0.340144 0.0408654 0.0264423
2 0.341346 0.324519 0.0528846 0.0240385
2 0.614183 0.38101 0.03125 0.0264423
2 0.402644 0.331731 0.0360577 0.0240385
2 0.484375 0.348558 0.0456731 0.0240385
9 0.861779 0.584135 0.112981 0.173077
9 0.801683 0.419471 0.0360577 0.0841346
5 0.745192 0.415865 0.0240385 0.0288462
9 0.752404 0.394231 0.0336538 0.0865385
9 0.608173 0.491587 0.0865385 0.137019
9 0.477163 0.453125 0.0841346 0.127404
9 0.40625 0.435096 0.0480769 0.120192
9 0.341346 0.447115 0.100962 0.144231
9 0.236779 0.473558 0.108173 0.149038
9 0.145433 0.510817 0.15625 0.15625
11 0.846154 0.63101 0.139423 0.266827
11 0.745192 0.429087 0.0528846 0.161058
11 0.609375 0.550481 0.0889423 0.269231
11 0.479567 0.507212 0.0841346 0.245192
11 0.409856 0.496394 0.0408654 0.242788
11 0.340144 0.507212 0.0985577 0.269231
11 0.237981 0.546875 0.110577 0.300481
