2 0.0360577 0.479518 0.0480769 0.0240964
5 0.046875 0.555422 0.0264423 0.0313253
5 0.0252404 0.557831 0.0264423 0.0313253
5 0.298077 0.578313 0.0240385 0.0240964
5 0.637019 0.578313 0.0288462 0.0385542
5 0.278846 0.542169 0.0240385 0.0337349
3 0.201923 0.433735 0.0288462 0.0240964
3 0.405048 0.448193 0.0360577 0.0240964
3 0.530048 0.443374 0.0360577 0.0240964
3 0.610577 0.433735 0.0336538 0.0240964
7 0.692308 0.43494 0.0913462 0.0891566
7 0.627404 0.43253 0.0576923 0.0698795
7 0.539663 0.43494 0.0504808 0.0650602
7 0.455529 0.444578 0.0408654 0.0457831
7 0.396635 0.449398 0.0625 0.0650602
7 0.330529 0.436145 0.0456731 0.0578313
7 0.228365 0.431325 0.0432692 0.0674699
7 0.0348558 0.463855 0.0552885 0.0554217
9 0.176683 0.544578 0.112981 0.149398
9 0.0492788 0.538554 0.0985577 0.103614
9 0.389423 0.550602 0.105769 0.127711
9 0.459135 0.520482 0.0673077 0.0963855
9 0.542067 0.53494 0.0889423 0.125301
9 0.703125 0.578313 0.112981 0.187952
