6 0.588942 0.622892 0.0240385 0.0361446
6 0.611779 0.626506 0.03125 0.0289157
6 0.697115 0.618072 0.0336538 0.0361446
6 0.75 0.622892 0.0288462 0.0457831
6 0.777644 0.619277 0.03125 0.0481928
6 0.841346 0.615663 0.0288462 0.0361446
6 0.901442 0.618072 0.0240385 0.026506
6 0.927885 0.616867 0.0240385 0.0240964
9 0.612981 0.669879 0.0528846 0.0771084
9 0.695913 0.671084 0.0552885 0.0746988
9 0.786058 0.672289 0.0432692 0.0626506
0 0.620192 0.791566 0.0240385 0.0313253
0 0.705529 0.793976 0.0264423 0.026506
0 0.777644 0.818072 0.0360577 0.0313253
0 0.810096 0.825301 0.0240385 0.0313253
0 0.853365 0.781928 0.0240385 0.0313253
0 0.706731 0.891566 0.0240385 0.0337349
0 0.778846 0.86747 0.0384615 0.0385542
0 0.810096 0.860241 0.0240385 0.0337349
11 0.610577 0.693976 0.0480769 0.120482
11 0.694712 0.69759 0.0576923 0.127711
11 0.786058 0.707229 0.0480769 0.118072
