0 0.581731 0.669879 0.0432692 0.0337349
3 0.313702 0.284337 0.0456731 0.0192771
0 0.299279 0.671084 0.0552885 0.0506024
8 0.294471 0.383133 0.141827 0.154217
0 0.935096 0.689157 0.115385 0.0578313
3 0.796875 0.228916 0.0360577 0.0192771
0 0.501202 0.645783 0.03125 0.0240964
5 0.436298 0.538554 0.0168269 0.026506
5 0.365385 0.485542 0.0240385 0.0361446
8 0.554087 0.450602 0.0985577 0.110843
5 0.522837 0.514458 0.0264423 0.0361446
6 0.557692 0.36747 0.0480769 0.060241
0 0.730769 0.690361 0.0528846 0.0457831
8 0.768029 0.356627 0.117788 0.168675
5 0.219952 0.451807 0.0360577 0.0457831
11 0.769231 0.471084 0.125 0.39759
6 0.467548 0.426506 0.0408654 0.0481928
6 0.313702 0.273494 0.0697115 0.0891566
5 0.754808 0.408434 0.0432692 0.0457831
11 0.295673 0.478313 0.139423 0.344578
11 0.46274 0.544578 0.0745192 0.192771
6 0.796875 0.220482 0.0793269 0.103614
5 0.621394 0.509639 0.0264423 0.0361446
8 0.460337 0.492771 0.0697115 0.0891566
11 0.55649 0.513253 0.0985577 0.240964
0 0.447115 0.650602 0.0288462 0.0240964
0 0.548077 0.661446 0.0288462 0.0216867
