0 0.466265 0.960337 0.0650602 0.0360577
0 0.373494 0.959135 0.0433735 0.0288462
0 0.596386 0.965144 0.0650602 0.0408654
0 0.695181 0.930288 0.0313253 0.0673077
3 0.445783 0.486779 0.0481928 0.03125
3 0.615663 0.651442 0.0409639 0.0288462
5 0.4 0.620192 0.0385542 0.0528846
5 0.466265 0.649038 0.0409639 0.0336538
5 0.53253 0.699519 0.0385542 0.0625
5 0.518072 0.751202 0.0481928 0.0456731
6 0.439759 0.480769 0.0843373 0.100962
6 0.640964 0.652644 0.101205 0.112981
8 0.409639 0.610577 0.149398 0.197115
8 0.651807 0.778846 0.142169 0.177885
