4 0.252404 0.587952 0.0528846 0.0578313
3 0.487981 0.444578 0.0528846 0.0216867
2 0.643029 0.30241 0.0649038 0.0361446
4 0.33774 0.692771 0.0504808 0.0457831
3 0.30649 0.336145 0.0552885 0.0409639
4 0.534856 0.683133 0.0456731 0.0650602
0 0.253606 0.761446 0.09375 0.0481928
11 0.679087 0.642169 0.146635 0.662651
4 0.164663 0.586747 0.0552885 0.0650602
11 0.21875 0.543373 0.221154 0.344578
9 0.471154 0.583133 0.177885 0.178313
9 0.677885 0.43253 0.144231 0.228916
6 0.496394 0.446988 0.0841346 0.0987952
6 0.307692 0.336145 0.100962 0.118072
9 0.221154 0.454217 0.221154 0.161446
6 0.643029 0.283133 0.103365 0.122892
0 0.169471 0.766265 0.0504808 0.0578313
4 0.569712 0.442169 0.0576923 0.0409639
