6 0.540865 0.15024 0.0625 0.0793269
6 0.647837 0.44351 0.0600962 0.0649038
6 0.36899 0.626202 0.0745192 0.0841346
6 0.546875 0.542067 0.0600962 0.0745192
6 0.411058 0.179087 0.0625 0.0745192
0 0.471154 0.533654 0.0432692 0.0625
8 0.411058 0.753606 0.105769 0.180288
9 0.504808 0.265625 0.0913462 0.15625
9 0.393029 0.286058 0.112981 0.168269
9 0.647837 0.530048 0.09375 0.112981
9 0.272837 0.847356 0.117788 0.122596
9 0.0408654 0.853365 0.0817308 0.129808
9 0.444712 0.653846 0.100962 0.0961538
9 0.621394 0.605769 0.108173 0.105769
11 0.5 0.332933 0.0913462 0.290865
5 0.461538 0.352163 0.0288462 0.0456731
5 0.573317 0.325721 0.0264423 0.0408654
