0 0.269231 0.603614 0.0432692 0.0313253
0 0.197115 0.614458 0.0432692 0.0385542
0 0.355769 0.625301 0.0336538 0.0361446
0 0.389423 0.609639 0.0288462 0.0289157
0 0.50601 0.677108 0.0649038 0.0337349
0 0.551683 0.712048 0.03125 0.0650602
0 0.665865 0.698795 0.0384615 0.0433735
2 0.686298 0.351807 0.03125 0.0337349
5 0.701923 0.645783 0.0528846 0.0626506
5 0.469952 0.483133 0.0360577 0.0506024
6 0.21875 0.368675 0.0528846 0.0722892
6 0.336538 0.360241 0.0576923 0.0650602
6 0.522837 0.360241 0.0697115 0.0939759
6 0.65024 0.342169 0.0649038 0.086747
6 0.727163 0.339759 0.108173 0.115663
9 0.223558 0.43494 0.0913462 0.0843373
9 0.346154 0.424096 0.100962 0.0915663
9 0.539663 0.454217 0.122596 0.122892
9 0.659856 0.450602 0.0649038 0.139759
9 0.734375 0.520482 0.112981 0.231325
11 0.228365 0.486747 0.105769 0.192771
11 0.360577 0.490361 0.125 0.209639
11 0.533654 0.518072 0.100962 0.26988
11 0.731971 0.610843 0.127404 0.392771
