6 0.409856 0.324096 0.103365 0.142169
6 0.591346 0.33253 0.0817308 0.0819277
7 0.802885 0.338554 0.0913462 0.113253
7 0.536058 0.372289 0.0769231 0.0939759
7 0.11899 0.486747 0.122596 0.125301
0 0.591346 0.681928 0.0721154 0.0722892
0 0.768029 0.640964 0.09375 0.0433735
0 0.71875 0.703614 0.0528846 0.0915663
0 0.418269 0.604819 0.0721154 0.0626506
9 0.140625 0.690361 0.194712 0.243373
9 0.628606 0.481928 0.165865 0.212048
9 0.873798 0.449398 0.117788 0.180723
4 0.473558 0.512048 0.0528846 0.0409639
4 0.49399 0.555422 0.03125 0.0409639
