6 0.0132212 0.34976 0.0264423 0.0600962
6 0.58774 0.355769 0.0649038 0.0528846
6 0.959135 0.342548 0.0576923 0.0600962
6 0.920673 0.346154 0.0288462 0.0432692
4 0.0324519 0.441106 0.0360577 0.0360577
4 0.983173 0.486779 0.0336538 0.0600962
9 0.560096 0.447115 0.100962 0.139423
9 0.930288 0.447115 0.0913462 0.139423
0 0.53726 0.69351 0.0552885 0.117788
0 0.580529 0.686298 0.0360577 0.103365
0 0.858173 0.680288 0.0769231 0.115385
11 0.550481 0.504808 0.105769 0.245192
11 0.921875 0.503606 0.108173 0.237981
