3 0.513221 0.471154 0.0360577 0.0192308
7 0.960337 0.550481 0.0793269 0.173077
7 0.175481 0.689904 0.177885 0.168269
9 0.53125 0.536058 0.105769 0.0769231
3 0.763221 0.478365 0.0649038 0.0384615
7 0.246394 0.492788 0.0649038 0.0817308
7 0.0216346 0.550481 0.0432692 0.115385
7 0.509615 0.46875 0.0625 0.0769231
7 0.110577 0.53726 0.139423 0.122596
7 0.764423 0.47476 0.0673077 0.0889423
3 0.957933 0.56851 0.0697115 0.03125
3 0.0192308 0.544471 0.0384615 0.0264423
3 0.15625 0.545673 0.0480769 0.0288462
3 0.262019 0.483173 0.0432692 0.0144231
3 0.307692 0.472356 0.0432692 0.0120192
3 0.793269 0.510817 0.0432692 0.0168269
2 0.889423 0.528846 0.0384615 0.0384615
7 0.310096 0.477163 0.0673077 0.0649038
7 0.814904 0.5 0.0769231 0.0721154
7 0.895433 0.524038 0.0600962 0.0961538
5 0.871394 0.570913 0.0552885 0.0745192
5 0.784856 0.550481 0.03125 0.0432692
5 0.698317 0.563702 0.03125 0.0360577
5 0.550481 0.561298 0.0432692 0.0168269
5 0.324519 0.513221 0.0336538 0.0360577
