9 0.782452 0.668675 0.310096 0.291566
9 0.257212 0.662651 0.173077 0.346988
4 0.417067 0.806024 0.15625 0.060241
3 0.247596 0.433735 0.120192 0.0385542
3 0.487981 0.486747 0.110577 0.0385542
3 0.596154 0.424096 0.0865385 0.0337349
3 0.723558 0.409639 0.0961538 0.0481928
3 0.116587 0.479518 0.103365 0.0578313
9 0.473558 0.713253 0.331731 0.284337
6 0.247596 0.398795 0.168269 0.219277
8 0.0913462 0.719277 0.182692 0.262651
6 0.473558 0.456627 0.153846 0.228916
6 0.72476 0.393976 0.15625 0.233735
6 0.0985577 0.466265 0.168269 0.248193
6 0.591346 0.39759 0.129808 0.212048
