7 0.260817 0.336145 0.0697115 0.0939759
7 0.373798 0.351807 0.0504808 0.0674699
7 0.457933 0.320482 0.0745192 0.110843
7 0.625 0.336145 0.0625 0.0987952
0 0.231971 0.76747 0.0408654 0.0506024
0 0.290865 0.742169 0.0625 0.0385542
0 0.441106 0.824096 0.0456731 0.0578313
0 0.66226 0.762651 0.0408654 0.0457831
0 0.575721 0.749398 0.0456731 0.0481928
1 0.360577 0.687952 0.0384615 0.0457831
6 0.862981 0.321687 0.153846 0.180723
3 0.459135 0.322892 0.0576923 0.0385542
3 0.622596 0.336145 0.0480769 0.0361446
3 0.836538 0.350602 0.0721154 0.0457831
3 0.274038 0.342169 0.0432692 0.0337349
3 0.376202 0.348193 0.0360577 0.026506
5 0.192308 0.568675 0.0384615 0.0578313
5 0.305288 0.545783 0.0240385 0.0361446
5 0.365385 0.578313 0.0336538 0.053012
5 0.510817 0.56988 0.0264423 0.0554217
5 0.93149 0.789157 0.0745192 0.108434
5 0.933894 0.945783 0.0745192 0.0939759
9 0.235577 0.439759 0.0961538 0.122892
9 0.44351 0.445783 0.108173 0.139759
9 0.623798 0.443374 0.0985577 0.101205
9 0.909856 0.580723 0.180288 0.322892
11 0.241587 0.543373 0.108173 0.339759
11 0.432692 0.56747 0.100962 0.392771
11 0.620192 0.555422 0.110577 0.354217
