0 0.393029 0.699519 0.03125 0.0432692
0 0.449519 0.691106 0.0528846 0.0456731
0 0.489183 0.635817 0.0264423 0.0456731
0 0.53125 0.629808 0.0384615 0.0384615
0 0.879808 0.615385 0.0384615 0.0240385
0 0.252404 0.733173 0.0528846 0.0528846
0 0.307692 0.705529 0.0673077 0.0408654
1 0.692308 0.792067 0.0721154 0.0456731
1 0.668269 0.753606 0.0673077 0.0360577
1 0.569712 0.566106 0.0288462 0.0264423
1 0.603365 0.567308 0.0240385 0.0240385
2 0.424279 0.336538 0.0456731 0.0288462
3 0.228365 0.382212 0.0480769 0.0288462
3 0.6875 0.361779 0.0384615 0.0264423
3 0.513221 0.350962 0.0408654 0.0240385
3 0.873798 0.348558 0.03125 0.0240385
5 0.188702 0.554087 0.0408654 0.0408654
5 0.299279 0.564904 0.03125 0.0288462
5 0.365385 0.354567 0.0384615 0.0456731
5 0.52524 0.483173 0.0360577 0.0336538
5 0.664663 0.548077 0.0408654 0.0288462
5 0.653846 0.570913 0.0288462 0.03125
5 0.603365 0.466346 0.0240385 0.0336538
5 0.588942 0.467548 0.0240385 0.0360577
5 0.972356 0.647837 0.0552885 0.0697115
7 0.11899 0.377404 0.0408654 0.0528846
7 0.229567 0.383413 0.0649038 0.0745192
7 0.423077 0.338942 0.0576923 0.0673077
7 0.513221 0.353365 0.0408654 0.0576923
7 0.600962 0.371394 0.0336538 0.0408654
7 0.658654 0.379808 0.0384615 0.0432692
7 0.697115 0.360577 0.0673077 0.0769231
7 0.753606 0.375 0.0360577 0.0432692
7 0.877404 0.34976 0.0384615 0.0504808
7 0.822115 0.365385 0.0336538 0.0336538
7 0.938702 0.364183 0.03125 0.0360577
9 0.225962 0.491587 0.144231 0.15625
9 0.123798 0.429087 0.0745192 0.0552885
9 0.411058 0.439904 0.125 0.149038
9 0.514423 0.436298 0.0817308 0.108173
9 0.594952 0.433894 0.0456731 0.0841346
9 0.707933 0.480769 0.103365 0.149038
9 0.884615 0.419471 0.0625 0.0889423
9 0.939904 0.413462 0.0576923 0.0673077
11 0.237981 0.546875 0.153846 0.257212
11 0.125 0.47476 0.0673077 0.151442
11 0.415865 0.519231 0.110577 0.288462
11 0.513221 0.497596 0.0793269 0.206731
11 0.698317 0.570913 0.0841346 0.334135
11 0.88101 0.478365 0.0600962 0.211538
0 0.850962 0.600962 0.0384615 0.0240385
