7 0.189904 0.480769 0.0528846 0.0721154
7 0.72476 0.503606 0.03125 0.0649038
7 0.763221 0.495192 0.0456731 0.0817308
7 0.844952 0.487981 0.132212 0.125
7 0.52524 0.478365 0.0697115 0.0673077
5 0.216346 0.438702 0.0432692 0.0600962
7 0.40625 0.461538 0.0528846 0.0576923
5 0.354567 0.480769 0.0600962 0.0432692
0 0.362981 0.840144 0.0432692 0.0504808
0 0.293269 0.854567 0.0528846 0.0408654
0 0.204327 0.84375 0.0480769 0.0528846
0 0.133413 0.856971 0.0456731 0.0408654
0 0.4375 0.819712 0.0432692 0.0288462
3 0.8125 0.486779 0.0528846 0.0408654
3 0.760817 0.487981 0.03125 0.0336538
3 0.513221 0.473558 0.0360577 0.0336538
3 0.1875 0.47476 0.0384615 0.0264423
9 0.177885 0.580529 0.105769 0.112981
9 0.364183 0.576923 0.0889423 0.153846
9 0.524038 0.59976 0.0913462 0.180288
9 0.867788 0.721154 0.201923 0.298077
9 0.75 0.645433 0.0625 0.180288
11 0.1875 0.667067 0.129808 0.290865
11 0.360577 0.641827 0.134615 0.307692
11 0.533654 0.685096 0.129808 0.360577
