0 0.519231 0.794471 0.134615 0.0745192
0 0.563702 0.549279 0.0408654 0.0408654
0 0.313702 0.486779 0.0600962 0.0360577
0 0.170673 0.448317 0.0721154 0.0456731
0 0.703125 0.373798 0.0360577 0.0504808
0 0.430288 0.33774 0.0480769 0.0360577
4 0.384615 0.44351 0.0432692 0.0504808
4 0.669471 0.715144 0.0745192 0.0697115
4 0.253606 0.438702 0.0408654 0.0408654
6 0.520433 0.41226 0.122596 0.127404
6 0.604567 0.236779 0.0600962 0.0745192
6 0.302885 0.286058 0.0817308 0.0817308
9 0.407452 0.59375 0.151442 0.278846
