5 0.585337 0.693976 0.0264423 0.0481928
0 0.459135 0.779518 0.0288462 0.0313253
7 0.609375 0.512048 0.0408654 0.0457831
3 0.295673 0.480723 0.0240385 0.026506
2 0.532452 0.46506 0.0456731 0.0192771
3 0.396635 0.508434 0.0336538 0.0144578
5 0.793269 0.768675 0.0384615 0.053012
5 0.973558 0.640964 0.0192308 0.0337349
5 0.183894 0.73494 0.0360577 0.053012
5 0.621394 0.690361 0.0360577 0.0409639
7 0.395433 0.508434 0.0360577 0.053012
0 0.423077 0.795181 0.0384615 0.0337349
0 0.375 0.79759 0.0480769 0.0289157
0 0.950721 0.779518 0.0552885 0.0313253
5 0.649038 0.659036 0.0480769 0.0361446
11 0.813702 0.703614 0.112981 0.303614
11 0.698317 0.689157 0.112981 0.308434
9 0.52524 0.595181 0.122596 0.163855
7 0.91226 0.513253 0.0456731 0.053012
11 0.396635 0.649398 0.0913462 0.233735
7 0.264423 0.477108 0.0913462 0.0963855
7 0.691106 0.501205 0.0745192 0.0819277
9 0.248798 0.63253 0.137019 0.209639
7 0.800481 0.504819 0.0913462 0.0891566
11 0.524038 0.690361 0.115385 0.354217
11 0.248798 0.728916 0.132212 0.40241
11 0.919471 0.645783 0.0889423 0.216867
7 0.52524 0.468675 0.0600962 0.0795181
9 0.918269 0.585542 0.0913462 0.0915663
9 0.694712 0.610843 0.110577 0.146988
9 0.396635 0.587952 0.0913462 0.106024
9 0.813702 0.646988 0.108173 0.185542
2 0.682692 0.496386 0.0528846 0.0192771
