6 0.0396635 0.406024 0.0793269 0.118072
6 0.198317 0.406024 0.0649038 0.103614
6 0.409856 0.403614 0.0600962 0.0795181
6 0.588942 0.4 0.0721154 0.0915663
6 0.514423 0.43253 0.0480769 0.0650602
6 0.471154 0.426506 0.0336538 0.0626506
6 0.967548 0.449398 0.0456731 0.0506024
6 0.783654 0.443374 0.0384615 0.0481928
6 0.735577 0.427711 0.0576923 0.0746988
6 0.679087 0.440964 0.0360577 0.0481928
5 0.350962 0.587952 0.0336538 0.0385542
5 0.451923 0.586747 0.0240385 0.0457831
5 0.671875 0.637349 0.0504808 0.0554217
5 0.774038 0.637349 0.0336538 0.0409639
5 0.894231 0.642169 0.0288462 0.0361446
5 0.9375 0.551807 0.0240385 0.0289157
5 0.46274 0.468675 0.0264423 0.026506
9 0.179087 0.509639 0.09375 0.127711
9 0.0360577 0.53494 0.0721154 0.120482
9 0.397837 0.493976 0.0793269 0.101205
9 0.972356 0.515663 0.0552885 0.0771084
9 0.832933 0.527711 0.0985577 0.120482
9 0.719952 0.510843 0.0793269 0.0963855
9 0.573317 0.525301 0.103365 0.139759
9 0.49399 0.513253 0.0504808 0.086747
0 0.206731 0.787952 0.0673077 0.0337349
0 0.15024 0.819277 0.0408654 0.0289157
0 0.423077 0.739759 0.0528846 0.0433735
0 0.362981 0.759036 0.0288462 0.0337349
0 0.503606 0.708434 0.0408654 0.0337349
0 0.457933 0.719277 0.0264423 0.0313253
0 0.987981 0.674699 0.0240385 0.0289157
0 0.963942 0.66747 0.0240385 0.0289157
11 0.0384615 0.649398 0.0721154 0.359036
11 0.177885 0.604819 0.0961538 0.327711
11 0.397837 0.579518 0.0889423 0.291566
11 0.575721 0.637349 0.108173 0.363855
11 0.719952 0.585542 0.0793269 0.250602
11 0.834135 0.587952 0.100962 0.250602
