4 0.28125 0.804819 0.0336538 0.0433735
4 0.355769 0.863855 0.0336538 0.0361446
4 0.257212 0.312048 0.0240385 0.026506
4 0.254808 0.337349 0.0288462 0.0240964
5 0.548077 0.66506 0.0288462 0.0289157
5 0.515625 0.679518 0.03125 0.0433735
5 0.745192 0.696386 0.0384615 0.0337349
5 0.858173 0.768675 0.0432692 0.0337349
6 0.444712 0.636145 0.0721154 0.086747
6 0.520433 0.574699 0.0408654 0.0554217
6 0.323317 0.659036 0.0504808 0.0554217
6 0.338942 0.471084 0.0576923 0.0457831
6 0.268029 0.249398 0.0456731 0.0506024
6 0.777644 0.604819 0.0600962 0.0626506
6 0.830529 0.593976 0.0600962 0.0746988
6 0.902644 0.626506 0.03125 0.0433735
9 0.438702 0.757831 0.117788 0.146988
9 0.325721 0.733735 0.0697115 0.0939759
9 0.33774 0.543373 0.0504808 0.0987952
9 0.841346 0.695181 0.0721154 0.127711
9 0.90625 0.675904 0.0576923 0.0698795
9 0.78125 0.684337 0.0480769 0.0963855
9 0.509615 0.620482 0.0576923 0.0554217
11 0.848558 0.780723 0.0961538 0.289157
11 0.786058 0.783133 0.0576923 0.274699
