6 0.183894 0.445783 0.0360577 0.0481928
6 0.393029 0.436145 0.0408654 0.0481928
6 0.509615 0.40241 0.0384615 0.0385542
6 0.484375 0.53253 0.0360577 0.0481928
6 0.71875 0.495181 0.0432692 0.0457831
6 0.840144 0.471084 0.0456731 0.0506024
6 0.748798 0.368675 0.0360577 0.0289157
4 0.735577 0.636145 0.0240385 0.0385542
4 0.40625 0.525301 0.0240385 0.0289157
4 0.362981 0.507229 0.0240385 0.026506
0 0.216346 0.609639 0.0384615 0.0240964
0 0.283654 0.612048 0.0288462 0.0240964
0 0.449519 0.785542 0.0432692 0.0240964
0 0.0673077 0.70241 0.0336538 0.0313253
6 0.112981 0.525301 0.0480769 0.0481928
9 0.0889423 0.573494 0.0384615 0.0722892
9 0.217548 0.493976 0.0600962 0.0674699
9 0.461538 0.614458 0.0528846 0.0915663
9 0.69351 0.572289 0.0456731 0.0698795
9 0.865385 0.542169 0.0432692 0.0722892
9 0.759615 0.413253 0.0432692 0.0506024
4 0.507212 0.668675 0.0240385 0.026506
9 0.520433 0.442169 0.0456731 0.0506024
11 0.0865385 0.609639 0.0625 0.149398
11 0.228365 0.521687 0.0865385 0.127711
11 0.469952 0.655422 0.0745192 0.168675
11 0.701923 0.618072 0.0673077 0.175904
11 0.859375 0.6 0.0552885 0.192771
11 0.759615 0.43253 0.0528846 0.0987952
11 0.519231 0.471084 0.0480769 0.0987952
9 0.414663 0.490361 0.0504808 0.0506024
11 0.415865 0.539759 0.0576923 0.159036
