6 0.0853365 0.438554 0.0793269 0.0819277
6 0.199519 0.428916 0.100962 0.125301
6 0.286058 0.416867 0.0769231 0.110843
6 0.469952 0.384337 0.0745192 0.118072
6 0.670673 0.416867 0.0769231 0.115663
6 0.852163 0.416867 0.0889423 0.110843
3 0.659856 0.414458 0.0456731 0.0433735
3 0.832933 0.418072 0.0504808 0.0313253
3 0.28125 0.414458 0.0625 0.0385542
2 0.466346 0.378313 0.0576923 0.0337349
5 0.543269 0.445783 0.0480769 0.0433735
9 0.0528846 0.579518 0.0961538 0.243373
9 0.206731 0.604819 0.158654 0.226506
9 0.295673 0.577108 0.100962 0.209639
9 0.454327 0.560241 0.149038 0.243373
9 0.658654 0.581928 0.139423 0.243373
9 0.847356 0.592771 0.108173 0.216867
11 0.205529 0.716867 0.161058 0.460241
11 0.0528846 0.678313 0.100962 0.436145
11 0.450721 0.684337 0.146635 0.501205
11 0.669471 0.689157 0.161058 0.462651
11 0.861779 0.7 0.165865 0.440964
3 0.21875 0.431325 0.0673077 0.0385542
