0 0.182692 0.695913 0.0528846 0.0504808
0 0.241587 0.663462 0.0793269 0.0432692
0 0.310096 0.663462 0.0384615 0.0384615
0 0.367788 0.641827 0.0528846 0.0432692
0 0.519231 0.644231 0.0480769 0.0384615
0 0.456731 0.632212 0.0625 0.0432692
0 0.646635 0.706731 0.0721154 0.0480769
0 0.691106 0.735577 0.0985577 0.0432692
0 0.778846 0.813702 0.0673077 0.0504808
0 0.777644 0.628606 0.0408654 0.0360577
0 0.585337 0.526442 0.0360577 0.0336538
0 0.394231 0.554087 0.0336538 0.03125
3 0.665865 0.300481 0.0528846 0.0336538
3 0.484375 0.313702 0.03125 0.0264423
5 0.305288 0.501202 0.0336538 0.0264423
5 0.407452 0.384615 0.0264423 0.0336538
5 0.615385 0.393029 0.0240385 0.03125
5 0.894231 0.551683 0.0288462 0.0360577
6 0.229567 0.324519 0.0889423 0.0913462
6 0.328125 0.311298 0.0697115 0.0889423
6 0.813702 0.264423 0.112981 0.125
6 0.753606 0.335337 0.0504808 0.0600962
7 0.414663 0.317308 0.0408654 0.0432692
7 0.5 0.314904 0.0625 0.0721154
7 0.560096 0.322115 0.0384615 0.0480769
7 0.665865 0.296875 0.0673077 0.0841346
9 0.185096 0.436298 0.129808 0.15625
9 0.326923 0.413462 0.0961538 0.134615
9 0.507212 0.417067 0.115385 0.141827
9 0.679087 0.439904 0.103365 0.1875
9 0.826923 0.467548 0.115385 0.262019
11 0.186298 0.498798 0.132212 0.266827
11 0.325721 0.47476 0.0985577 0.242788
11 0.504808 0.480769 0.0961538 0.25
11 0.673077 0.498798 0.105769 0.348558
11 0.822115 0.5625 0.134615 0.456731
