0 0.342548 0.725301 0.0552885 0.0289157
0 0.418269 0.69759 0.0384615 0.0506024
0 0.486779 0.740964 0.0649038 0.0457831
0 0.574519 0.755422 0.0432692 0.0361446
0 0.59976 0.801205 0.0745192 0.0457831
0 0.71274 0.821687 0.0408654 0.0385542
0 0.97476 0.713253 0.0504808 0.0337349
2 0.366587 0.443374 0.0264423 0.0240964
3 0.538462 0.462651 0.0240385 0.0240964
5 0.395433 0.589157 0.0264423 0.0313253
5 0.548077 0.609639 0.0336538 0.0385542
5 0.658654 0.644578 0.0432692 0.0554217
5 0.730769 0.66506 0.0576923 0.0674699
5 0.939904 0.563855 0.0240385 0.0337349
5 0.961538 0.561446 0.0240385 0.0289157
6 0.372596 0.440964 0.0480769 0.0626506
6 0.798077 0.439759 0.0961538 0.103614
7 0.548077 0.461446 0.0528846 0.060241
7 0.675481 0.444578 0.0625 0.0746988
7 0.733173 0.449398 0.0432692 0.060241
7 0.883413 0.457831 0.0456731 0.0433735
7 0.930288 0.459036 0.0288462 0.0361446
9 0.366587 0.522892 0.0552885 0.0963855
9 0.557692 0.53494 0.0769231 0.086747
9 0.686298 0.539759 0.09375 0.120482
9 0.801683 0.56988 0.132212 0.151807
9 0.883413 0.504819 0.0552885 0.060241
11 0.372596 0.572289 0.0721154 0.204819
11 0.551683 0.6 0.0889423 0.216867
11 0.790865 0.692771 0.139423 0.373494
11 0.887019 0.553012 0.0480769 0.142169
