6 0.423077 0.542067 0.0384615 0.0552885
6 0.358173 0.560096 0.0384615 0.0384615
6 0.278846 0.544471 0.0384615 0.0456731
6 0.235577 0.536058 0.0432692 0.0432692
6 0.180288 0.561298 0.0528846 0.0456731
6 0.15024 0.530048 0.0408654 0.0408654
6 0.848558 0.586538 0.0240385 0.0288462
6 0.515625 0.55649 0.0264423 0.0264423
7 0.109375 0.544471 0.03125 0.0360577
5 0.490385 0.520433 0.0240385 0.03125
9 0.228365 0.627404 0.0528846 0.105769
9 0.165865 0.639423 0.0384615 0.0865385
9 0.135817 0.59375 0.0264423 0.0625
9 0.104567 0.604567 0.0360577 0.0649038
9 0.435096 0.603365 0.0576923 0.0721154
9 0.356971 0.616587 0.03125 0.0600962
9 0.516827 0.594952 0.0336538 0.0456731
9 0.852163 0.615385 0.03125 0.0480769
11 0.230769 0.673077 0.0625 0.206731
11 0.167067 0.689904 0.0408654 0.192308
11 0.104567 0.635817 0.0408654 0.132212
11 0.435096 0.640625 0.0625 0.146635
11 0.516827 0.614183 0.0432692 0.09375
