5 0.617788 0.883413 0.0384615 0.0552885
5 0.394231 0.859375 0.0480769 0.0600962
6 0.745192 0.418269 0.0480769 0.0913462
6 0.564904 0.551683 0.100962 0.132212
3 0.551683 0.563702 0.0456731 0.0360577
6 0.489183 0.621394 0.112981 0.132212
6 0.40625 0.503606 0.0961538 0.0841346
6 0.415865 0.439904 0.0673077 0.0576923
9 0.301683 0.604567 0.247596 0.165865
9 0.71274 0.623798 0.228365 0.122596
9 0.747596 0.50601 0.0625 0.103365
10 0.300481 0.739183 0.254808 0.449519
10 0.71875 0.766827 0.245192 0.413462
