0 0.573317 0.70241 0.0360577 0.0361446
0 0.538462 0.698795 0.0240385 0.0240964
0 0.399038 0.757831 0.0336538 0.0409639
0 0.685096 0.686747 0.0240385 0.0289157
0 0.705529 0.678313 0.0264423 0.0313253
0 0.638221 0.616867 0.03125 0.0240964
0 0.612981 0.609639 0.0240385 0.0289157
2 0.342548 0.471084 0.0552885 0.026506
3 0.945913 0.518072 0.0408654 0.0240964
3 0.895433 0.46988 0.0408654 0.0240964
5 0.504808 0.595181 0.0240385 0.0240964
5 0.949519 0.691566 0.0384615 0.0385542
5 0.856971 0.607229 0.0264423 0.0240964
6 0.33774 0.473494 0.0745192 0.0843373
6 0.534856 0.479518 0.0408654 0.0481928
6 0.564904 0.474699 0.0336538 0.0385542
6 0.626202 0.46747 0.03125 0.0337349
6 0.670673 0.468675 0.0432692 0.0409639
6 0.784856 0.472289 0.0408654 0.0481928
6 0.930288 0.512048 0.0913462 0.0795181
9 0.336538 0.598795 0.153846 0.180723
9 0.538462 0.561446 0.100962 0.115663
9 0.676683 0.536145 0.0745192 0.0891566
9 0.782452 0.538554 0.0793269 0.0891566
9 0.927885 0.622892 0.110577 0.161446
11 0.330529 0.656627 0.122596 0.286747
11 0.679087 0.571084 0.0745192 0.149398
11 0.789663 0.571084 0.0841346 0.149398
