0 0.717548 0.794471 0.0889423 0.0745192
0 0.840144 0.764423 0.0504808 0.0432692
0 0.735577 0.704327 0.0625 0.0384615
2 0.855769 0.403846 0.0480769 0.0240385
3 0.621394 0.485577 0.0456731 0.0240385
4 0.705529 0.479567 0.0408654 0.0456731
4 0.75 0.457933 0.0288462 0.0360577
4 0.817308 0.55649 0.0384615 0.0456731
5 0.604567 0.676683 0.0360577 0.0360577
5 0.677885 0.59976 0.0384615 0.0456731
6 0.617788 0.475962 0.0721154 0.0865385
6 0.695913 0.342548 0.0793269 0.0841346
6 0.860577 0.40024 0.0817308 0.0841346
9 0.603365 0.575721 0.120192 0.137019
9 0.84976 0.518029 0.108173 0.151442
9 0.706731 0.456731 0.105769 0.153846
