6 0.731971 0.638221 0.0649038 0.0745192
6 0.563702 0.512019 0.0456731 0.0576923
6 0.620192 0.496394 0.0480769 0.0552885
6 0.627404 0.427885 0.0384615 0.0480769
7 0.122596 0.638221 0.0432692 0.0552885
7 0.0360577 0.635817 0.0432692 0.0504808
7 0.19351 0.586538 0.03125 0.0432692
7 0.21875 0.538462 0.0288462 0.0432692
7 0.259615 0.55649 0.0336538 0.0408654
7 0.290865 0.512019 0.0240385 0.0432692
7 0.325721 0.546875 0.03125 0.0504808
7 0.378606 0.538462 0.0264423 0.0480769
7 0.427885 0.515625 0.0288462 0.0504808
7 0.413462 0.387019 0.0240385 0.0384615
7 0.473558 0.457933 0.0240385 0.0456731
7 0.451923 0.467548 0.0240385 0.0360577
9 0.133413 0.6875 0.0504808 0.0576923
9 0.0444712 0.689904 0.0745192 0.0528846
9 0.746394 0.717548 0.0793269 0.0889423
9 0.55649 0.5625 0.0456731 0.0673077
11 0.378606 0.616587 0.0408654 0.117788
11 0.137019 0.735577 0.0769231 0.134615
11 0.0564904 0.739183 0.09375 0.151442
11 0.71875 0.751202 0.129808 0.161058
