7 0.179087 0.563855 0.0360577 0.0578313
7 0.585337 0.375904 0.0745192 0.110843
7 0.512019 0.453012 0.0528846 0.0722892
7 0.41226 0.474699 0.0456731 0.0674699
7 0.373798 0.487952 0.03125 0.0554217
0 0.401442 0.709639 0.0336538 0.026506
0 0.526442 0.796386 0.0384615 0.0361446
0 0.497596 0.780723 0.0288462 0.0337349
9 0.174279 0.619277 0.0504808 0.0771084
9 0.430288 0.559036 0.0673077 0.115663
9 0.59375 0.536145 0.115385 0.219277
9 0.516827 0.542169 0.0432692 0.115663
9 0.379808 0.543373 0.0480769 0.0795181
11 0.594952 0.631325 0.122596 0.419277
11 0.43149 0.606024 0.0697115 0.224096
11 0.176683 0.659036 0.0552885 0.161446
3 0.56851 0.372289 0.0360577 0.0313253
