7 0.108173 0.40024 0.110577 0.132212
7 0.211538 0.414663 0.0625 0.0745192
7 0.280048 0.378606 0.0552885 0.0793269
7 0.340144 0.336538 0.103365 0.120192
7 0.527644 0.424279 0.0504808 0.0697115
7 0.606971 0.413462 0.0841346 0.115385
7 0.692308 0.430288 0.0769231 0.0961538
7 0.336538 0.0480769 0.0961538 0.0961538
2 0.623798 0.405048 0.0600962 0.0408654
2 0.117788 0.388221 0.0817308 0.0360577
3 0.361779 0.330529 0.0408654 0.0360577
3 0.361779 0.0504808 0.0456731 0.0384615
5 0.586538 0.31851 0.0961538 0.0889423
5 0.262019 0.557692 0.0865385 0.0721154
5 0.586538 0.0649038 0.0961538 0.105769
