2 0.0997596 0.564904 0.0408654 0.0336538
2 0.891827 0.466346 0.0336538 0.0336538
3 0.149038 0.479567 0.0288462 0.03125
3 0.266827 0.473558 0.0384615 0.0288462
3 0.75601 0.384615 0.0360577 0.0240385
3 0.729567 0.478365 0.03125 0.0288462
3 0.563702 0.399038 0.0360577 0.0240385
3 0.144231 0.403846 0.0288462 0.0240385
3 0.598558 0.387019 0.0336538 0.0240385
3 0.694712 0.387019 0.0288462 0.0240385
5 0.19351 0.901442 0.0745192 0.0673077
5 0.192308 0.748798 0.0576923 0.0552885
5 0.247596 0.614183 0.0625 0.0456731
5 0.794471 0.653846 0.0793269 0.0480769
5 0.731971 0.617788 0.0552885 0.0432692
5 0.661058 0.585337 0.0576923 0.0456731
5 0.625 0.543269 0.0432692 0.0384615
5 0.566106 0.492788 0.03125 0.0288462
5 0.271635 0.555288 0.0384615 0.0384615
7 0.0528846 0.551683 0.105769 0.161058
7 0.110577 0.467548 0.0865385 0.103365
7 0.141827 0.403846 0.0432692 0.0432692
7 0.25 0.456731 0.0769231 0.0817308
7 0.932692 0.461538 0.110577 0.115385
7 0.909856 0.382212 0.0649038 0.0625
7 0.754808 0.461538 0.0961538 0.100962
7 0.765625 0.385817 0.0600962 0.0600962
7 0.66226 0.46274 0.0841346 0.0841346
7 0.560096 0.399038 0.0432692 0.0528846
9 0.926683 0.610577 0.137019 0.177885
9 0.814904 0.561298 0.115385 0.103365
9 0.56851 0.463942 0.0697115 0.0576923
