8 0.984375 0.608173 0.03125 0.144231
6 0.72476 0.804087 0.0889423 0.0841346
6 0.913462 0.161058 0.0576923 0.0576923
6 0.792067 0.0108173 0.0600962 0.0216346
9 0.50601 0.604567 0.0985577 0.112981
6 0.772837 0.680288 0.0793269 0.0865385
10 0.311298 0.592548 0.237981 0.223558
6 0.90625 0.239183 0.0625 0.0745192
6 0.377404 0.390625 0.0625 0.0600962
6 0.580529 0.814904 0.0889423 0.0913462
9 0.774038 0.346154 0.0625 0.0673077
6 0.0733173 0.655048 0.0985577 0.0985577
6 0.86899 0.138221 0.0649038 0.0745192
6 0.396635 0.449519 0.0721154 0.0721154
6 0.258413 0.754808 0.0985577 0.0961538
6 0.527644 0.526442 0.0504808 0.0528846
6 0.610577 0.518029 0.0576923 0.0552885
6 0.790865 0.277644 0.0625 0.0649038
0 0.167067 0.709135 0.0552885 0.0432692
9 0.364183 0.558894 0.117788 0.137019
9 0.637019 0.651442 0.120192 0.115385
9 0.0625 0.729567 0.120192 0.0841346
6 0.28125 0.44351 0.0625 0.0649038
6 0.674279 0.551683 0.0649038 0.0600962
6 0.871394 0.746394 0.0745192 0.0600962
