9 0.5625 0.621687 0.120192 0.149398
0 0.596154 0.789157 0.0336538 0.0409639
6 0.563702 0.531325 0.0745192 0.0746988
11 0.140625 0.448193 0.137019 0.20241
11 0.43149 0.578313 0.122596 0.240964
9 0.117788 0.403614 0.0961538 0.108434
0 0.179087 0.579518 0.0600962 0.0313253
9 0.433894 0.546988 0.117788 0.178313
9 0.841346 0.531325 0.115385 0.137349
0 0.527644 0.79759 0.0360577 0.0433735
6 0.871394 0.446988 0.0745192 0.0795181
6 0.911058 0.942169 0.173077 0.115663
6 0.608173 0.304819 0.0528846 0.0506024
6 0.709135 0.366265 0.0625 0.0722892
6 0.433894 0.419277 0.0600962 0.0578313
6 0.114183 0.316867 0.0552885 0.0698795
5 0.777644 0.571084 0.03125 0.0337349
5 0.100962 0.426506 0.0384615 0.0385542
5 0.164663 0.393976 0.03125 0.0409639
0 0.472356 0.708434 0.0504808 0.0385542
0 0.418269 0.709639 0.0384615 0.0313253
0 0.820913 0.718072 0.0360577 0.0337349
0 0.108173 0.516867 0.0288462 0.0650602
9 0.574519 0.401205 0.139423 0.122892
