0 0.641827 0.807692 0.0432692 0.0576923
0 0.560096 0.796875 0.0625 0.0360577
0 0.344952 0.794471 0.0889423 0.0456731
0 0.258413 0.813702 0.0456731 0.0504808
0 0.460337 0.65625 0.0408654 0.0384615
0 0.538462 0.665865 0.0336538 0.0384615
0 0.197115 0.676683 0.0480769 0.0264423
1 0.692308 0.739183 0.0432692 0.03125
1 0.745192 0.763221 0.0432692 0.0360577
5 0.326923 0.438702 0.0480769 0.0552885
5 0.675481 0.594952 0.0480769 0.0600962
5 0.518029 0.420673 0.0456731 0.0384615
5 0.175481 0.496394 0.0336538 0.0408654
5 0.137019 0.540865 0.0336538 0.0528846
5 0.875 0.495192 0.0673077 0.0721154
5 0.858173 0.615385 0.0625 0.0673077
6 0.170673 0.346154 0.0625 0.0817308
6 0.348558 0.336538 0.0480769 0.0721154
7 0.0612981 0.311298 0.09375 0.112981
7 0.304087 0.325721 0.0745192 0.09375
7 0.522837 0.348558 0.0552885 0.0721154
7 0.633413 0.325721 0.0697115 0.0889423
7 0.735577 0.350962 0.0625 0.0865385
7 0.854567 0.361779 0.0504808 0.0649038
7 0.961538 0.317308 0.0769231 0.1875
9 0.0612981 0.439904 0.108173 0.163462
9 0.163462 0.424279 0.0865385 0.117788
9 0.294471 0.445913 0.108173 0.151442
9 0.512019 0.417067 0.0817308 0.103365
9 0.626202 0.447115 0.103365 0.134615
9 0.739183 0.465144 0.0697115 0.127404
9 0.84976 0.454327 0.0600962 0.120192
9 0.938702 0.581731 0.122596 0.283654
11 0.0673077 0.548077 0.129808 0.394231
11 0.161058 0.503606 0.0913462 0.276442
11 0.292067 0.55649 0.112981 0.377404
11 0.50601 0.489183 0.0985577 0.257212
11 0.622596 0.56851 0.134615 0.387019
11 0.742788 0.557692 0.0913462 0.3125
