3 0.512019 0.342169 0.0336538 0.0337349
6 0.879808 0.33253 0.0528846 0.086747
9 0.953125 0.471084 0.09375 0.156627
9 0.122596 0.545783 0.153846 0.228916
9 0.426683 0.539759 0.170673 0.207229
3 0.723558 0.389157 0.0528846 0.0216867
3 0.770433 0.344578 0.0504808 0.0289157
6 0.460337 0.314458 0.0793269 0.0939759
3 0.954327 0.338554 0.0625 0.0313253
3 0.140625 0.377108 0.0985577 0.0409639
3 0.274038 0.36747 0.110577 0.0409639
3 0.425481 0.40241 0.0913462 0.0385542
11 0.598558 0.625301 0.230769 0.436145
7 0.954327 0.340964 0.0673077 0.0987952
11 0.835337 0.631325 0.185096 0.448193
6 0.722356 0.377108 0.0649038 0.0891566
5 0.335337 0.636145 0.0552885 0.0578313
9 0.271635 0.557831 0.163462 0.253012
6 0.138221 0.360241 0.112981 0.151807
6 0.274038 0.359036 0.115385 0.149398
7 0.552885 0.342169 0.120192 0.125301
5 0.713942 0.753012 0.0576923 0.0746988
5 0.322115 0.587952 0.0769231 0.0578313
9 0.596154 0.536145 0.235577 0.253012
5 0.888221 0.709639 0.0600962 0.0795181
6 0.793269 0.33494 0.115385 0.144578
9 0.835337 0.521687 0.180288 0.224096
6 0.430288 0.386747 0.105769 0.137349
