2 0.153846 0.375 0.0817308 0.0336538
3 0.108173 0.457933 0.0576923 0.0600962
3 0.522837 0.379808 0.0552885 0.0240385
3 0.802885 0.384615 0.0721154 0.0432692
3 0.310096 0.370192 0.0528846 0.0432692
5 0.512019 0.605769 0.0625 0.0625
5 0.84375 0.483173 0.0721154 0.120192
5 0.704327 0.741587 0.0528846 0.0793269
6 0.520433 0.382212 0.0793269 0.120192
6 0.824519 0.375 0.139423 0.163462
6 0.0673077 0.44351 0.134615 0.329327
7 0.270433 0.377404 0.132212 0.153846
9 0.265625 0.576923 0.185096 0.254808
9 0.513221 0.510817 0.15625 0.175481
9 0.822115 0.574519 0.1875 0.240385
11 0.518029 0.643029 0.161058 0.444712
11 0.262019 0.665865 0.197115 0.427885
