6 0.19351 0.612981 0.108173 0.0865385
6 0.247596 0.324519 0.0769231 0.0865385
6 0.147837 0.301683 0.0841346 0.0889423
6 0.491587 0.242788 0.0793269 0.0913462
6 0.646635 0.260817 0.0961538 0.103365
6 0.438702 0.310096 0.0745192 0.0961538
0 0.769231 0.643029 0.0528846 0.0264423
0 0.71875 0.683894 0.0865385 0.03125
5 0.132212 0.451923 0.0336538 0.0528846
5 0.700721 0.509615 0.03125 0.0480769
5 0.407452 0.365385 0.0360577 0.0480769
9 0.239183 0.472356 0.117788 0.175481
9 0.128606 0.455529 0.0985577 0.175481
9 0.0961538 0.677885 0.110577 0.125
9 0.635817 0.397837 0.0985577 0.180288
9 0.729567 0.373798 0.0841346 0.112981
9 0.492788 0.393029 0.0576923 0.103365
9 0.394231 0.430288 0.120192 0.100962
10 0.24399 0.551683 0.117788 0.34375
10 0.394231 0.490385 0.120192 0.230769
0 0.373798 0.638221 0.0600962 0.0360577
0 0.456731 0.632212 0.0480769 0.0336538
0 0.47476 0.675481 0.0697115 0.0384615
11 0.663462 0.469952 0.153846 0.338942
11 0.496394 0.492788 0.0649038 0.302885
