3 0.179087 0.46274 0.0600962 0.0504808
3 0.362981 0.435096 0.0625 0.0384615
3 0.467548 0.461538 0.0552885 0.0336538
3 0.734375 0.469952 0.0697115 0.0360577
3 0.853365 0.466346 0.0576923 0.0432692
4 0.519231 0.74399 0.0528846 0.0649038
4 0.0300481 0.754808 0.0600962 0.0721154
5 0.819712 0.700721 0.110577 0.0697115
6 0.138221 0.456731 0.141827 0.153846
6 0.342548 0.430288 0.0985577 0.129808
6 0.449519 0.445913 0.0865385 0.117788
6 0.578125 0.479567 0.0985577 0.127404
6 0.730769 0.448317 0.105769 0.141827
7 0.90024 0.479567 0.151442 0.137019
9 0.134615 0.663462 0.206731 0.283654
9 0.328125 0.603365 0.165865 0.235577
9 0.567308 0.620192 0.120192 0.168269
9 0.69351 0.617788 0.151442 0.216346
9 0.894231 0.63101 0.197115 0.151442
