6 0.108173 0.403614 0.0625 0.0746988
2 0.116587 0.4 0.0408654 0.0289157
6 0.277644 0.427711 0.0456731 0.0650602
6 0.433894 0.43253 0.0456731 0.0746988
6 0.533654 0.454217 0.0336538 0.0457831
6 0.608173 0.436145 0.0432692 0.0578313
6 0.733173 0.431325 0.0480769 0.0626506
6 0.825721 0.39759 0.0552885 0.0915663
9 0.105769 0.49759 0.0913462 0.122892
9 0.277644 0.507229 0.0745192 0.103614
9 0.41226 0.513253 0.0745192 0.106024
9 0.602163 0.519277 0.0697115 0.103614
9 0.822115 0.508434 0.105769 0.125301
9 0.719952 0.504819 0.0600962 0.0939759
9 0.527644 0.512048 0.0504808 0.0746988
0 0.15024 0.721687 0.0600962 0.0313253
0 0.09375 0.740964 0.0336538 0.0409639
0 0.307692 0.692771 0.0288462 0.0313253
0 0.551683 0.698795 0.0408654 0.0240964
0 0.423077 0.715663 0.0432692 0.0289157
0 0.768029 0.766265 0.0408654 0.0337349
0 0.669471 0.690361 0.0456731 0.026506
0 0.276442 0.695181 0.0240385 0.026506
0 0.616587 0.712048 0.0360577 0.0409639
0 0.378606 0.740964 0.0264423 0.0409639
0 0.449519 0.673494 0.0240385 0.026506
11 0.103365 0.560241 0.110577 0.257831
11 0.277644 0.556626 0.0793269 0.207229
11 0.408654 0.579518 0.0865385 0.238554
11 0.52524 0.553012 0.0552885 0.161446
11 0.598558 0.568675 0.0817308 0.207229
11 0.711538 0.556626 0.0721154 0.20241
11 0.831731 0.587952 0.134615 0.289157
0 0.71274 0.706024 0.0360577 0.0240964
