0 0.465144 0.690361 0.03125 0.0409639
0 0.515625 0.683133 0.0456731 0.0361446
0 0.584135 0.684337 0.0528846 0.0289157
0 0.610577 0.712048 0.0480769 0.0361446
2 0.235577 0.43494 0.0576923 0.0361446
3 0.591346 0.43253 0.0240385 0.026506
5 0.164663 0.462651 0.09375 0.053012
5 0.182692 0.510843 0.0673077 0.0578313
5 0.558894 0.468675 0.03125 0.0313253
5 0.588942 0.520482 0.0384615 0.0240964
5 0.479567 0.492771 0.03125 0.0313253
6 0.274038 0.4 0.144231 0.159036
6 0.50601 0.433735 0.0504808 0.0626506
6 0.598558 0.428916 0.0576923 0.053012
8 0.305288 0.616867 0.192308 0.293976
8 0.49399 0.50241 0.0745192 0.0939759
8 0.608173 0.508434 0.0769231 0.115663
11 0.491587 0.556626 0.0697115 0.19759
11 0.602163 0.561446 0.0697115 0.221687
