3 0.155048 0.466265 0.03125 0.026506
6 0.294471 0.440964 0.0360577 0.0385542
11 0.145433 0.737349 0.103365 0.472289
0 0.429087 0.706024 0.03125 0.0337349
0 0.324519 0.775904 0.0528846 0.0337349
0 0.234375 0.791566 0.0504808 0.0361446
3 0.0576923 0.440964 0.0432692 0.0240964
5 0.834135 0.520482 0.0480769 0.0337349
11 0.430288 0.562651 0.0817308 0.219277
7 0.332933 0.426506 0.0504808 0.0626506
9 0.203125 0.527711 0.0649038 0.106024
7 0.19351 0.439759 0.0649038 0.0698795
3 0.664663 0.453012 0.0456731 0.0240964
0 0.408654 0.722892 0.0384615 0.0337349
5 0.614183 0.63253 0.03125 0.0409639
0 0.469952 0.695181 0.0504808 0.0313253
0 0.391827 0.759036 0.0721154 0.0385542
9 0.425481 0.5 0.0721154 0.0939759
0 0.0865385 0.779518 0.0528846 0.0361446
11 0.335337 0.595181 0.103365 0.284337
5 0.197115 0.653012 0.0336538 0.053012
7 0.135817 0.466265 0.0745192 0.0795181
9 0.145433 0.595181 0.117788 0.183133
7 0.423077 0.428916 0.0384615 0.0433735
6 0.0552885 0.437349 0.0817308 0.0795181
0 0.627404 0.795181 0.0673077 0.0337349
9 0.334135 0.514458 0.105769 0.122892
6 0.673077 0.455422 0.0673077 0.0771084
11 0.68149 0.631325 0.122596 0.279518
9 0.680288 0.563855 0.120192 0.144578
11 0.0504808 0.616867 0.100962 0.279518
9 0.0516827 0.555422 0.103365 0.151807
1 0.182692 0.860241 0.0673077 0.0385542
0 0.046875 0.816867 0.0552885 0.0385542
5 0.355769 0.548193 0.0336538 0.026506
5 0.313702 0.531325 0.03125 0.0313253
