9 0.361779 0.508434 0.0697115 0.0819277
9 0.674279 0.50241 0.0360577 0.060241
6 0.669471 0.453012 0.03125 0.0385542
0 0.469952 0.618072 0.0168269 0.0554217
9 0.257212 0.516867 0.0769231 0.0795181
6 0.622596 0.439759 0.0336538 0.0361446
6 0.252404 0.451807 0.0384615 0.0506024
6 0.371394 0.450602 0.0360577 0.0481928
9 0.61899 0.503614 0.0745192 0.086747
6 0.483173 0.451807 0.0384615 0.0409639
6 0.546875 0.457831 0.03125 0.0289157
6 0.413462 0.440964 0.0240385 0.0337349
0 0.375 0.636145 0.0240385 0.0481928
0 0.350962 0.639759 0.0192308 0.0313253
0 0.271635 0.636145 0.0192308 0.0481928
0 0.241587 0.636145 0.0216346 0.0433735
0 0.629808 0.627711 0.0240385 0.0506024
0 0.606971 0.631325 0.0216346 0.0481928
0 0.674279 0.604819 0.0264423 0.053012
0 0.538462 0.603614 0.0192308 0.0554217
0 0.49399 0.616867 0.0264423 0.0433735
0 0.415865 0.604819 0.0240385 0.0337349
4 0.514423 0.554217 0.0144231 0.0192771
4 0.450721 0.548193 0.0120192 0.0216867
4 0.652644 0.554217 0.0168269 0.0192771
4 0.588942 0.549398 0.0144231 0.0192771
4 0.394231 0.56506 0.0192308 0.0120482
4 0.330529 0.550602 0.0216346 0.0168675
9 0.546875 0.508434 0.0552885 0.0578313
9 0.487981 0.508434 0.0576923 0.0674699
9 0.420673 0.489157 0.0432692 0.0626506
10 0.253606 0.554217 0.0697115 0.159036
10 0.365385 0.545783 0.0673077 0.151807
10 0.419471 0.526506 0.0408654 0.137349
10 0.480769 0.53012 0.0576923 0.120482
10 0.544471 0.528916 0.0504808 0.108434
10 0.61899 0.53012 0.0697115 0.139759
11 0.676683 0.522892 0.0360577 0.101205
