6 0.342548 0.491587 0.0360577 0.0504808
6 0.394231 0.486779 0.0336538 0.0552885
6 0.526442 0.483173 0.0336538 0.0576923
6 0.501202 0.483173 0.0264423 0.0384615
6 0.685096 0.509615 0.0480769 0.0576923
6 0.733173 0.473558 0.0432692 0.0528846
6 0.768029 0.487981 0.0408654 0.0576923
6 0.945913 0.491587 0.0456731 0.0600962
7 0.573317 0.480769 0.03125 0.0432692
7 0.602163 0.46875 0.0264423 0.0432692
7 0.628606 0.472356 0.03125 0.0408654
5 0.668269 0.604567 0.0240385 0.03125
5 0.548077 0.5625 0.0240385 0.0288462
5 0.485577 0.588942 0.0240385 0.0240385
5 0.584135 0.560096 0.0240385 0.0240385
5 0.639423 0.582933 0.0240385 0.03125
9 0.341346 0.552885 0.0480769 0.0673077
0 0.542067 0.685096 0.0264423 0.0288462
0 0.680288 0.782452 0.0576923 0.0360577
11 0.394231 0.576923 0.0528846 0.144231
11 0.522837 0.580529 0.0504808 0.137019
11 0.634615 0.56851 0.0432692 0.161058
11 0.697115 0.63101 0.0625 0.180288
11 0.603365 0.567308 0.0240385 0.158654
11 0.772837 0.616587 0.0504808 0.199519
11 0.94351 0.61899 0.0793269 0.209135
