0 0.344952 0.729567 0.0456731 0.0697115
0 0.798077 0.617788 0.0673077 0.0528846
2 0.569712 0.25 0.0336538 0.0288462
4 0.5625 0.661058 0.0576923 0.0865385
4 0.504808 0.66226 0.0673077 0.0985577
5 0.278846 0.532452 0.0528846 0.0456731
5 0.186298 0.566106 0.03125 0.0360577
5 0.686298 0.471154 0.0408654 0.0576923
5 0.71875 0.563702 0.0384615 0.0408654
6 0.262019 0.342548 0.100962 0.132212
6 0.449519 0.445913 0.120192 0.127404
6 0.49399 0.270433 0.0793269 0.0889423
6 0.590144 0.230769 0.0889423 0.105769
9 0.567308 0.449519 0.125 0.125
9 0.497596 0.350962 0.129808 0.0865385
9 0.659856 0.335337 0.09375 0.146635
9 0.784856 0.403846 0.117788 0.0913462
