6 0.0288462 0.454327 0.0336538 0.0480769
6 0.115385 0.365385 0.0432692 0.0480769
6 0.223558 0.366587 0.0576923 0.0745192
6 0.272837 0.353365 0.0456731 0.0576923
6 0.360577 0.372596 0.0528846 0.0721154
6 0.408654 0.347356 0.0528846 0.0697115
6 0.519231 0.360577 0.0480769 0.0673077
6 0.643029 0.364183 0.0504808 0.0649038
5 0.240385 0.512019 0.0336538 0.0336538
5 0.342548 0.542067 0.03125 0.03125
5 0.310096 0.497596 0.0240385 0.0288462
9 0.116587 0.429087 0.0600962 0.0793269
9 0.219952 0.469952 0.0793269 0.122596
9 0.276442 0.43149 0.0528846 0.103365
9 0.361779 0.47476 0.0649038 0.117788
9 0.418269 0.439904 0.0576923 0.105769
9 0.522837 0.44351 0.0649038 0.103365
9 0.643029 0.438702 0.0600962 0.09375
11 0.115385 0.479567 0.0673077 0.189904
11 0.21875 0.518029 0.0817308 0.223558
11 0.278846 0.481971 0.0576923 0.199519
11 0.361779 0.533654 0.0697115 0.235577
11 0.419471 0.491587 0.0600962 0.213942
11 0.521635 0.496394 0.0721154 0.209135
11 0.645433 0.497596 0.0649038 0.206731
0 0.292067 0.623798 0.0360577 0.03125
0 0.557692 0.634615 0.0480769 0.0384615
0 0.429087 0.635817 0.0456731 0.03125
0 0.358173 0.677885 0.0480769 0.0384615
0 0.6875 0.644231 0.0384615 0.0336538
0 0.646635 0.643029 0.0288462 0.0360577
0 0.235577 0.685096 0.0336538 0.0384615
