6 0.328125 0.346988 0.132212 0.168675
6 0.56851 0.40241 0.09375 0.125301
6 0.694712 0.339759 0.134615 0.168675
5 0.370192 0.628916 0.100962 0.0915663
5 0.439904 0.690361 0.0432692 0.118072
5 0.508413 0.689157 0.0360577 0.0819277
5 0.647837 0.716867 0.0360577 0.0939759
5 0.768029 0.757831 0.0600962 0.103614
5 0.768029 0.910843 0.0600962 0.101205
5 0.647837 0.949398 0.03125 0.0963855
5 0.508413 0.96506 0.03125 0.0698795
5 0.439904 0.956627 0.0384615 0.0722892
9 0.578125 0.572289 0.117788 0.209639
9 0.736779 0.560241 0.146635 0.219277
9 0.323317 0.553012 0.185096 0.253012
11 0.3125 0.683133 0.201923 0.508434
11 0.576923 0.661446 0.139423 0.421687
11 0.737981 0.693976 0.149038 0.491566
