6 0.664663 0.33774 0.0697115 0.103365
6 0.545673 0.323317 0.0576923 0.0889423
6 0.502404 0.336538 0.0673077 0.100962
6 0.435096 0.311298 0.0480769 0.0841346
6 0.33774 0.299279 0.0697115 0.0985577
6 0.15024 0.367788 0.276442 0.298077
7 0.305288 0.361779 0.0913462 0.127404
7 0.401442 0.34976 0.0721154 0.0985577
2 0.209135 0.396635 0.100962 0.0480769
2 0.41226 0.356971 0.0456731 0.0360577
3 0.31851 0.379808 0.0552885 0.0528846
3 0.65625 0.342548 0.0432692 0.03125
0 0.671875 0.731971 0.0408654 0.0504808
0 0.578125 0.671875 0.0408654 0.0456731
0 0.522837 0.710337 0.0552885 0.03125
0 0.480769 0.737981 0.0384615 0.0432692
5 0.350962 0.586538 0.0288462 0.0480769
5 0.219952 0.685096 0.0600962 0.0576923
5 0.414663 0.411058 0.0360577 0.0384615
5 0.450721 0.557692 0.0360577 0.0384615
5 0.550481 0.533654 0.0240385 0.0384615
9 0.68149 0.459135 0.108173 0.144231
9 0.575721 0.415865 0.0841346 0.134615
9 0.495192 0.445913 0.0913462 0.137019
9 0.388221 0.456731 0.0793269 0.149038
9 0.266827 0.507212 0.139423 0.216346
9 0.109375 0.645433 0.213942 0.338942
11 0.688702 0.539663 0.127404 0.314904
11 0.576923 0.481971 0.0913462 0.271635
11 0.495192 0.53726 0.100962 0.324519
11 0.390625 0.533654 0.0841346 0.302885
