0 0.401442 0.722892 0.0336538 0.0240964
0 0.361779 0.725301 0.03125 0.0240964
0 0.831731 0.727711 0.0336538 0.0240964
0 0.798077 0.722892 0.0336538 0.0240964
0 0.771635 0.718072 0.0240385 0.0240964
0 0.746394 0.713253 0.0360577 0.0240964
0 0.616587 0.708434 0.0264423 0.0240964
0 0.575721 0.706024 0.0264423 0.0240964
0 0.549279 0.715663 0.0360577 0.0240964
0 0.245192 0.710843 0.0240385 0.0240964
0 0.271635 0.703614 0.0240385 0.0240964
5 0.65625 0.60241 0.0240385 0.0240964
5 0.783654 0.609639 0.0240385 0.0240964
5 0.836538 0.628916 0.0240385 0.0240964
5 0.572115 0.609639 0.0240385 0.0337349
7 0.117788 0.53494 0.0384615 0.0337349
7 0.210337 0.526506 0.0408654 0.0409639
7 0.254808 0.519277 0.0336538 0.0409639
7 0.378606 0.519277 0.0408654 0.0409639
7 0.545673 0.53494 0.0384615 0.0385542
7 0.597356 0.521687 0.0360577 0.0361446
7 0.663462 0.520482 0.0432692 0.0337349
7 0.746394 0.525301 0.0360577 0.0385542
7 0.8125 0.513253 0.0432692 0.0433735
9 0.81851 0.56747 0.0504808 0.0650602
9 0.751202 0.573494 0.0504808 0.0578313
9 0.667067 0.56988 0.0600962 0.060241
9 0.59375 0.573494 0.0528846 0.0626506
9 0.551683 0.591566 0.0552885 0.0746988
9 0.376202 0.572289 0.0793269 0.0698795
9 0.257212 0.561446 0.0625 0.053012
9 0.203125 0.578313 0.0552885 0.0626506
11 0.198317 0.624096 0.0504808 0.149398
11 0.254808 0.607229 0.0528846 0.149398
11 0.373798 0.606024 0.0697115 0.137349
11 0.751202 0.613253 0.0504808 0.137349
11 0.828125 0.591566 0.0504808 0.0987952
11 0.664663 0.614458 0.0552885 0.149398
11 0.598558 0.614458 0.0528846 0.144578
11 0.546875 0.619277 0.0552885 0.13494
11 0.111779 0.616867 0.0552885 0.13012
9 0.108173 0.573494 0.0480769 0.0578313
