3 0.186298 0.360577 0.0504808 0.0336538
3 0.0853365 0.330529 0.0456731 0.0264423
3 0.360577 0.375 0.0480769 0.0288462
3 0.600962 0.395433 0.0480769 0.03125
3 0.759615 0.40625 0.0576923 0.0288462
5 0.0625 0.606971 0.0480769 0.0600962
5 0.230769 0.598558 0.0432692 0.0528846
5 0.393029 0.542067 0.0456731 0.0408654
5 0.342548 0.532452 0.03125 0.0408654
5 0.526442 0.610577 0.0432692 0.0384615
5 0.671875 0.623798 0.0456731 0.0408654
5 0.841346 0.573317 0.0384615 0.0360577
6 0.177885 0.350962 0.0817308 0.110577
6 0.0805288 0.334135 0.0793269 0.0865385
6 0.346154 0.375 0.0769231 0.0961538
6 0.590144 0.391827 0.0841346 0.0913462
6 0.754808 0.399038 0.0817308 0.0913462
9 0.153846 0.5 0.149038 0.201923
9 0.341346 0.519231 0.149038 0.197115
9 0.579327 0.544471 0.173077 0.213942
9 0.752404 0.534856 0.158654 0.199519
11 0.153846 0.573317 0.149038 0.348558
11 0.338942 0.58774 0.153846 0.329327
11 0.570913 0.603365 0.165865 0.326923
11 0.746394 0.600962 0.141827 0.317308
