6 0.411058 0.419471 0.110577 0.137019
6 0.563702 0.435096 0.0697115 0.100962
6 0.679087 0.451923 0.0985577 0.0961538
6 0.921875 0.457933 0.0600962 0.0793269
6 0.873798 0.460337 0.0456731 0.0600962
6 0.987981 0.469952 0.0240385 0.0504808
6 0.342548 0.46875 0.0649038 0.0913462
6 0.288462 0.478365 0.0336538 0.0384615
6 0.209135 0.473558 0.0480769 0.0432692
6 0.18149 0.455529 0.0360577 0.0504808
3 0.563702 0.449519 0.0600962 0.0384615
9 0.377404 0.59976 0.153846 0.223558
9 0.705529 0.606971 0.127404 0.223558
9 0.884615 0.586538 0.149038 0.197115
9 0.58774 0.586538 0.0889423 0.197115
10 0.884615 0.653846 0.149038 0.326923
