3 0.274038 0.360241 0.0528846 0.0409639
3 0.688702 0.350602 0.0745192 0.0361446
6 0.258413 0.343374 0.122596 0.13253
6 0.43149 0.361446 0.09375 0.106024
6 0.695913 0.333735 0.108173 0.137349
5 0.563702 0.556626 0.0600962 0.0578313
5 0.614183 0.580723 0.0408654 0.0722892
5 0.393029 0.553012 0.0841346 0.0554217
9 0.199519 0.490361 0.153846 0.166265
9 0.407452 0.444578 0.112981 0.118072
9 0.69351 0.46747 0.137019 0.159036
0 0.757212 0.678313 0.0576923 0.0987952
0 0.669471 0.659036 0.0504808 0.0795181
0 0.133413 0.783133 0.0600962 0.101205
