4 0.194712 0.420482 0.0480769 0.0457831
4 0.447115 0.657831 0.0288462 0.0578313
4 0.491587 0.638554 0.03125 0.0481928
4 0.28726 0.490361 0.0360577 0.0506024
3 0.233173 0.263855 0.0528846 0.0313253
6 0.229567 0.256627 0.0793269 0.0843373
6 0.313702 0.318072 0.0504808 0.0674699
6 0.408654 0.26747 0.0432692 0.0674699
6 0.539663 0.315663 0.0408654 0.0626506
6 0.4375 0.5 0.0528846 0.0650602
6 0.74399 0.415663 0.03125 0.0506024
6 0.810096 0.416867 0.0288462 0.0337349
0 0.235577 0.686747 0.0576923 0.0289157
0 0.194712 0.715663 0.0673077 0.0385542
9 0.209135 0.373494 0.0769231 0.163855
9 0.30649 0.396386 0.0649038 0.0987952
9 0.411058 0.338554 0.0576923 0.0939759
9 0.539663 0.412048 0.0600962 0.120482
9 0.4375 0.573494 0.0721154 0.0674699
4 0.388221 0.414458 0.0264423 0.0337349
11 0.199519 0.462651 0.100962 0.356627
11 0.305288 0.475904 0.0865385 0.262651
11 0.409856 0.40241 0.0697115 0.221687
11 0.540865 0.460241 0.0673077 0.226506
