0 0.0264423 0.665865 0.0528846 0.0432692
0 0.153846 0.627404 0.0576923 0.0384615
0 0.293269 0.617788 0.0432692 0.0576923
0 0.522837 0.747596 0.0649038 0.0576923
3 0.141827 0.388221 0.0384615 0.0504808
3 0.314904 0.424279 0.0576923 0.03125
3 0.765625 0.356971 0.0504808 0.0552885
4 0.175481 0.456731 0.0769231 0.0721154
4 0.157452 0.497596 0.0456731 0.0384615
4 0.628606 0.542067 0.0600962 0.0793269
4 0.808894 0.465144 0.03125 0.0552885
4 0.695913 0.566106 0.0600962 0.0745192
5 0.360577 0.545673 0.0432692 0.0480769
5 0.311298 0.551683 0.0504808 0.0456731
6 0.77524 0.314904 0.15625 0.182692
7 0.11899 0.378606 0.0985577 0.0985577
7 0.310096 0.413462 0.0673077 0.0961538
9 0.0336538 0.463942 0.0673077 0.211538
9 0.596154 0.377404 0.211538 0.1875
