7 0.276442 0.457933 0.0673077 0.09375
7 0.457933 0.430288 0.0504808 0.0673077
7 0.53125 0.43149 0.0673077 0.0985577
7 0.606971 0.454327 0.03125 0.0528846
7 0.683894 0.463942 0.0456731 0.0625
3 0.268029 0.463942 0.0456731 0.0336538
2 0.528846 0.4375 0.0528846 0.0336538
2 0.456731 0.432692 0.0384615 0.0288462
9 0.283654 0.573317 0.110577 0.15625
9 0.536058 0.579327 0.110577 0.201923
9 0.447115 0.533654 0.0576923 0.129808
9 0.6875 0.515625 0.0769231 0.0793269
0 0.426683 0.758413 0.0456731 0.0408654
0 0.695913 0.703125 0.0264423 0.0360577
11 0.286058 0.622596 0.120192 0.259615
11 0.53726 0.638221 0.117788 0.324519
11 0.6875 0.573317 0.0769231 0.189904
