6 0.829327 0.424096 0.0480769 0.0674699
6 0.689904 0.436145 0.0384615 0.0626506
6 0.472356 0.409639 0.0360577 0.0481928
6 0.169471 0.237349 0.112981 0.108434
6 0.169471 0.0951807 0.112981 0.0891566
4 0.44351 0.515663 0.0264423 0.0240964
9 0.615385 0.457831 0.110577 0.053012
9 0.460337 0.46747 0.0552885 0.0771084
9 0.143029 0.403614 0.141827 0.219277
0 0.231971 0.779518 0.0985577 0.0506024
11 0.637019 0.514458 0.0913462 0.190361
11 0.875 0.533735 0.0769231 0.171084
11 0.456731 0.504819 0.0480769 0.146988
11 0.15024 0.527711 0.151442 0.472289
