0 0.300481 0.798077 0.0480769 0.0625
0 0.362981 0.762019 0.0625 0.0480769
0 0.463942 0.729567 0.0480769 0.0600962
0 0.516827 0.719952 0.0576923 0.0504808
0 0.576923 0.709135 0.0480769 0.0528846
0 0.635817 0.721154 0.0408654 0.0576923
0 0.677885 0.698317 0.0288462 0.0504808
0 0.733173 0.6875 0.0576923 0.0480769
0 0.957933 0.698317 0.0456731 0.0408654
0 0.84976 0.581731 0.03125 0.0288462
0 0.893029 0.580529 0.03125 0.0264423
3 0.163462 0.314904 0.0336538 0.0432692
3 0.240385 0.336538 0.0480769 0.0384615
3 0.355769 0.324519 0.0576923 0.0336538
3 0.5 0.354567 0.0625 0.0264423
3 0.612981 0.34375 0.0432692 0.0288462
3 0.742788 0.342548 0.0384615 0.0264423
5 0.173077 0.733173 0.0721154 0.0673077
5 0.504808 0.467548 0.0432692 0.0408654
5 0.588942 0.465144 0.0432692 0.0504808
6 0.114183 0.289663 0.137019 0.170673
7 0.215144 0.335337 0.0985577 0.103365
7 0.344952 0.317308 0.0793269 0.100962
7 0.496394 0.348558 0.0697115 0.0865385
7 0.605769 0.347356 0.0673077 0.0745192
7 0.733173 0.336538 0.0673077 0.0721154
9 0.0733173 0.520433 0.137019 0.310096
9 0.206731 0.492788 0.105769 0.216346
9 0.322115 0.463942 0.139423 0.206731
9 0.487981 0.472356 0.105769 0.175481
9 0.608173 0.457933 0.100962 0.170673
9 0.706731 0.444712 0.0913462 0.158654
9 0.877404 0.451923 0.0673077 0.0817308
11 0.105769 0.663462 0.153846 0.557692
11 0.319712 0.534856 0.129808 0.338942
11 0.483173 0.528846 0.110577 0.283654
11 0.603365 0.509615 0.100962 0.283654
11 0.704327 0.513221 0.0817308 0.276442
11 0.873798 0.479567 0.0649038 0.15625
