0 0.216346 0.757831 0.0432692 0.0506024
0 0.179087 0.753012 0.0360577 0.0361446
0 0.310096 0.703614 0.0336538 0.0289157
0 0.336538 0.689157 0.0336538 0.0385542
0 0.433894 0.716867 0.0360577 0.0361446
0 0.497596 0.731325 0.0480769 0.0313253
0 0.551683 0.693976 0.0408654 0.0337349
0 0.626202 0.679518 0.0264423 0.0385542
0 0.688702 0.70241 0.0408654 0.0361446
0 0.859375 0.720482 0.0360577 0.0385542
0 0.88101 0.712048 0.0360577 0.0409639
2 0.170673 0.462651 0.0480769 0.0240964
2 0.875 0.440964 0.0384615 0.0240964
2 0.460337 0.453012 0.03125 0.0240964
2 0.319712 0.438554 0.0480769 0.0240964
3 0.663462 0.438554 0.0288462 0.0240964
5 0.134615 0.608434 0.0288462 0.0313253
5 0.622596 0.568675 0.0240385 0.0289157
5 0.820913 0.577108 0.0264423 0.0361446
5 0.915865 0.548193 0.0288462 0.026506
6 0.173077 0.448193 0.0576923 0.0819277
6 0.308894 0.428916 0.0552885 0.0626506
6 0.448317 0.449398 0.0600962 0.0650602
6 0.533654 0.443374 0.0480769 0.0626506
6 0.671875 0.43012 0.0504808 0.0650602
6 0.88101 0.431325 0.0649038 0.0674699
9 0.171875 0.538554 0.103365 0.113253
9 0.311298 0.508434 0.108173 0.106024
9 0.444712 0.53012 0.0865385 0.106024
9 0.524038 0.509639 0.0769231 0.0939759
9 0.669471 0.514458 0.09375 0.103614
9 0.872596 0.516867 0.0721154 0.108434
11 0.180288 0.603614 0.100962 0.228916
11 0.313702 0.560241 0.0985577 0.2
11 0.445913 0.579518 0.0889423 0.195181
11 0.521635 0.556626 0.0721154 0.183133
11 0.66226 0.555422 0.0985577 0.195181
11 0.86899 0.562651 0.0745192 0.204819
