0 0.576923 0.76988 0.0336538 0.0843373
0 0.621394 0.76988 0.0456731 0.0891566
1 0.451923 0.746988 0.0336538 0.0289157
1 0.716346 0.798795 0.0480769 0.0361446
1 0.439904 0.719277 0.0240385 0.026506
5 0.704327 0.666265 0.0288462 0.0409639
5 0.8125 0.663855 0.0240385 0.0361446
5 0.65625 0.654217 0.0240385 0.0313253
5 0.5625 0.659036 0.0240385 0.0313253
6 0.763221 0.533735 0.0504808 0.0409639
6 0.609375 0.516867 0.0456731 0.0506024
6 0.570913 0.527711 0.0360577 0.0385542
9 0.609375 0.581928 0.0841346 0.0795181
9 0.758413 0.614458 0.0841346 0.106024
9 0.465144 0.577108 0.0552885 0.0746988
11 0.751202 0.66747 0.0889423 0.221687
11 0.603365 0.640964 0.0865385 0.226506
11 0.459135 0.610843 0.0432692 0.127711
