6 0.0925481 0.338554 0.0552885 0.0698795
6 0.222356 0.355422 0.0600962 0.0746988
6 0.364183 0.328916 0.0504808 0.0746988
6 0.516827 0.33253 0.0528846 0.0819277
6 0.908654 0.322892 0.0625 0.0722892
6 0.682692 0.333735 0.0480769 0.0746988
7 0.771635 0.344578 0.0336538 0.0481928
6 0.634615 0.346988 0.0384615 0.0481928
6 0.455529 0.344578 0.0456731 0.0481928
6 0.575721 0.342169 0.0408654 0.053012
0 0.122596 0.651807 0.0240385 0.0457831
0 0.21875 0.679518 0.0288462 0.0289157
0 0.50601 0.661446 0.0408654 0.0361446
0 0.699519 0.653012 0.0384615 0.0337349
0 0.938702 0.691566 0.0600962 0.0433735
0 0.83774 0.660241 0.0264423 0.0433735
0 0.278846 0.638554 0.0240385 0.0289157
0 0.366587 0.661446 0.0360577 0.0457831
0 0.543269 0.637349 0.0288462 0.0361446
0 0.629808 0.624096 0.0288462 0.0385542
0 0.768029 0.59759 0.03125 0.0289157
5 0.292067 0.384337 0.0360577 0.0361446
5 0.622596 0.49759 0.0240385 0.026506
5 0.573317 0.498795 0.0264423 0.0289157
5 0.83774 0.510843 0.03125 0.0289157
9 0.0961538 0.431325 0.0817308 0.106024
9 0.233173 0.43253 0.0865385 0.0843373
9 0.355769 0.446988 0.0865385 0.13253
9 0.518029 0.43494 0.0841346 0.13253
9 0.675481 0.428916 0.0769231 0.0963855
9 0.894231 0.428916 0.0865385 0.125301
9 0.768029 0.413253 0.0552885 0.0795181
5 0.459135 0.498795 0.0240385 0.0240964
11 0.0949519 0.487952 0.0889423 0.224096
11 0.233173 0.495181 0.0865385 0.214458
11 0.354567 0.50241 0.0889423 0.243373
11 0.520433 0.486747 0.09375 0.240964
11 0.668269 0.483133 0.0913462 0.219277
11 0.760817 0.463855 0.0600962 0.185542
11 0.889423 0.498795 0.100962 0.26988
