0 0.127404 0.790865 0.0288462 0.0480769
0 0.168269 0.780048 0.0480769 0.0360577
0 0.449519 0.733173 0.0288462 0.0240385
0 0.418269 0.735577 0.0240385 0.0288462
0 0.90024 0.719952 0.0264423 0.03125
0 0.828125 0.72476 0.03125 0.0264423
0 0.527644 0.729567 0.0264423 0.03125
0 0.495192 0.730769 0.0240385 0.0288462
0 0.764423 0.709135 0.0336538 0.0240385
0 0.209135 0.771635 0.0288462 0.0288462
0 0.353365 0.739183 0.0288462 0.0264423
0 0.557692 0.721154 0.0240385 0.0288462
0 0.592548 0.71875 0.0264423 0.0336538
6 0.16226 0.492788 0.0456731 0.0576923
6 0.236779 0.508413 0.0456731 0.0552885
6 0.290865 0.495192 0.0384615 0.0480769
6 0.367788 0.495192 0.0336538 0.0528846
6 0.44351 0.481971 0.0360577 0.0504808
6 0.510817 0.510817 0.0360577 0.0408654
6 0.567308 0.496394 0.0336538 0.0456731
6 0.610577 0.486779 0.0288462 0.0408654
6 0.657452 0.501202 0.0360577 0.0456731
6 0.703125 0.503606 0.03125 0.0408654
6 0.75 0.513221 0.0288462 0.0408654
6 0.788462 0.479567 0.0336538 0.0456731
6 0.826923 0.501202 0.0432692 0.0456731
6 0.887019 0.489183 0.0384615 0.0456731
0 0.299279 0.745192 0.0264423 0.0336538
0 0.271635 0.747596 0.0240385 0.0288462
9 0.155048 0.576923 0.0697115 0.110577
9 0.231971 0.575721 0.0504808 0.0841346
9 0.290865 0.56851 0.0528846 0.09375
9 0.365385 0.563702 0.0673077 0.09375
9 0.438702 0.554087 0.0649038 0.09375
9 0.504808 0.569712 0.0576923 0.0769231
9 0.569712 0.5625 0.0528846 0.0865385
9 0.615385 0.550481 0.0432692 0.0817308
9 0.664663 0.557692 0.0456731 0.0721154
9 0.709135 0.555288 0.0384615 0.0673077
9 0.759615 0.56851 0.0432692 0.0697115
9 0.824519 0.55649 0.0528846 0.0745192
9 0.889423 0.551683 0.0528846 0.0793269
0 0.717548 0.711538 0.0264423 0.0240385
0 0.641827 0.711538 0.0288462 0.0240385
11 0.155048 0.637019 0.0745192 0.230769
11 0.230769 0.637019 0.0576923 0.206731
11 0.290865 0.610577 0.0576923 0.177885
11 0.364183 0.605769 0.0697115 0.182692
11 0.436298 0.594952 0.0649038 0.189904
11 0.50601 0.612981 0.0600962 0.158654
11 0.56851 0.59976 0.0552885 0.165865
11 0.617788 0.582933 0.0384615 0.151442
11 0.665865 0.592548 0.0432692 0.146635
11 0.711538 0.592548 0.0384615 0.151442
11 0.758413 0.606971 0.0504808 0.151442
11 0.822115 0.596154 0.0528846 0.158654
11 0.890625 0.59375 0.0552885 0.168269
