0 0.902644 0.804819 0.0456731 0.0481928
0 0.846154 0.786747 0.0432692 0.0361446
2 0.143029 0.433735 0.0504808 0.0289157
2 0.436298 0.461446 0.0408654 0.026506
2 0.870192 0.481928 0.0432692 0.0240964
3 0.371394 0.46747 0.0552885 0.0337349
3 0.558894 0.428916 0.0504808 0.0289157
3 0.757212 0.455422 0.0480769 0.0289157
3 0.28125 0.501205 0.0240385 0.0240964
3 0.533654 0.450602 0.0384615 0.0240964
5 0.0625 0.683133 0.0480769 0.0554217
5 0.194712 0.660241 0.0288462 0.053012
5 0.365385 0.56988 0.0625 0.060241
5 0.415865 0.692771 0.0288462 0.0457831
5 0.481971 0.666265 0.0264423 0.0457831
5 0.512019 0.613253 0.0336538 0.0313253
5 0.674279 0.742169 0.0360577 0.0481928
5 0.842548 0.744578 0.0360577 0.0578313
5 0.509615 0.460241 0.0336538 0.0481928
5 0.252404 0.581928 0.0240385 0.0361446
7 0.0300481 0.480723 0.0408654 0.0409639
7 0.127404 0.440964 0.0721154 0.0963855
7 0.364183 0.477108 0.0745192 0.0771084
7 0.433894 0.473494 0.0504808 0.0746988
7 0.282452 0.496386 0.03125 0.0385542
7 0.532452 0.453012 0.0504808 0.0626506
7 0.572115 0.436145 0.0528846 0.0819277
7 0.740385 0.46506 0.0769231 0.0963855
7 0.867788 0.484337 0.0384615 0.0578313
9 0.0252404 0.53253 0.0504808 0.101205
9 0.120192 0.551807 0.158654 0.154217
9 0.332933 0.592771 0.132212 0.168675
9 0.444712 0.572289 0.0865385 0.161446
9 0.509615 0.555422 0.0721154 0.146988
9 0.590144 0.545783 0.117788 0.151807
9 0.752404 0.589157 0.173077 0.156627
9 0.872596 0.557831 0.0913462 0.113253
11 0.0240385 0.566265 0.0480769 0.183133
11 0.121394 0.649398 0.165865 0.354217
11 0.340144 0.673494 0.132212 0.33494
11 0.436298 0.668675 0.0889423 0.344578
11 0.510817 0.642169 0.0697115 0.325301
11 0.578125 0.638554 0.127404 0.385542
11 0.75 0.673494 0.163462 0.339759
11 0.879808 0.638554 0.110577 0.284337
