0 0.585337 0.813702 0.0408654 0.0456731
0 0.754808 0.75601 0.0480769 0.03125
0 0.813702 0.752404 0.03125 0.0240385
0 0.875 0.699519 0.0336538 0.0480769
5 0.56851 0.63101 0.0408654 0.0408654
5 0.819712 0.627404 0.0288462 0.0336538
5 0.513221 0.459135 0.0264423 0.0336538
5 0.429087 0.641827 0.0264423 0.0288462
6 0.31851 0.507212 0.0793269 0.0865385
6 0.442308 0.430288 0.0913462 0.115385
6 0.543269 0.479567 0.0673077 0.0841346
6 0.635817 0.475962 0.0745192 0.0913462
6 0.784856 0.503606 0.0456731 0.0552885
6 0.872596 0.518029 0.0432692 0.0456731
8 0.233173 0.566106 0.0480769 0.0793269
9 0.331731 0.637019 0.0817308 0.173077
9 0.447115 0.606971 0.120192 0.262019
9 0.554087 0.59976 0.0841346 0.185096
9 0.66226 0.610577 0.122596 0.197115
9 0.788462 0.588942 0.0769231 0.129808
9 0.875 0.584135 0.0528846 0.0913462
11 0.4375 0.68149 0.105769 0.401442
11 0.329327 0.723558 0.0817308 0.341346
11 0.668269 0.689904 0.139423 0.346154
