1 0.15024 0.789157 0.0600962 0.0409639
1 0.216346 0.774699 0.0673077 0.0457831
1 0.264423 0.737349 0.0384615 0.0481928
1 0.3125 0.740964 0.0480769 0.0361446
1 0.456731 0.724096 0.0432692 0.0457831
1 0.503606 0.766265 0.0649038 0.0385542
1 0.55649 0.781928 0.0600962 0.0554217
1 0.675481 0.745783 0.0673077 0.0361446
1 0.728365 0.801205 0.0721154 0.0409639
1 0.810096 0.812048 0.0384615 0.0578313
2 0.490385 0.362651 0.0480769 0.026506
3 0.269231 0.378313 0.0432692 0.0289157
3 0.655048 0.368675 0.03125 0.0240964
3 0.737981 0.377108 0.0576923 0.0313253
5 0.378606 0.416867 0.0552885 0.0289157
5 0.453125 0.577108 0.03125 0.0457831
5 0.822115 0.584337 0.0384615 0.0506024
6 0.262019 0.381928 0.0576923 0.0843373
6 0.739183 0.378313 0.0649038 0.086747
7 0.21274 0.412048 0.0552885 0.086747
7 0.383413 0.36988 0.0408654 0.0554217
7 0.503606 0.372289 0.0649038 0.0746988
7 0.655048 0.374699 0.0360577 0.0554217
9 0.19351 0.492771 0.0889423 0.118072
9 0.270433 0.480723 0.0841346 0.151807
9 0.382212 0.419277 0.0721154 0.086747
9 0.515625 0.474699 0.108173 0.144578
9 0.640625 0.446988 0.0649038 0.13253
9 0.748798 0.507229 0.137019 0.2
11 0.183894 0.6 0.108173 0.327711
11 0.27524 0.562651 0.09375 0.33012
11 0.38101 0.46506 0.0697115 0.178313
11 0.519231 0.580723 0.125 0.356627
11 0.63101 0.495181 0.0841346 0.233735
11 0.762019 0.601205 0.168269 0.392771
