2 0.183894 0.395433 0.0697115 0.0360577
2 0.414663 0.317308 0.0889423 0.0432692
2 0.596154 0.448317 0.0528846 0.0456731
3 0.444712 0.418269 0.0384615 0.0384615
3 0.734375 0.361779 0.0504808 0.0504808
5 0.510817 0.59375 0.09375 0.0625
5 0.495192 0.664663 0.0817308 0.0841346
5 0.545673 0.706731 0.115385 0.0961538
5 0.487981 0.807692 0.0576923 0.0673077
6 0.168269 0.382212 0.153846 0.153846
6 0.0480769 0.346154 0.0769231 0.0913462
6 0.366587 0.301683 0.185096 0.242788
6 0.635817 0.439904 0.151442 0.177885
6 0.796875 0.365385 0.237981 0.245192
9 0.0757212 0.570913 0.146635 0.242788
9 0.270433 0.610577 0.180288 0.408654
9 0.817308 0.719952 0.245192 0.425481
