0 0.418269 0.786058 0.0865385 0.0384615
0 0.644231 0.764423 0.0432692 0.0432692
0 0.948317 0.640625 0.0360577 0.0264423
5 0.528846 0.5 0.0336538 0.0384615
5 0.700721 0.563702 0.0264423 0.0360577
5 0.778846 0.513221 0.0240385 0.0360577
5 0.908654 0.528846 0.0288462 0.0336538
5 0.320913 0.538462 0.0264423 0.0480769
7 0.4375 0.359375 0.0673077 0.0793269
7 0.645433 0.375 0.0649038 0.0769231
7 0.846154 0.354567 0.0576923 0.0649038
7 0.914663 0.370192 0.0456731 0.0528846
9 0.378606 0.450721 0.09375 0.15625
9 0.643029 0.467548 0.0889423 0.117788
9 0.846154 0.441106 0.0721154 0.0985577
9 0.914663 0.423077 0.0649038 0.0721154
11 0.397837 0.55649 0.137019 0.377404
11 0.65625 0.561298 0.139423 0.310096
11 0.844952 0.530048 0.0793269 0.28125
11 0.927885 0.5 0.0913462 0.230769
0 0.858173 0.706731 0.0480769 0.0336538
