7 0.467548 0.479567 0.0456731 0.0504808
11 0.69351 0.620192 0.103365 0.259615
0 0.594952 0.716346 0.0360577 0.0336538
2 0.621394 0.472356 0.03125 0.0120192
3 0.692308 0.471154 0.0288462 0.0144231
5 0.887019 0.622596 0.0240385 0.0336538
11 0.145433 0.635817 0.0841346 0.252404
7 0.848558 0.490385 0.0432692 0.0576923
0 0.264423 0.772837 0.0288462 0.0264423
9 0.0817308 0.512019 0.0432692 0.0576923
0 0.671875 0.774038 0.0408654 0.0384615
7 0.200721 0.481971 0.03125 0.03125
7 0.788462 0.483173 0.0384615 0.0432692
5 0.235577 0.640625 0.0240385 0.03125
7 0.347356 0.46875 0.0360577 0.0432692
9 0.139423 0.573317 0.0769231 0.122596
5 0.747596 0.626202 0.0288462 0.0360577
5 0.521635 0.627404 0.0288462 0.0384615
0 0.373798 0.697115 0.0264423 0.0288462
0 0.304087 0.784856 0.0360577 0.0360577
7 0.622596 0.471154 0.0384615 0.0480769
7 0.688702 0.46875 0.0408654 0.0576923
0 0.348558 0.715144 0.0336538 0.0264423
5 0.420673 0.61899 0.0288462 0.0408654
7 0.282452 0.502404 0.0408654 0.0528846
9 0.467548 0.551683 0.103365 0.108173
11 0.46875 0.626202 0.105769 0.257212
9 0.610577 0.536058 0.0625 0.0913462
7 0.139423 0.478365 0.0528846 0.0721154
9 0.853365 0.566106 0.0721154 0.0985577
9 0.206731 0.524038 0.0528846 0.0625
9 0.282452 0.576923 0.0889423 0.105769
11 0.28125 0.641827 0.0913462 0.240385
9 0.78125 0.542067 0.0625 0.0841346
9 0.355769 0.533654 0.0769231 0.0961538
9 0.694712 0.546875 0.105769 0.108173
0 0.491587 0.75601 0.0264423 0.03125
0 0.167067 0.763221 0.0264423 0.0456731
0 0.126202 0.793269 0.0264423 0.0336538
0 0.203125 0.647837 0.0168269 0.0168269
5 0.145433 0.528846 0.0216346 0.0288462
5 0.80649 0.632212 0.0216346 0.0288462
7 0.0853365 0.472356 0.0264423 0.0264423
11 0.0829327 0.550481 0.0360577 0.134615
