3 0.25601 0.503614 0.0552885 0.0385542
3 0.799279 0.487952 0.0408654 0.026506
2 0.409856 0.515663 0.0456731 0.0289157
6 0.145433 0.56747 0.175481 0.214458
6 0.245192 0.492771 0.0865385 0.127711
6 0.415865 0.504819 0.0673077 0.0939759
6 0.713942 0.431325 0.0528846 0.0771084
6 0.737981 0.521687 0.105769 0.103614
6 0.96875 0.551807 0.0625 0.154217
6 0.645433 0.674699 0.262019 0.216867
6 0.555288 0.462651 0.0528846 0.0915663
6 0.611779 0.473494 0.103365 0.0746988
6 0.591346 0.563855 0.144231 0.0963855
5 0.270433 0.631325 0.0552885 0.0722892
5 0.341346 0.674699 0.0432692 0.053012
5 0.429087 0.683133 0.0408654 0.0506024
9 0.144231 0.757831 0.274038 0.142169
9 0.397837 0.63494 0.108173 0.171084
9 0.832933 0.621687 0.112981 0.19759
9 0.472356 0.561446 0.0697115 0.139759
