0 0.258413 0.560096 0.0649038 0.0240385
0 0.314904 0.528846 0.0673077 0.0336538
0 0.375 0.554087 0.0576923 0.03125
0 0.4375 0.534856 0.0625 0.03125
0 0.479567 0.570913 0.0504808 0.0360577
0 0.513221 0.606971 0.0697115 0.0408654
2 0.41226 0.204327 0.0504808 0.0288462
3 0.350962 0.211538 0.0432692 0.0240385
4 0.5 0.424279 0.0480769 0.0456731
4 0.469952 0.387019 0.0456731 0.0480769
4 0.421875 0.350962 0.0456731 0.0432692
4 0.355769 0.3125 0.0384615 0.0480769
4 0.322115 0.310096 0.0384615 0.0432692
6 0.502404 0.1875 0.0625 0.0913462
6 0.411058 0.191106 0.0625 0.0889423
6 0.355769 0.199519 0.0576923 0.0865385
9 0.509615 0.301683 0.115385 0.151442
9 0.185096 0.302885 0.110577 0.144231
9 0.358173 0.3125 0.0769231 0.139423
