6 0.0757212 0.34976 0.0649038 0.0841346
6 0.229567 0.298077 0.0841346 0.115385
6 0.377404 0.326923 0.0480769 0.0673077
6 0.582933 0.295673 0.0552885 0.0625
6 0.852163 0.305288 0.103365 0.120192
3 0.836538 0.317308 0.0480769 0.0336538
3 0.379808 0.329327 0.0384615 0.0240385
3 0.0841346 0.34976 0.0384615 0.0264423
3 0.228365 0.316106 0.0576923 0.0360577
4 0.240385 0.438702 0.0528846 0.0360577
4 0.817308 0.456731 0.0480769 0.0480769
4 0.0673077 0.47476 0.0240385 0.0456731
9 0.221154 0.442308 0.115385 0.197115
9 0.0673077 0.44351 0.0673077 0.112981
9 0.382212 0.382212 0.0721154 0.0721154
9 0.594952 0.359375 0.0793269 0.0649038
9 0.876202 0.401442 0.132212 0.125
11 0.231971 0.548077 0.170673 0.418269
11 0.0600962 0.509615 0.0865385 0.245192
