0 0.140625 0.725301 0.0360577 0.0578313
0 0.100962 0.709639 0.0384615 0.0506024
0 0.225962 0.645783 0.0384615 0.0385542
0 0.170673 0.655422 0.0288462 0.0337349
0 0.307692 0.745783 0.0528846 0.026506
0 0.360577 0.731325 0.0384615 0.0457831
0 0.453125 0.684337 0.03125 0.0385542
0 0.475962 0.768675 0.0576923 0.0385542
0 0.522837 0.751807 0.0408654 0.0433735
0 0.659856 0.736145 0.0360577 0.026506
0 0.716346 0.768675 0.0480769 0.0481928
0 0.823317 0.76506 0.0408654 0.0313253
0 0.883413 0.790361 0.0552885 0.0337349
2 0.503606 0.346988 0.0504808 0.0240964
2 0.441106 0.346988 0.0408654 0.0240964
2 0.300481 0.36747 0.0432692 0.026506
2 0.862981 0.398795 0.0576923 0.026506
3 0.103365 0.313253 0.0480769 0.0289157
3 0.707933 0.356627 0.0504808 0.0289157
6 0.0673077 0.531325 0.0336538 0.0409639
6 0.173077 0.533735 0.0288462 0.0554217
6 0.234375 0.463855 0.0264423 0.0457831
6 0.24399 0.557831 0.03125 0.0506024
6 0.38101 0.556626 0.03125 0.0433735
6 0.454327 0.557831 0.0288462 0.0554217
6 0.567308 0.560241 0.0288462 0.060241
6 0.66226 0.515663 0.0456731 0.0433735
6 0.71274 0.516867 0.0456731 0.0506024
6 0.793269 0.6 0.0288462 0.0481928
6 0.914663 0.590361 0.0360577 0.053012
6 0.603365 0.448193 0.0240385 0.0240964
6 0.616587 0.492771 0.03125 0.0457831
7 0.103365 0.324096 0.0673077 0.0843373
7 0.197115 0.348193 0.0576923 0.0650602
7 0.308894 0.368675 0.0745192 0.0771084
7 0.44351 0.348193 0.0552885 0.0698795
7 0.507212 0.346988 0.0673077 0.086747
7 0.5625 0.33253 0.0432692 0.0433735
7 0.710337 0.360241 0.0600962 0.0795181
7 0.643029 0.368675 0.0504808 0.0481928
7 0.86899 0.386747 0.0649038 0.0843373
9 0.109375 0.421687 0.117788 0.13494
9 0.205529 0.424096 0.0649038 0.101205
9 0.316106 0.477108 0.112981 0.149398
9 0.50601 0.46988 0.112981 0.173494
9 0.427885 0.444578 0.0384615 0.13253
9 0.699519 0.449398 0.105769 0.118072
9 0.864183 0.487952 0.112981 0.122892
11 0.114183 0.519277 0.112981 0.320482
11 0.311298 0.546988 0.122596 0.274699
11 0.503606 0.559036 0.122596 0.327711
11 0.699519 0.53494 0.0961538 0.298795
11 0.854567 0.586747 0.103365 0.320482
