6 0.514423 0.106971 0.139423 0.189904
6 0.322115 0.198317 0.168269 0.185096
6 0.0685096 0.198317 0.137019 0.180288
3 0.509615 0.140625 0.0817308 0.0504808
3 0.34976 0.206731 0.0793269 0.0432692
4 0.34976 0.352163 0.103365 0.108173
4 0.0396635 0.353365 0.0793269 0.115385
4 0.626202 0.328125 0.0745192 0.0793269
4 0.97476 0.324519 0.0504808 0.0961538
0 0.742788 0.546875 0.134615 0.151442
0 0.871394 0.543269 0.132212 0.149038
0 0.508413 0.661058 0.15625 0.158654
9 0.330529 0.423077 0.213942 0.274038
9 0.0817308 0.414663 0.153846 0.266827
9 0.623798 0.254808 0.286058 0.168269
11 0.342548 0.639423 0.247596 0.711538
