8 0.497596 0.391827 0.0673077 0.0961538
8 0.576923 0.365385 0.0625 0.0961538
8 0.621394 0.323317 0.09375 0.103365
8 0.737981 0.322115 0.0817308 0.120192
2 0.734375 0.335337 0.0649038 0.0408654
2 0.604567 0.325721 0.0504808 0.03125
3 0.502404 0.394231 0.0480769 0.0288462
5 0.78125 0.600962 0.0432692 0.0432692
5 0.578125 0.44351 0.0408654 0.0408654
5 0.534856 0.520433 0.0456731 0.03125
5 0.532452 0.478365 0.0264423 0.0384615
5 0.49399 0.423077 0.0408654 0.0288462
9 0.484375 0.508413 0.0697115 0.165865
9 0.637019 0.47476 0.105769 0.209135
9 0.747596 0.483173 0.0961538 0.211538
11 0.75601 0.580529 0.117788 0.420673
11 0.629808 0.567308 0.110577 0.389423
11 0.486779 0.581731 0.0841346 0.326923
