4 0.47476 0.763221 0.0456731 0.0504808
6 0.514423 0.385817 0.0288462 0.0360577
6 0.378606 0.371394 0.0264423 0.0264423
11 0.564904 0.372596 0.0721154 0.177885
9 0.405048 0.394231 0.0504808 0.0528846
6 0.628606 0.385817 0.0360577 0.0408654
9 0.564904 0.34375 0.0721154 0.115385
6 0.30649 0.427885 0.0649038 0.0865385
9 0.393029 0.503606 0.15625 0.151442
9 0.665865 0.414663 0.0721154 0.0649038
9 0.665865 0.614183 0.240385 0.204327
6 0.594952 0.280048 0.0456731 0.0552885
6 0.530048 0.520433 0.108173 0.117788
5 0.284856 0.518029 0.0216346 0.0216346
5 0.292067 0.536058 0.0264423 0.0240385
0 0.38101 0.635817 0.0793269 0.0504808
