6 0.491566 0.460337 0.0963855 0.112981
6 0.73012 0.126202 0.0915663 0.127404
6 0.936145 0.125 0.0939759 0.120192
3 0.471084 0.477163 0.0409639 0.03125
3 0.720482 0.137019 0.0481928 0.0240385
3 0.955422 0.143029 0.0409639 0.0360577
4 0.920482 0.411058 0.0578313 0.0625
4 0.745783 0.409856 0.0554217 0.0600962
4 0.43494 0.622596 0.0650602 0.0432692
4 0.368675 0.644231 0.0433735 0.0240385
9 0.763855 0.259615 0.101205 0.144231
9 0.90241 0.248798 0.103614 0.170673
10 0.761446 0.347356 0.110843 0.310096
10 0.9 0.326923 0.118072 0.326923
9 0.510843 0.558894 0.110843 0.0600962
