0 0.40024 0.8 0.0793269 0.0578313
0 0.31851 0.821687 0.0552885 0.0578313
0 0.490385 0.783133 0.0673077 0.0626506
0 0.570913 0.791566 0.0600962 0.0650602
2 0.715144 0.349398 0.0697115 0.053012
2 0.569712 0.36506 0.0576923 0.0409639
3 0.274038 0.290361 0.0528846 0.0409639
3 0.924279 0.386747 0.0697115 0.0313253
5 0.320913 0.448193 0.0600962 0.0481928
5 0.340144 0.510843 0.0697115 0.0481928
5 0.639423 0.842169 0.0721154 0.0795181
6 0.25 0.280723 0.115385 0.151807
6 0.405048 0.33012 0.0841346 0.115663
6 0.579327 0.355422 0.0865385 0.108434
6 0.771635 0.354217 0.182692 0.19759
6 0.915865 0.380723 0.110577 0.125301
9 0.206731 0.466265 0.163462 0.248193
9 0.379808 0.478313 0.115385 0.204819
9 0.560096 0.485542 0.125 0.161446
9 0.729567 0.607229 0.194712 0.260241
11 0.18149 0.63494 0.141827 0.585542
11 0.382212 0.568675 0.110577 0.380723
11 0.550481 0.580723 0.120192 0.346988
