0 0.579327 0.686298 0.0528846 0.0264423
0 0.676683 0.691106 0.0552885 0.0264423
0 0.734375 0.670673 0.0360577 0.0625
0 0.21875 0.75601 0.0625 0.0264423
0 0.152644 0.776442 0.0456731 0.0288462
0 0.140625 0.798077 0.0456731 0.0240385
0 0.271635 0.706731 0.0576923 0.0288462
0 0.233173 0.713942 0.0288462 0.0240385
1 0.387019 0.707933 0.0576923 0.03125
1 0.347356 0.697115 0.0408654 0.0240385
3 0.110577 0.394231 0.0384615 0.0240385
3 0.3125 0.411058 0.0288462 0.0240385
3 0.395433 0.423077 0.0264423 0.0240385
3 0.600962 0.425481 0.0240385 0.0240385
2 0.683894 0.40625 0.03125 0.0240385
2 0.186298 0.399038 0.0360577 0.0240385
5 0.0889423 0.652644 0.0432692 0.0552885
5 0.236779 0.604567 0.0264423 0.0456731
5 0.384615 0.563702 0.0240385 0.0408654
5 0.272837 0.528846 0.0360577 0.0288462
5 0.634615 0.50601 0.0384615 0.0360577
5 0.75601 0.546875 0.0264423 0.0408654
9 0.701923 0.465144 0.0769231 0.0985577
9 0.576923 0.487981 0.0817308 0.105769
9 0.360577 0.489183 0.0673077 0.0985577
9 0.213942 0.510817 0.0865385 0.137019
9 0.0829327 0.52524 0.0985577 0.165865
9 0.298077 0.483173 0.0673077 0.105769
6 0.165865 0.388221 0.0769231 0.0889423
6 0.246394 0.40625 0.0745192 0.0673077
6 0.382212 0.413462 0.0673077 0.0673077
7 0.58774 0.425481 0.0552885 0.0480769
7 0.694712 0.396635 0.0673077 0.0673077
11 0.0805288 0.66226 0.09375 0.415865
11 0.36899 0.551683 0.0793269 0.213942
11 0.230769 0.573317 0.105769 0.247596
11 0.703125 0.540865 0.0985577 0.235577
11 0.569712 0.552885 0.0721154 0.206731
