6 0.378606 0.368675 0.132212 0.159036
6 0.477163 0.391566 0.0745192 0.108434
6 0.629808 0.350602 0.125 0.156627
3 0.382212 0.401205 0.0769231 0.0409639
3 0.47476 0.39759 0.0504808 0.0240964
3 0.615385 0.375904 0.0576923 0.0433735
4 0.436298 0.578313 0.0552885 0.0578313
4 0.503606 0.537349 0.0504808 0.053012
4 0.564904 0.550602 0.0432692 0.060241
4 0.597356 0.581928 0.0552885 0.0554217
9 0.371394 0.531325 0.132212 0.2
9 0.680288 0.512048 0.125 0.219277
10 0.353365 0.616867 0.177885 0.375904
10 0.676683 0.580723 0.180288 0.385542
