6 0.625 0.427711 0.0576923 0.0698795
6 0.580529 0.573494 0.0552885 0.0722892
6 0.330529 0.53012 0.0456731 0.053012
6 0.325721 0.439759 0.0504808 0.0457831
6 0.159856 0.372289 0.0408654 0.0506024
6 0.147837 0.501205 0.0456731 0.053012
0 0.59976 0.762651 0.0552885 0.0313253
0 0.597356 0.893976 0.0600962 0.0385542
0 0.366587 0.710843 0.03125 0.0385542
0 0.21875 0.693976 0.0336538 0.0289157
0 0.170673 0.685542 0.0384615 0.0313253
0 0.116587 0.686747 0.0456731 0.0385542
0 0.290865 0.710843 0.0336538 0.0289157
0 0.365385 0.927711 0.0432692 0.0240964
0 0.286058 0.93494 0.0288462 0.0481928
0 0.219952 0.954217 0.0264423 0.0337349
0 0.120192 0.963855 0.0336538 0.0337349
9 0.149038 0.580723 0.0673077 0.110843
9 0.320913 0.607229 0.0697115 0.13494
9 0.311298 0.498795 0.0793269 0.0963855
9 0.610577 0.666265 0.0673077 0.122892
9 0.626202 0.518072 0.0552885 0.125301
9 0.609375 0.960241 0.0649038 0.0795181
9 0.0637019 0.587952 0.0697115 0.101205
