7 0.668675 0.364183 0.0987952 0.103365
7 0.771084 0.373798 0.0674699 0.0889423
7 0.973494 0.378606 0.053012 0.0889423
7 0.348193 0.328125 0.0843373 0.103365
7 0.403614 0.371394 0.0506024 0.0649038
7 0.253012 0.376202 0.0771084 0.0889423
0 0.622892 0.91226 0.103614 0.0649038
0 0.357831 0.854567 0.0843373 0.0504808
0 0.242169 0.78125 0.0506024 0.0673077
0 0.726506 0.883413 0.0457831 0.0649038
9 0.678313 0.520433 0.13253 0.237981
9 0.809639 0.491587 0.0915663 0.180288
9 0.953012 0.515625 0.0891566 0.185096
9 0.342169 0.479567 0.125301 0.21875
9 0.240964 0.50601 0.0963855 0.185096
9 0.0301205 0.516827 0.0506024 0.197115
11 0.678313 0.629808 0.13253 0.461538
11 0.349398 0.597356 0.101205 0.454327
11 0.238554 0.576923 0.086747 0.331731
