2 0.0204327 0.382212 0.0360577 0.0288462
3 0.375 0.373798 0.0336538 0.0360577
3 0.507212 0.40024 0.0384615 0.0168269
7 0.0192308 0.376202 0.0384615 0.146635
9 0.518029 0.527644 0.165865 0.189904
9 0.0432692 0.564904 0.0865385 0.240385
0 0.59976 0.6875 0.0456731 0.0288462
5 0.0961538 0.597356 0.0336538 0.0456731
11 0.526442 0.640625 0.168269 0.425481
5 0.433894 0.534856 0.0408654 0.0456731
7 0.497596 0.399038 0.0721154 0.0769231
9 0.88101 0.546875 0.21875 0.242788
11 0.0420673 0.663462 0.0841346 0.4375
9 0.336538 0.548077 0.144231 0.259615
7 0.883413 0.371394 0.0985577 0.0985577
7 0.354567 0.370192 0.0889423 0.0961538
11 0.875 0.617788 0.221154 0.379808
11 0.341346 0.638221 0.158654 0.439904
5 0.615385 0.373798 0.0384615 0.0360577
7 0.5625 0.396635 0.0384615 0.0288462
