6 0.567308 0.584337 0.0336538 0.0554217
6 0.59375 0.592771 0.0288462 0.0433735
6 0.503606 0.583133 0.0360577 0.0433735
6 0.435096 0.561446 0.0432692 0.0578313
6 0.459135 0.584337 0.0240385 0.0457831
6 0.271635 0.561446 0.0480769 0.0578313
6 0.157452 0.586747 0.0552885 0.0506024
6 0.0925481 0.616867 0.0408654 0.0385542
6 0.0384615 0.613253 0.0240385 0.026506
5 0.164663 0.683133 0.03125 0.0506024
5 0.230769 0.679518 0.0240385 0.0578313
5 0.103365 0.673494 0.0240385 0.0457831
5 0.55649 0.680723 0.0408654 0.0650602
5 0.528846 0.626506 0.0288462 0.0337349
9 0.425481 0.622892 0.0576923 0.0843373
9 0.504808 0.638554 0.0528846 0.0578313
9 0.264423 0.63012 0.0721154 0.0987952
0 0.277644 0.838554 0.0504808 0.0385542
0 0.382212 0.828916 0.0432692 0.0385542
0 0.485577 0.808434 0.0480769 0.0313253
0 0.483173 0.912048 0.0432692 0.026506
0 0.383413 0.891566 0.03125 0.0385542
0 0.27524 0.878313 0.0552885 0.0361446
11 0.425481 0.706024 0.0625 0.207229
11 0.502404 0.683133 0.0625 0.171084
11 0.259615 0.704819 0.0625 0.214458
