3 0.28125 0.375904 0.0480769 0.0240964
7 0.260817 0.377108 0.0985577 0.151807
5 0.948317 0.959036 0.103365 0.0674699
5 0.283654 0.615663 0.0721154 0.060241
3 0.891827 0.407229 0.0817308 0.0240964
5 0.846154 0.654217 0.0913462 0.0698795
11 0.862981 0.695181 0.269231 0.426506
3 0.176683 0.343374 0.0697115 0.026506
9 0.865385 0.625301 0.269231 0.281928
5 0.935096 0.704819 0.0769231 0.0746988
6 0.90625 0.39759 0.158654 0.183133
9 0.125 0.591566 0.245192 0.306024
6 0.157452 0.344578 0.161058 0.187952
11 0.126202 0.655422 0.252404 0.428916
3 0.241587 0.404819 0.108173 0.0771084
